Locus	chromosome	fst	c_pos
15791	PCodG	0.0193	141695
12205	PCodG	-0.004	144969
15232	PCodG	0.006	1020445
13670	PCodG	-0.0018	1022687
3096	PCodG	0.1639	1380478
16742	PCodG	0	1741024
23271	PCodG	0.0878	2020904
5208	PCodG	-0.0028	2044448
13090	PCodG	0.0422	2507110
14344	PCodG	0.0249	2557271
3917	PCodG	0.0046	2734304
24936	PCodG	0.0157	2977826
25135	PCodG	0.038	3189475
14379	PCodG	0.0115	3282792
13486	PCodG	-0.0053	3357702
9350	PCodG	0.0224	3570289
8336	PCodG	0.0564	3590892
1617	PCodG	0.0091	3728784
21801	PCodG	0.0535	3842286
15543	PCodG	-0.0052	3923225
19183	PCodG	-0.0044	4056640
18328	PCodG	-0.0012	4337363
22648	PCodG	0.0368	4342933
1773	PCodG	-0.002	4343021
20195	PCodG	0.1085	4436797
6409	PCodG	-0.0039	4436885
18309	PCodG	-0.0014	4438940
24083	PCodG	0.028	4439028
13162	PCodG	0.0645	4650983
11437	PCodG	0.0337	4662599
19437	PCodG	0.0775	4662687
16955	PCodG	0.0502	4680553
14814	PCodG	0.013	4757332
5894	PCodG	-0.002	5179409
14329	PCodG	-0.0046	5404659
13937	PCodG	-3.00E-04	5901020
14234	PCodG	0.0846	5909093
11400	PCodG	0.2572	5957030
24153	PCodG	0.0182	5987265
8445	PCodG	-0.0046	6120990
4739	PCodG	0.0555	6163089
24874	PCodG	-0.0043	6163947
16209	PCodG	0.0229	6164035
15217	PCodG	-0.0053	6363572
13020	PCodG	0.2883	6378884
20794	PCodG	0.0415	6675702
22437	PCodG	-0.0017	6834192
17825	PCodG	-8.00E-04	6887258
15240	PCodG	0.0026	7286931
15269	PCodG	0.0391	7489971
8242	PCodG	0.0094	7621451
10366	PCodG	0.0358	7718267
3843	PCodG	0.1422	7799052
24178	PCodG	0.0221	7923832
12771	PCodG	0.0248	7923920
9801	PCodG	0.1829	8078099
1190	PCodG	-0.0014	8092422
20559	PCodG	0.0518	8160450
13142	PCodG	0.0399	8383158
4132	PCodG	0.016	8475035
8218	PCodG	-0.0056	8477564
23556	PCodG	-0.0063	8703318
1094	PCodG	0.0136	8989975
15675	PCodG	0.2322	8990063
5482	PCodG	6.00E-04	9010262
7545	PCodG	0.1019	9399694
1713	PCodG	0.0065	9493971
23449	PCodG	-0.0044	9519370
1393	PCodG	0.0494	9598261
8312	PCodG	-0.0058	9665796
17660	PCodG	0.1776	9866994
9645	PCodG	0.0605	10419488
2455	PCodG	0.0243	10925525
8789	PCodG	-0.0054	11152405
11140	PCodG	-0.0071	11291570
5753	PCodG	0.0818	11309141
9596	PCodG	0.0266	11383360
17561	PCodG	0.0023	11481567
23584	PCodG	-0.0052	11497482
22978	PCodG	2.00E-04	11703390
1602	PCodG	0.1611	11804307
2780	PCodG	0.3479	11869646
13506	PCodG	0.0054	12222620
24673	PCodG	0.0036	12331744
21844	PCodG	-0.0047	12649886
21720	PCodG	0.0085	12649886
9825	PCodG	0.0117	12866887
9456	PCodG	0.0175	12895039
17342	PCodG	-0.0061	13165795
13276	PCodG	-0.0019	13203369
7855	PCodG	-0.0039	13272763
1176	PCodG	0.0277	13275503
23055	PCodG	0.0053	13348517
17074	PCodG	-0.0069	13460605
19716	PCodG	0.1045	13543599
15548	PCodG	0.1498	13549939
7573	PCodG	0.059	13566886
253	PCodG	-0.0055	13663746
11711	PCodG	-0.0066	14052789
24779	PCodG	0.2302	14182553
16291	PCodG	0.0295	14215233
14720	PCodG	0.0828	14360204
22931	PCodG	6.00E-04	14391336
20245	PCodG	0.0178	14915282
8568	PCodG	0.0118	14990824
6220	PCodG	0.0833	15305774
5584	PCodG	0.0074	15478086
16036	PCodG	0.0072	15698538
5925	PCodG	-0.0031	15884506
12756	PCodG	-0.0058	15941922
20222	PCodG	-0.001	15949701
16522	PCodG	0.0015	16029166
6077	PCodG	0.0059	16099585
15053	PCodG	0.0318	16100804
765	PCodG	0.1457	16350985
21518	PCodG	0.3148	16668458
2990	PCodG	0.0452	17231504
24372	PCodG	-0.0049	17254201
6225	PCodG	-0.005	17343059
23717	PCodG	0.1294	17410032
16441	PCodG	-0.003	17478244
3473	PCodG	0.0101	17544233
7823	PCodG	-0.0062	17686137
15708	PCodG	0.0064	17762848
23879	PCodG	0.0102	17874079
3794	PCodG	-0.0033	17891914
13135	PCodG	0.0385	17894333
4365	PCodG	-0.0037	18164746
22376	PCodG	0.0614	18270121
10477	PCodG	0.0744	18299147
18099	PCodG	0.0399	18634387
8649	PCodG	0.0162	18885301
6218	PCodG	0.053	18938963
7173	PCodG	-0.0054	18990205
4301	PCodG	-0.0045	18990497
20154	PCodG	0.049	19065023
1275	PCodG	0.0998	19119404
12082	PCodG	0.0282	19122718
6687	PCodG	0.0335	19131955
25090	PCodG	0.0429	19484176
17462	PCodG	0.0076	19558080
4103	PCodG	0.0283	19759592
20926	PCodG	0.0018	19851693
9000	PCodG	-0.0049	20164805
17329	PCodG	0.0016	20190450
1730	PCodG	0.0137	20219379
15393	PCodG	0.0625	20244563
16989	PCodG	-0.0047	20244651
3223	PCodG	0.0681	21052003
18566	PCodG	0.0836	21078734
21583	PCodG	0.0196	21139714
24866	PCodG	0.0121	21344701
19900	PCodG	0.0594	21474610
10039	PCodG	0.0178	21639498
7286	PCodG	-0.0065	21876491
10399	PCodG	0.0017	22235777
12877	PCodG	-0.006	22265414
16033	PCodG	0.0242	22274751
1037	PCodG	0.0419	22314645
9965	PCodG	0.0195	22419167
18308	PCodG	0.0226	22419255
23529	PCodG	0.0479	22426003
7275	PCodG	0.0292	22595118
24934	PCodG	0.0182	22930946
11054	PCodG	0.017	22931034
2866	PCodG	0.0042	23087036
25204	PCodG	0.053	23131382
9277	PCodG	0.0109	23131469
5569	PCodG	0.1532	23205145
13275	PCodG	0.0571	23209262
9894	PCodG	0.1218	23601228
22373	PCodG	0.0215	23816773
4003	PCodG	0.0615	24038892
17121	PCodG	0.1319	24067024
11504	PCodG	0.007	24263046
3776	PCodG	0.0952	24455925
19526	PCodG	0.0425	24606463
4909	PCodG	0.0489	24794728
11479	PCodG	0.2181	24916735
9421	PCodG	0.0256	24972595
19996	PCodG	-0.0054	25476068
8948	PCodG	-0.0033	25476939
9870	PCodG	0.0044	25537657
19340	PCodG	-0.0024	25547121
7341	PCodG	-0.0019	25623962
16833	PCodG	0.0178	25695043
13766	PCodG	0.0409	26270788
126	PCodG	0.0266	26277273
2672	PCodG	0.072	26278837
9996	PCodG	-0.0063	26278925
23915	PCodG	0.0145	26446274
6410	PCodG	0.0324	26825592
15925	PCodG	0.0305	26825871
1059	PCodG	-0.0037	27624343
2973	PCodG	0.097	27732633
3630	PCodG	-0.006	28032467
2966	PCodG	0.2003	28089763
13923	PCodG	-0.0022	28259281
9530	PCodG	0.0382	28790718
9673	PCodG	0.047	28853264
5748	PCodG	0.0268	28862944
12161	PCodG	-0.006	29008908
22330	PCodG	-0.0037	29763729
2227	PCodG	0.0108	30056977
12720	PCodG	0.034	30057065
23643	PCodG	0.0435	30482401
12652	PCodG	0.0234	30500667
24808	PCodG	-0.0059	31166431
8450	PCodG	1.00E-04	31238335
14890	PCodG	0.0184	31372751
19616	PCodG	0.0027	31438768
5650	PCodG	0.0109	31988352
20570	PCodG	0.0064	32152093
11304	PCodG	0.0039	32416693
14293	PCodG	0.0071	32533454
17606	PCodG	-0.0056	32828401
23345	PCodG	0.0012	32837007
10191	PCodG	0.0046	33338755
13038	PCodG	-0.0062	33446058
18002	PCodG	0.0763	33779354
16683	PCodG	0.0127	33806095
15713	PCodG	-0.0012	33861253
13249	PCodG	0.0446	33861341
20284	PCodG	0.0844	33929061
21377	PCodG	0.0178	34114668
8277	PCodG	0.039	34251537
9741	PCodG	0.0394	34284208
803	PCodG	0.0071	34319072
19750	PCodG	0.0171	34870937
19094	PCodG	0.0292	34923103
6195	PCodG	-0.0055	34926612
11378	PCodG	0.0059	35961581
20552	PCodG	0.3488	36008685
6709	PCodG	0.0037	36622767
6275	PCodG	-0.0054	36727667
6441	PCodG	-0.0045	36871081
10012	PCodG	-6.00E-04	36871167
14655	PCodG	-0.0045	36910536
21296	PCodG	-0.003	37204023
7390	PCodG	-0.0061	37297323
24148	PCodG	0.0828	38206256
12065	PCodG	0.0169	38216603
15557	PCodG	0.0178	38216691
3016	PCodG	-0.004	38599675
17073	PCodG	0.0231	38669108
23838	PCodG	0.044	39343894
19045	PCodG	0.0355	39405439
10878	PCodG	-4.00E-04	39437753
2332	PCodG	-0.0065	39448770
20452	PCodG	-0.0032	39675630
19126	PCodG	0.0215	39707118
6887	PCodG	0.0376	39770106
8305	PCodG	0.0026	39979944
8547	PCodG	0.0825	40170531
15735	PCodG	0.0036	40211573
3623	PCodG	0.0014	40328183
17332	PCodG	0.0051	40604409
3116	PCodG	0.2038	40730063
17016	PCodG	0.0237	40968526
2196	PCodG	0.0873	42004029
25143	PCodG	0.0349	42405482
3172	PCodG	-0.0014	42734192
4836	PCodG	-0.0056	43238925
6156	PCodG	-6.00E-04	43341403
12194	PCodG	-0.0015	43867771
2110	PCodG	-0.0019	44018688
5196	PCodG	-0.0047	44551268
18780	PCodG	-0.0043	44551356
695	PCodG	0.0689	45124187
15109	PCodG	0.0911	45223269
3791	PCodG	0.1614	45230059
246	PCodG	0.0047	45390677
11273	PCodG	0.0313	46276157
12434	PCodG	9.00E-04	46322076
23203	PCodG	0.1176	46435793
8045	PCodG	-0.0042	46751611
21277	PCodG	0.1602	46902590
23624	PCodG	-0.0017	47304953
1906	PCodG	0.0139	47313540
22340	PCodG	0.0074	47386533
23112	PCodG	0.0502	47482291
20572	PCodG	2.00E-04	47529951
17985	PCodG	9.00E-04	47543390
22508	PCodG	-0.0054	47613403
8778	PCodG	-0.0065	47679767
17391	PCodG	0.0079	47728420
111	PCodG	-0.0041	47828499
22131	PCodG	0.0721	48021360
7610	PCodG	-0.006	48150550
4689	PCodG	-0.0048	48297403
16872	PCodG	0.0209	48310909
19598	PCodG	0.1359	48352730
18524	PCodG	0.0341	48770859
14635	PCodG	-7.00E-04	48854482
2733	PCodG	0.0891	48890627
17118	PCodG	-0.0011	49015878
16277	PCodG	0.0387	49361457
10577	PCodG	0.0011	49444636
17040	PCodG	-0.0028	49568964
10806	PCodG	-0.0049	50129130
10304	PCodG	-0.0067	50129218
13321	PCodG	-6.00E-04	50132516
5851	PCodG	0.007	50225639
10227	PCodG	-0.0075	50225727
21078	PCodG	0.0569	50333435
10374	PCodG	0.0091	50393364
18887	PCodG	0.0113	50826346
11413	PCodG	0.0098	50847737
8704	PCodG	0.0026	50901523
23617	PCodG	-0.0059	50930227
7806	PCodG	0.0911	50990691
12145	PCodG	-0.0033	51141507
22707	PCodG	0.0219	51449252
1855	PCodG	-0.0033	51574585
166	PCodG	-0.0022	51574673
3828	PCodG	-0.0067	51667643
20586	PCodG	-0.006	52036983
24985	PCodG	0.0024	52227958
4832	PCodG	0.0124	52883720
12892	PCodG	0.0052	53072430
2646	PCodG	0.0096	53085367
24288	PCodG	-0.005	53146463
11905	PCodG	0.1207	53328463
3879	PCodG	0.0059	53664552
7509	PCodG	0.065	54259634
25446	PCodG	-0.0065	54760093
5924	PCodG	-0.005	54840163
6147	PCodG	-0.0068	55117628
23508	PCodG	0.0624	55117716
11166	PCodG	0.1102	55175864
6971	PCodG	0.1882	55175952
25516	PCodG	-0.0072	55495259
5079	PCodG	0.0385	55799321
8316	PCodG	-0.0056	56836312
7117	PCodG	-0.0066	57431011
12641	PCodG	1.00E-04	57696243
13796	PCodG	-0.0014	57737881
19441	PCodG	0.0032	57842704
13850	PCodG	0.0497	57908106
5688	PCodG	-0.0064	59055947
20898	PCodG	0.0982	59080131
23215	PCodG	0.1258	59287293
10350	PCodG	-0.0057	59426781
1287	PCodG	0.1042	59440012
7327	PCodG	0.0899	59558520
19081	PCodG	0.077	59596520
15965	PCodG	0.0204	59596638
21613	PCodG	0.0066	59633612
16360	PCodG	0.0528	59732388
6657	PCodG	0.0767	59987026
15903	PCodG	0.1184	60013971
15150	PCodG	0.0812	60027639
14032	PCodG	0.0372	60252255
4002	PCodG	0.0079	60412031
16706	PCodG	0.1045	60412119
8205	PCodG	-0.0053	60466406
23863	PCodG	0.0286	60482338
22694	PCodG	0.108	60781000
6431	PCodG	0.0773	60781087
7975	PCodG	0.0263	60961488
2647	PCodG	0.0345	60961576
2371	PCodG	-0.0053	61120289
24348	PCodG	0.0143	61409151
4453	PCodG	0.0171	62131799
22679	PCodG	-0.0064	62534886
11569	PCodG	0.112	62679456
24370	PCodG	-0.0054	62710544
19425	PCodG	0.1112	63126045
10860	PCodG	0.0641	63126133
7485	PCodG	-0.0064	63190388
4905	PCodG	0.0698	63370235
3799	PCodG	0.0172	63502301
17132	PCodG	-0.0046	63621990
10685	PCodG	-0.0029	63648322
8375	PCodG	0.0068	63953113
23475	PCodG	0.0993	64041312
4392	PCodG	0.0147	64191278
11290	PCodG	-0.0048	64427120
4815	PCodG	-0.0029	64647326
21185	PCodG	0.017	64684627
5902	PCodG	0.0179	65194362
3312	PCodG	-0.002	65428276
4010	PCodG	0.0359	66120225
14070	PCodG	-0.0011	66203762
7715	PCodG	-0.006	66407414
7322	PCodG	-0.0013	66936000
6883	PCodG	-0.004	67188301
17134	PCodG	0.04	67212387
169	PCodG	0.017	67689119
18438	PCodG	0.0544	67715935
22800	PCodG	0.0454	67746539
12190	PCodG	0.0932	67764817
20715	PCodG	-0.0046	68665286
1845	PCodG	0.0778	68703455
24600	PCodG	-0.0066	69232850
13769	PCodG	2.00E-04	69306231
13583	PCodG	0.0054	69797727
23544	PCodG	0.0171	70133287
21046	PCodG	0.0198	70391450
5524	PCodG	0.0279	70391538
3750	PCodG	-0.0072	70488909
21244	PCodG	0.287	70760397
12657	PCodG	0.0026	71483814
206	PCodG	-0.0047	71497063
9043	PCodG	-0.0061	71835356
10413	PCodG	0.0076	71995364
19255	PCodG	-0.0044	72195581
13291	PCodG	-0.003	72195669
3853	PCodG	0.0048	72275022
24082	PCodG	0.0392	72514211
3761	PCodG	0.0063	72664727
15069	PCodG	0.0811	72670014
21327	PCodG	0.0909	72721500
1451	PCodG	-0.0046	72784157
1995	PCodG	0.0267	72791757
1957	PCodG	-1.00E-04	72881471
2995	PCodG	0.023	72940657
8572	PCodG	0.0568	73035377
101	PCodG	0.043	73044117
7164	PCodG	0.0392	73051633
19592	PCodG	-0.0033	73158721
13063	PCodG	0.0016	73393028
25164	PCodG	0.0344	73851667
12881	PCodG	0.0201	74466571
6768	PCodG	0.0076	74471922
9864	PCodG	0.0167	74900169
9853	PCodG	0.0073	75093330
14972	PCodG	0.0633	75562879
6429	PCodG	-0.0048	75571808
18535	PCodG	-0.0066	75731976
15442	PCodG	-0.0055	75804933
23706	PCodG	0.0406	75824372
6993	PCodG	0.1095	76159540
3885	PCodG	0.0472	76163115
12623	PCodG	0.1791	76219238
24194	PCodG	-0.005	76285323
4025	PCodG	0.0059	76582236
25450	PCodG	0.0711	76663888
1193	PCodG	-0.001	76901797
9704	PCodG	0.0541	77035950
23000	PCodG	4.00E-04	77090809
17454	PCodG	0.07	77090897
2148	PCodG	0.1325	77175157
15677	PCodG	0.0705	77207998
19329	PCodG	0.0257	77313653
19881	PCodG	0.0344	77316865
22895	PCodG	0.0305	77346813
19275	PCodG	-0.006	77601042
2977	PCodG	-0.0062	77601130
20490	PCodG	0.0222	78026782
11162	PCodG	0.0017	78061694
189	PCodG	-0.0061	78076457
12087	PCodG	0.0024	78312630
23029	PCodG	-0.0049	78851643
5804	PCodG	0.0233	79434369
24772	PCodG	0.0945	79470200
18415	PCodG	-7.00E-04	79499613
16179	PCodG	0.0172	79625035
4747	PCodG	0.0177	79826111
440	PCodG	0.0371	79826199
1218	PCodG	-0.0042	80005771
4863	PCodG	0.0098	80196249
18994	PCodG	0.0789	80209048
10222	PCodG	0	80300263
14459	PCodG	0.0166	80426079
20148	PCodG	0.0063	80480560
2446	PCodG	-0.0062	81376804
5413	PCodG	0.0671	81429508
19975	PCodG	-0.0015	81507393
15927	PCodG	0.0136	81642234
2621	PCodG	-0.0038	82188375
1091	PCodG	-0.0028	82797056
17311	PCodG	0.0321	82825285
9681	PCodG	0.0353	83008976
7074	PCodG	0.1271	83128244
221	PCodG	0.0333	83128332
9776	PCodG	-0.0067	83656218
7081	PCodG	0.0057	84366846
9840	PCodG	0.0103	85600581
12334	PCodG	0.0096	85635342
4557	PCodG	-0.0055	85635430
9850	PCodG	-0.0035	86033355
16944	PCodG	0.0798	86567820
6567	PCodG	0.1102	87423952
5754	PCodG	-0.0013	87491653
16053	PCodG	-0.0054	88354380
11627	PCodG	-9.00E-04	88380435
4582	PCodG	0.0815	88380523
6609	PCodG	-0.0072	88600450
21738	PCodG	0.0296	89472880
21624	PCodG	-0.0051	90345632
16046	PCodG	0.0206	90709047
10906	PCodG	-0.0047	91127813
5824	PCodG	-0.0056	91644676
17533	PCodG	0.0134	91808584
23371	PCodG	0.0066	92408734
21339	PCodG	0.0395	92594974
7000	PCodG	0.093	92818603
22863	PCodG	0.1384	92842851
6995	PCodG	0.0613	92936754
220	PCodG	0.0081	95418502
2334	PCodG	0.0613	95600552
1638	PCodG	-0.0067	95816909
1138	PCodG	0.0085	95867959
16474	PCodG	-0.0016	96577147
9992	PCodG	-0.0071	96669812
9714	PCodG	0.0195	97047641
12768	PCodG	0.1179	97142936
12570	PCodG	0.0171	97272066
19718	PCodG	-0.003	97595476
22434	PCodG	-0.0029	97612512
20057	PCodG	0.0509	97612600
21419	PCodG	-0.006	97658455
12952	PCodG	0.1652	97745199
20735	PCodG	0.0268	98611031
1122	PCodG	-8.00E-04	98648013
20255	PCodG	0.0118	98901952
8724	PCodG	0.0035	98928448
15910	PCodG	0.0171	98998508
22705	PCodG	0.0697	99238876
6182	PCodG	0.006	99411275
23845	PCodG	0.0065	99481369
19756	PCodG	-0.006	99499257
16800	PCodG	4.00E-04	99522397
17357	PCodG	0.0287	99992077
2176	PCodG	0.0309	100215587
6519	PCodG	-0.006	100408159
12515	PCodG	0.0358	100421533
16620	PCodG	0.1179	100425498
8018	PCodG	0.0118	100468718
12331	PCodG	-1.00E-04	100764215
24080	PCodG	0.0223	101110255
19761	PCodG	0.0593	101128825
11725	PCodG	-0.0065	101420982
25334	PCodG	0.0107	101459866
25372	PCodG	0.0458	101463908
23191	PCodG	-0.005	101535067
10136	PCodG	0.0139	101545847
4045	PCodG	0.0561	101617829
9898	PCodG	-0.002	101932151
164	PCodG	0.1096	102082801
7142	PCodG	-0.002	102438146
17312	PCodG	0.0227	103328261
7962	PCodG	5.00E-04	103820049
12982	PCodG	-0.0057	103855693
10585	PCodG	0.0491	104060332
23795	PCodG	-0.0073	104221534
20413	PCodG	-0.0037	104283780
4373	PCodG	-0.0059	104752961
6522	PCodG	0.0794	104869732
4230	PCodG	0.0405	105199299
11736	PCodG	0.1865	105203321
8499	PCodG	0.2254	105204238
3694	PCodG	0.004	105345446
2033	PCodG	-0.0055	106181564
4133	PCodG	0.2397	106676298
2154	PCodG	0.0486	106777765
20574	PCodG	-0.004	106813910
8590	PCodG	0.037	106859211
12352	PCodG	0.0296	107063160
1499	PCodG	-0.0051	107161574
23840	PCodG	0.0336	107269170
13845	PCodG	0.0082	107372165
4777	PCodG	0.0263	107435170
20158	PCodG	0.0992	107521843
7139	PCodG	0.0366	108188660
18193	PCodG	0.017	108274779
23999	PCodG	0.0085	108480101
11896	PCodG	-0.003	108502912
17909	PCodG	-0.0063	109209926
5171	PCodG	0.0231	109367066
7643	PCodG	0.0106	109543312
20561	PCodG	0.0422	109845661
22104	PCodG	0.0142	110077962
9878	PCodG	0.0319	110464678
15456	PCodG	0.0167	110483857
4126	PCodG	-0.0056	110634966
21625	PCodG	-0.0028	111138553
16190	PCodG	-0.0063	111204458
4998	PCodG	0.0231	111642589
6956	PCodG	0.1526	111696807
10713	PCodG	-0.0051	112365404
23705	PCodG	-0.0031	112387763
4898	PCodG	0.0107	112387851
9316	PCodG	0.0176	112538888
10495	PCodG	0.0063	112661138
10022	PCodG	-0.0029	112731694
3553	PCodG	0.1011	112765828
14472	PCodG	-0.0044	112765915
1392	PCodG	0.0385	113115833
6672	PCodG	6.00E-04	113117838
1162	PCodG	0.0174	113217682
19740	PCodG	-0.0052	114370531
9308	PCodG	0.0526	114471266
13211	PCodG	0.003	114674080
8095	PCodG	-0.0056	114833258
7637	PCodG	0.0463	115105538
825	PCodG	0.0031	115123390
4013	PCodG	0.1225	115324309
4212	PCodG	0.0447	115408276
25151	PCodG	0.0413	115713868
23528	PCodG	-0.0041	116307497
3875	PCodG	0.0173	116313102
22930	PCodG	0.0071	116424430
25555	PCodG	0.0063	116704498
17084	PCodG	0.0202	116962949
10024	PCodG	0.024	118786755
589	PCodG	-0.0057	119149840
10429	PCodG	-0.0012	119169761
18975	PCodG	0.0152	119193802
5071	PCodG	0.041	119248601
11818	PCodG	0.1183	119263275
14659	PCodG	0.0071	119442830
10567	PCodG	0.0972	119589700
16947	PCodG	0.0028	119751722
8703	PCodG	0.0203	119986405
11509	PCodG	0.0459	120204355
17252	PCodG	0.0163	120296988
4484	PCodG	0.0062	120585557
16264	PCodG	0.0027	120588263
14300	PCodG	0.0233	120827115
16456	PCodG	-0.0018	121383672
14426	PCodG	0.0779	121549806
6554	PCodG	0.0615	121587596
13100	PCodG	0.0363	121715425
15588	PCodG	0.0758	121733184
10488	PCodG	0.1795	121766109
23427	PCodG	0.0806	122026637
12116	PCodG	0.0289	122111657
14064	PCodG	0.1587	122529710
20425	PCodG	0.0054	123112043
14657	PCodG	0.0215	123112131
2370	PCodG	-0.0061	123528599
11059	PCodG	0.0341	123588806
23421	PCodG	0.0025	123738715
8098	PCodG	-0.0047	123961378
16370	PCodG	-0.0011	124258449
11052	PCodG	-0.0059	124792046
12823	PCodG	-0.003	125724080
23990	PCodG	0.0277	125881110
17919	PCodG	-0.0042	126049583
17944	PCodG	0.0616	126192583
24751	PCodG	0.0014	126409728
6807	PCodG	0.0588	126532605
22431	PCodG	-0.0057	126681907
4761	PCodG	0.0252	126837664
7345	PCodG	0.0978	126854513
8048	PCodG	-0.0021	126900408
15308	PCodG	0.2888	126946280
109	PCodG	-0.0052	127150787
13066	PCodG	0.0172	127293795
1968	PCodG	0.0088	127295457
25641	PCodG	-0.0034	127472335
17328	PCodG	0.0669	127617112
16580	PCodG	-0.0028	127691286
18979	PCodG	-0.001	127739638
18355	PCodG	0.0425	127753513
17737	PCodG	0.0423	127753602
2046	PCodG	-0.0049	127804469
10648	PCodG	-0.0046	127879802
4644	PCodG	0.0896	127907886
4878	PCodG	0.0027	128001873
8027	PCodG	0.0131	128096484
15382	PCodG	0.3606	128161440
24504	PCodG	-0.0052	128202298
22739	PCodG	4.00E-04	128248230
10882	PCodG	0.0036	128283388
18925	PCodG	0.0045	128377943
24009	PCodG	0.0248	129350613
13081	PCodG	0.0151	129557306
11687	PCodG	0.0173	129653214
10965	PCodG	0.0333	129719988
15300	PCodG	5.00E-04	130255653
20381	PCodG	-0.0057	130641770
19118	PCodG	0.0439	130676171
17629	PCodG	0.0167	130728929
20144	PCodG	0.0566	131015975
13979	PCodG	0.0262	131021582
13846	PCodG	-9.00E-04	131025514
12291	PCodG	0.0623	131025602
13010	PCodG	0.0214	131697970
21290	PCodG	0.0284	132794799
14762	PCodG	0.0025	132976617
11483	PCodG	-0.0047	133183335
10838	PCodG	0.0018	133837084
20929	PCodG	0.0486	133898399
11738	PCodG	0.0349	133932121
17363	PCodG	1.00E-04	134492523
16695	PCodG	-0.005	134543986
25170	PCodG	3.00E-04	134576744
9461	PCodG	-0.0056	134660015
23233	PCodG	0.0179	134660103
1454	PCodG	0.0096	134814784
982	PCodG	0.0571	135060896
3728	PCodG	-0.0015	135156499
17779	PCodG	0.0327	135262869
1961	PCodG	0.0979	135373884
6944	PCodG	0.1207	135378845
22737	PCodG	0.0162	135423910
3057	PCodG	-0.0061	135544449
15494	PCodG	0.0818	135594554
19937	PCodG	0.0339	135612065
24920	PCodG	0.0094	135773617
10276	PCodG	0.0805	135854584
2934	PCodG	-0.006	135989127
23313	PCodG	-0.0079	136124858
4646	PCodG	0.0479	136358365
19856	PCodG	0.1049	136482045
13631	PCodG	0.1214	136503363
5775	PCodG	0.0201	136532121
534	PCodG	0.0047	136724791
10849	PCodG	0.0404	136769209
13168	PCodG	0.0111	136819964
10660	PCodG	0.061	136831767
22541	PCodG	0.0311	136851664
11191	PCodG	-0.004	137051098
5600	PCodG	0.0426	137228044
1962	PCodG	-0.0014	137238672
19450	PCodG	0.0694	137465699
297	PCodG	0.0311	137473312
24976	PCodG	-0.0056	137576476
18694	PCodG	-0.0044	137683607
20449	PCodG	0.0086	137737082
8231	PCodG	-0.0037	137799487
14897	PCodG	0.1347	137824871
9174	PCodG	0.0887	137855060
15212	PCodG	0.0128	137942523
17718	PCodG	0.0291	138110794
18637	PCodG	0.0694	138266818
2075	PCodG	0.0761	138269224
5469	PCodG	0.0828	138521539
15139	PCodG	-0.0058	138538610
11717	PCodG	-0.0059	138655112
8849	PCodG	0.0196	138894650
14824	PCodG	0.016	139118592
24371	PCodG	0.0784	139304383
13258	PCodG	0.0964	139920458
17738	PCodG	0.0413	140018563
8820	PCodG	-0.0044	140082351
13192	PCodG	0.0098	140371565
4613	PCodG	0.0113	140588195
20744	PCodG	-0.0034	140589857
9216	PCodG	0.061	140780967
20128	PCodG	0.1053	140865480
17816	PCodG	0.0048	140925825
14626	PCodG	0.0503	140925913
4213	PCodG	0.0119	140926698
4727	PCodG	-3.00E-04	141178586
12701	PCodG	0.0738	141342227
9299	PCodG	-0.0036	141371818
12123	PCodG	0.0197	142264424
7915	PCodG	0.045	142371071
13991	PCodG	0.0211	143384058
24966	PCodG	-0.0058	143441582
10823	PCodG	-0.0056	144066176
20756	PCodG	0.0022	144257032
19689	PCodG	-0.0033	144304879
10386	PCodG	-0.0049	144307718
25271	PCodG	0.0651	144335678
14572	PCodG	0.0104	144508433
10299	PCodG	0.0175	144772365
14955	PCodG	0.3657	144778935
23148	PCodG	-0.0063	144792983
12963	PCodG	-0.0055	144982908
25630	PCodG	0.0066	145175366
6069	PCodG	-0.0014	145785370
19551	PCodG	0.026	145912245
9967	PCodG	0.002	146196709
9502	PCodG	0.077	146261406
6260	PCodG	-0.0031	146319235
12746	PCodG	-0.0055	146514068
15140	PCodG	-2.00E-04	146514156
3734	PCodG	-0.0056	146615082
13308	PCodG	0.0088	146778317
13575	PCodG	0.0422	146918015
7870	PCodG	0.0171	146998728
927	PCodG	0.0372	147109770
21453	PCodG	0.0629	147268799
23753	PCodG	0.0698	147290383
15573	PCodG	-0.0084	147327067
18841	PCodG	0.1093	147345481
11663	PCodG	-0.0042	147475742
4799	PCodG	1.00E-04	147590910
5610	PCodG	0.1157	147654658
9369	PCodG	0.0168	147738635
14140	PCodG	-0.0061	148206207
18743	PCodG	0.0309	148381573
20101	PCodG	0.0081	148423641
5576	PCodG	4.00E-04	148547634
3940	PCodG	0.11	148555946
16571	PCodG	0.1181	148556034
2522	PCodG	0.0419	148717476
21614	PCodG	0.0321	148717564
21699	PCodG	-0.0063	148932338
6342	PCodG	-0.003	149468683
13537	PCodG	0.0818	149638294
5770	PCodG	5.00E-04	150190412
14176	PCodG	0.0166	150293127
19990	PCodG	-7.00E-04	150710398
13341	PCodG	0.0158	151242730
15701	PCodG	0.0153	151252603
381	PCodG	-0.0069	151579589
11521	PCodG	0.0135	151735571
11092	PCodG	0.0464	152023100
16166	PCodG	-8.00E-04	152152870
15332	PCodG	-0.0056	152377204
9135	PCodG	0.0176	152870844
8758	PCodG	-0.0043	153087102
813	PCodG	0.0151	153562670
20021	PCodG	0.0085	153621481
8872	PCodG	0.011	153628869
5077	PCodG	0.0133	153643725
8327	PCodG	0.1417	154278141
14593	PCodG	-0.0027	154345521
24665	PCodG	-0.004	154959514
3887	PCodG	0.0987	154967453
7726	PCodG	0.0049	155454142
13323	PCodG	0.012	155702152
25368	PCodG	0.0136	155748965
20867	PCodG	0.0821	155912966
2331	PCodG	0.0044	156491941
9684	PCodG	0.0216	156906567
12544	PCodG	0.0146	156983641
9582	PCodG	-0.0046	157438261
16968	PCodG	0.0181	157735954
21921	PCodG	0.0739	157736042
23650	PCodG	0.1448	157787018
22783	PCodG	0.0394	157840009
3973	PCodG	-0.0057	158194372
24868	PCodG	0.0261	158208954
23346	PCodG	0.033	158408537
13547	PCodG	0.033	158435035
7735	PCodG	-0.0057	158999664
14906	PCodG	0.043	159047316
12288	PCodG	0.053	159175585
4058	PCodG	-0.0034	159440656
4398	PCodG	0.2106	159686951
23788	PCodG	0.0508	160267223
5232	PCodG	0.0209	160532482
1054	PCodG	0.1216	160587539
8805	PCodG	0.0123	160676635
5336	PCodG	0.1034	160748328
12069	PCodG	0.0121	160926344
4191	PCodG	-0.004	161429863
23765	PCodG	0.0203	162022311
16839	PCodG	-0.0027	162148622
15407	PCodG	0.032	162271444
4887	PCodG	-0.0044	162897239
23817	PCodG	-0.006	163171412
19466	PCodG	0.0016	163297999
5465	PCodG	0.0175	163446358
7391	PCodG	0.0387	163454119
14522	PCodG	0.0344	163557874
8057	PCodG	0.1195	163633638
16898	PCodG	0.1533	163704175
16504	PCodG	0.0216	163710820
24663	PCodG	-0.0049	163770166
18159	PCodG	0.033	164174265
7666	PCodG	0.0219	164266757
12220	PCodG	0.0338	164452489
18782	PCodG	-0.0067	164597168
20465	PCodG	0.0261	164635530
14932	PCodG	-0.0053	164691846
4572	PCodG	4.00E-04	164746243
17898	PCodG	0.0136	164788320
23587	PCodG	0.0061	164857473
20402	PCodG	-5.00E-04	165063719
10435	PCodG	0.0172	165539350
17066	PCodG	-0.0021	165654809
3396	PCodG	0.0173	166003744
16904	PCodG	0.1112	166394661
13556	PCodG	-0.0044	166699409
23748	PCodG	0.0232	166699497
4472	PCodG	0.0538	166960004
3957	PCodG	0.0397	166976836
23248	PCodG	-0.0058	167304420
23457	PCodG	-0.0028	168476663
9664	PCodG	0.0022	169050757
13732	PCodG	0.0182	171032082
15536	PCodG	-0.0034	172045330
8890	PCodG	-0.004	172643291
16410	PCodG	-0.0013	172723580
23190	PCodG	-0.0016	173096348
13652	PCodG	0.0606	173479699
7763	PCodG	-0.0044	173631546
8334	PCodG	0.1544	174198757
6882	PCodG	0.0777	174232115
63	PCodG	0.0092	174403914
10210	PCodG	0.0272	175032935
8898	PCodG	0.0186	175165646
17318	PCodG	-0.0034	175313153
17835	PCodG	0.0031	175536824
11760	PCodG	0.038	175672613
14667	PCodG	0.016	175691405
3284	PCodG	0.0334	175693340
23562	PCodG	0.1024	175906333
3095	PCodG	0.0048	176953912
9434	PCodG	0.0026	177030431
11576	PCodG	0.0041	177030519
12578	PCodG	-0.003	177121662
8100	PCodG	0.0023	177581927
14999	PCodG	0.0191	177582680
7875	PCodG	0.1423	177606100
23986	PCodG	-0.0046	177851570
15934	PCodG	0.0068	177936259
10215	PCodG	-0.0051	177956825
13198	PCodG	0.0162	178131081
25059	PCodG	0.0828	178349402
20885	PCodG	-0.0058	178441722
2520	PCodG	0.0138	178515495
14810	PCodG	0.0033	178773316
5031	PCodG	-0.0019	178882261
2735	PCodG	0.0177	179389736
3195	PCodG	0.0265	179451298
1555	PCodG	0.0315	179584887
14640	PCodG	0.1323	179699179
23944	PCodG	0.0016	180536844
1737	PCodG	0.0274	180794101
25567	PCodG	0.0027	180899043
10999	PCodG	0.0155	180923115
14546	PCodG	-0.0054	180985253
22166	PCodG	-0.0072	181008092
10285	PCodG	-9.00E-04	181048379
24274	PCodG	0.1149	181391026
4637	PCodG	0.1249	181565333
24467	PCodG	0.0061	181607994
21874	PCodG	0.0685	181717513
4660	PCodG	-0.0058	182032444
17141	PCodG	0.0053	182300089
7479	PCodG	0.0212	182389666
925	PCodG	-0.0047	182399640
7171	PCodG	-0.0048	182439698
6697	PCodG	0.003	182456874
18517	PCodG	-0.0025	182711911
17036	PCodG	-0.006	182756455
14474	PCodG	0.036	183534774
2069	PCodG	-0.002	183586578
22303	PCodG	0.087	183647418
22862	PCodG	-0.0011	183755473
23947	PCodG	0.016	183761621
7458	PCodG	-0.0011	183915234
17631	PCodG	1.00E-04	184048764
18619	PCodG	-0.006	184337090
8813	PCodG	0.0149	184375569
15473	PCodG	0.0174	184657858
19904	PCodG	-0.0067	184657946
24287	PCodG	2.00E-04	184762832
21934	PCodG	-1.00E-04	184810448
4150	PCodG	0.0955	184944083
24440	PCodG	0.0106	184945899
19785	PCodG	0.127	185818904
21829	PCodG	0.004	185891850
11943	PCodG	0.0251	186596194
5417	PCodG	0.0823	186793430
13935	PCodG	0.0577	187070129
18796	PCodG	-0.0062	187071612
12962	PCodG	0.0832	187144988
2319	PCodG	0.0023	187150602
15645	PCodG	0.1953	187156688
6534	PCodG	0.0516	187173568
6635	PCodG	0.0375	187200847
12380	PCodG	0.0369	187200935
16164	PCodG	-0.0037	187228783
23908	PCodG	0.0072	187283734
20990	PCodG	0.003	187284579
20197	PCodG	0.0177	187926469
11768	PCodG	0.0373	188143265
11902	PCodG	0.1696	188199670
22276	PCodG	0.0127	188493478
11500	PCodG	0.037	188574510
22937	PCodG	0.073	189247897
16168	PCodG	0.0182	189485280
2830	PCodG	-0.0058	189486121
1490	PCodG	-0.0031	189577757
3798	PCodG	0.0455	189614659
21016	PCodG	-0.0057	189661344
11417	PCodG	0.0165	189773093
20163	PCodG	-0.0062	190458636
7604	PCodG	-0.0065	190811021
19632	PCodG	0.1008	191022164
6357	PCodG	0.1786	191383976
17670	PCodG	0.1376	191638111
19046	PCodG	0.004	191639175
11886	PCodG	0.0978	192094924
3307	PCodG	0.0022	192326849
23211	PCodG	0.0507	192337369
12406	PCodG	-0.0044	192753721
24833	PCodG	0.0233	192821552
12946	PCodG	0.0392	193074674
8693	PCodG	-0.0057	193096201
20753	PCodG	0.0662	193219547
1258	PCodG	0.0175	193335565
11488	PCodG	0.0096	193368791
11406	PCodG	0.1806	193420529
12394	PCodG	0.0182	193467553
20472	PCodG	-0.0059	193482612
11176	PCodG	-0.0056	193516027
19020	PCodG	0.0082	193524473
16425	PCodG	0.0137	193737013
4514	PCodG	0.0837	193835548
19879	PCodG	0.0072	193855658
12564	PCodG	0.0249	193971085
22430	PCodG	0.1663	194055763
16718	PCodG	-0.0051	194119388
25032	PCodG	0.0202	194216449
16834	PCodG	-0.0042	194283694
24680	PCodG	0.0097	194350323
964	PCodG	-0.0082	194371496
7313	PCodG	-0.0062	194371584
1036	PCodG	0.0033	194779686
19685	PCodG	0.0024	194839928
17993	PCodG	0.0168	195029525
11566	PCodG	-0.0051	195095348
3606	PCodG	0.1892	195334886
21961	PCodG	0.031	195744746
17216	PCodG	0.0303	195779657
20248	PCodG	0.0458	196017881
23402	PCodG	0.1027	196226919
4381	PCodG	0.0236	196245901
9667	PCodG	-4.00E-04	196279099
5739	PCodG	0.0681	196545049
7395	PCodG	0.0162	196708990
19372	PCodG	0.0074	197068809
7058	PCodG	0.0382	197946107
14421	PCodG	-0.0017	198049543
8103	PCodG	-0.0049	198053529
17867	PCodG	-0.0044	198510638
14153	PCodG	0.0174	198524243
200	PCodG	0.0265	198614126
174	PCodG	0.044	198698709
4596	PCodG	0.074	199148026
19342	PCodG	-0.0044	201129104
17856	PCodG	0.0178	201562780
15973	PCodG	-0.0043	202098242
3193	PCodG	-0.0018	202189792
16186	PCodG	0.0265	202327350
23100	PCodG	3.00E-04	202802040
22626	PCodG	0.0133	202974450
3207	PCodG	0.0148	203035046
12508	PCodG	0.0369	203186442
16965	PCodG	0.0087	203198008
16238	PCodG	-0.0041	203198096
20526	PCodG	0.0172	203360148
7046	PCodG	-0.0032	203574576
3244	PCodG	0.1408	203881848
6771	PCodG	0.3631	204099175
820	PCodG	0.0283	204169558
11850	PCodG	0.0041	204206078
16032	PCodG	0.3551	204248906
21540	PCodG	0.0039	204343177
11257	PCodG	0.0628	204430806
15024	PCodG	0.0082	204457064
8002	PCodG	-0.002	204479952
21600	PCodG	-0.0055	204557417
5623	PCodG	1.00E-04	204625973
7290	PCodG	0.0084	204971305
16803	PCodG	0.1178	205454513
19587	PCodG	0.037	205564974
8803	PCodG	0.0073	205565062
22900	PCodG	0.1762	205687530
16134	PCodG	0.0246	205692188
14537	PCodG	0.0507	205705719
11132	PCodG	0.0134	205968296
8208	PCodG	0.0255	206143205
15112	PCodG	0.0249	206298804
3373	PCodG	0.0641	206353278
10421	PCodG	0.2347	206615038
5060	PCodG	0.0012	206976678
16292	PCodG	0.0103	207177629
10844	PCodG	0.0119	207184260
12064	PCodG	-0.0034	207429328
23580	PCodG	0.0472	207511931
1693	PCodG	-0.0028	207630106
18900	PCodG	-0.0031	207734177
10431	PCodG	0.0806	207751305
545	PCodG	-0.0016	207799835
15748	PCodG	0.0241	207833278
24825	PCodG	0.0773	207990642
4491	PCodG	0.061	208019458
18628	PCodG	0.0489	208202024
21539	PCodG	-0.0051	208209923
16698	PCodG	8.00E-04	208282639
4040	PCodG	0.0512	208298840
16165	PCodG	0.0197	208309455
571	PCodG	0.2428	208458261
2506	PCodG	0.0329	208682680
7865	PCodG	0.0082	208751318
9679	PCodG	0.0305	208839274
13723	PCodG	0.0162	208891123
17666	PCodG	0.0495	208891211
22563	PCodG	0.0158	209206784
23593	PCodG	0.0062	209211051
16121	PCodG	0.0772	209379836
18615	PCodG	0.0195	209508464
4368	PCodG	0.0648	210131223
23293	PCodG	0.0035	210230659
7501	PCodG	0.061	210514703
256	PCodG	0.0592	210570741
227	PCodG	-0.0059	211036962
24384	PCodG	0.0084	211142681
17870	PCodG	-0.0015	211226622
1098	PCodG	-4.00E-04	211346639
9229	PCodG	0.1476	211573745
23395	PCodG	0.0442	211573833
1821	PCodG	0.021	212027051
20760	PCodG	-0.005	212496657
3161	PCodG	0.0529	212517088
10061	PCodG	0.0924	213045473
25277	PCodG	0.0602	213168251
5450	PCodG	0.1014	213212594
10951	PCodG	0.0169	213793397
7974	PCodG	0.0417	213953489
11420	PCodG	0.0309	214413213
24993	PCodG	-6.00E-04	214961820
9284	PCodG	0.0218	215100283
943	PCodG	0.0312	215252449
13241	PCodG	0.0413	215400370
11759	PCodG	0.3559	215488900
18889	PCodG	-0.0057	215532811
6229	PCodG	0.0224	215770068
7807	PCodG	-0.0065	215856460
2234	PCodG	-0.0028	216335493
17392	PCodG	0.0061	216423970
22332	PCodG	0.0353	216484306
16942	PCodG	-0.0017	216501574
9888	PCodG	0.0033	216685397
12521	PCodG	0.0407	216925645
8997	PCodG	-0.0058	217429845
1266	PCodG	-0.0066	218154900
19923	PCodG	0.0233	218319998
2851	PCodG	-5.00E-04	218455031
4317	PCodG	0.0877	218902912
16087	PCodG	0.1467	218917333
13724	PCodG	0.0032	218950220
18702	PCodG	-0.0045	218950308
373	PCodG	-4.00E-04	219321800
9940	PCodG	-0.0036	219753725
17885	PCodG	-0.005	220398552
16205	PCodG	0.0166	220720001
9419	PCodG	0.0176	221589415
22526	PCodG	-4.00E-04	221712394
23159	PCodG	0.0598	221933682
22824	PCodG	0.0275	222144128
21470	PCodG	0.004	222148209
4609	PCodG	0.0094	222148297
3197	PCodG	0.0423	222232490
18726	PCodG	0.01	222516919
7522	PCodG	0.0063	222784038
2368	PCodG	0.0169	223570792
23592	PCodG	0.027	223586848
15881	PCodG	0.0178	223878324
14342	PCodG	0.082	224325097
21802	PCodG	0.0387	224792468
7128	PCodG	0.0104	225388070
11018	PCodG	0.2876	225438563
4556	PCodG	-0.0052	226055675
3651	PCodG	0.1084	226055763
18276	PCodG	-0.003	226077258
12566	PCodG	-0.006	226667637
20522	PCodG	0.0869	226690372
10172	PCodG	0.0459	227258617
25269	PCodG	0.0915	227338959
18196	PCodG	0.0849	227760820
21061	PCodG	0.1143	227962849
7151	PCodG	0.0645	228404829
20726	PCodG	0.1099	228619888
5685	PCodG	0.0046	228678443
25028	PCodG	-0.0043	228819015
23354	PCodG	0.0417	228839024
3683	PCodG	0.0623	228863855
8194	PCodG	0.2388	229069992
16637	PCodG	0.0042	229094001
12971	PCodG	2.00E-04	229497031
7109	PCodG	-0.0043	229500259
3948	PCodG	-0.0058	229854704
21120	PCodG	0.1516	230331111
12803	PCodG	-0.0028	230472961
15471	PCodG	0.0605	230651323
5011	PCodG	0.0558	230651411
415	PCodG	-5.00E-04	231127358
1047	PCodG	0.1146	231129979
20890	PCodG	0.0563	231236716
19199	PCodG	-0.0037	231236804
21454	PCodG	0.0274	231288582
13813	PCodG	0.0147	231342023
22698	PCodG	0.1433	231622087
14594	PCodG	-0.0039	232012870
12990	PCodG	0.035	232076460
20036	PCodG	0.0588	232120715
14042	PCodG	0.0177	232763182
11691	PCodG	-0.0038	232763272
13279	PCodG	-0.0028	233579913
4702	PCodG	0.0106	233632383
7514	PCodG	-0.0029	233645551
15907	PCodG	0.065	233648290
5853	PCodG	0.0649	234093621
561	PCodG	0.0411	234257091
12713	PCodG	-0.0057	234449491
5174	PCodG	0.2391	234530589
9489	PCodG	0.0326	234604087
12567	PCodG	0.0607	234604175
25293	PCodG	0.0136	234604595
5882	PCodG	0.0177	234644742
20798	PCodG	0.0338	234866002
19371	PCodG	0.0421	234872376
9576	PCodG	0.0745	234910707
18401	PCodG	-0.0022	235045465
11848	PCodG	0.0852	235324169
23308	PCodG	0.0188	235448265
617	PCodG	0.0012	235480613
18757	PCodG	-1.00E-04	235480768
22918	PCodG	0.1086	235678060
16806	PCodG	0.1978	235680117
15462	PCodG	0.0036	235765201
20446	PCodG	0.0685	235855124
17230	PCodG	0.0046	235950736
7104	PCodG	0.0764	235950824
12017	PCodG	0.1133	236469364
11849	PCodG	0.0256	236747312
23143	PCodG	0.1023	236776354
20265	PCodG	0.0474	236805274
1311	PCodG	0.0821	236805360
9215	PCodG	-0.007	236990673
22806	PCodG	0.0016	237054654
11307	PCodG	0.024	237171551
22092	PCodG	0.1609	237428576
7328	PCodG	0.2717	237479831
24117	PCodG	0.0626	237479919
17185	PCodG	0.0299	237694452
17702	PCodG	0.0285	237702097
21686	PCodG	0.0268	238109162
410	PCodG	0.0222	238109252
7314	PCodG	0.0744	238136310
8322	PCodG	0.0827	238221186
8199	PCodG	-0.0059	238647888
2792	PCodG	0.0112	238801441
12201	PCodG	0.0975	238863752
15311	PCodG	-0.0023	239073662
9668	PCodG	0.0308	239302317
23785	PCodG	0.0213	239317698
7818	PCodG	0.0285	239657727
19083	PCodG	-0.0041	240206027
15650	PCodG	0.017	240274888
22246	PCodG	0.153	240302238
13476	PCodG	-0.0021	240306941
14260	PCodG	0.1216	240320472
13129	PCodG	-0.0041	240701255
9611	PCodG	0.1176	240824298
4617	PCodG	-0.0046	241021822
17959	PCodG	0.0028	241052638
1582	PCodG	0.0039	241123479
4090	PCodG	0.0025	241246858
17001	PCodG	-0.0035	241293810
9980	PCodG	0.0223	241312525
17038	PCodG	0.0119	241312613
16009	PCodG	0.0166	241589869
21118	PCodG	0.1708	241827184
5451	PCodG	0.0149	241835689
22640	PCodG	8.00E-04	241835777
9966	PCodG	-0.0045	241856574
22488	PCodG	0.0199	241939275
4960	PCodG	0.0018	241993802
39	PCodG	0.0597	242065288
17442	PCodG	-0.0042	242207114
8603	PCodG	0.0017	242618279
379	PCodG	-0.0014	242674496
16667	PCodG	0.0278	243445188
7759	PCodG	0.0071	243462795
21239	PCodG	0.1142	243549215
11459	PCodG	-0.0068	243604242
5423	PCodG	0.0362	243605925
9545	PCodG	0.3913	243668451
4459	PCodG	0.0733	243677462
18188	PCodG	0.0014	243997105
13207	PCodG	0.0135	244132740
263	PCodG	-0.0051	244160367
3031	PCodG	0.0037	244208903
12648	PCodG	0.0157	244298556
9082	PCodG	0.0348	244591836
12516	PCodG	0.0096	244621663
13461	PCodG	-0.0041	244742250
23178	PCodG	-0.0034	245024832
19360	PCodG	0.0019	245828056
5980	PCodG	-0.0034	246069836
18319	PCodG	0.0397	246072515
12384	PCodG	0.2433	246581894
20337	PCodG	0.0126	246609103
17912	PCodG	0.0262	247217818
9387	PCodG	-0.0058	247638093
23136	PCodG	0.0013	247725446
2895	PCodG	0.0197	247725534
19310	PCodG	-0.0053	247727203
11209	PCodG	-0.0048	247753884
17968	PCodG	0.0673	247753972
20068	PCodG	0.0638	247812081
8124	PCodG	-0.0072	247949728
13163	PCodG	0.0016	248102044
5577	PCodG	-0.006	248152917
1794	PCodG	0.0413	248326573
19682	PCodG	0.0665	248541832
20117	PCodG	-0.0022	248542404
11638	PCodG	2.00E-04	248615465
4226	PCodG	0.0775	248790775
15567	PCodG	0.0138	249268622
9359	PCodG	0.163	250648983
18050	PCodG	0.0026	250680818
5928	PCodG	0.0112	250935446
5002	PCodG	0.0045	250935534
16612	PCodG	0.1053	251125697
11954	PCodG	-0.0051	251821514
17879	PCodG	0.024	251858764
6583	PCodG	0.0014	252030954
9252	PCodG	-0.0034	252055429
18111	PCodG	0.0213	252090667
1073	PCodG	-0.006	252168670
17351	PCodG	0.0016	252210979
18923	PCodG	0.0563	252519506
22771	PCodG	0.0109	253349654
7781	PCodG	-0.0063	253717374
18248	PCodG	0.0092	253870345
22011	PCodG	0.0416	253872430
4426	PCodG	0.1116	253965490
10260	PCodG	0.1045	254043122
15607	PCodG	0.0048	254131680
25250	PCodG	0.0018	254194592
21089	PCodG	-0.0062	254304954
10995	PCodG	-0.0045	254946788
6	PCodG	0.0159	255130893
13295	PCodG	-0.0024	255155997
5962	PCodG	-0.0058	255400291
18330	PCodG	-0.0064	255408706
244	PCodG	0.0058	255416499
885	PCodG	-0.0012	255416587
3434	PCodG	-0.002	255568603
9159	PCodG	0.0118	255769505
10291	PCodG	-0.0063	256113189
10396	PCodG	0.0136	256805674
14287	PCodG	0.0029	256995266
7214	PCodG	0.0295	256996917
4620	PCodG	0.0404	257378972
7791	PCodG	-0.0047	257379060
18629	PCodG	0.0175	257584744
21204	PCodG	0.1176	258082426
12584	PCodG	0.2024	258437254
16280	PCodG	0.0139	259197169
4206	PCodG	-0.0031	259358704
3753	PCodG	-0.0032	259426433
22961	PCodG	-0.0053	259483078
10966	PCodG	0.0598	259998542
92	PCodG	0.0104	260061530
12725	PCodG	-0.0039	260385110
21971	PCodG	-0.006	260432646
8033	PCodG	0.0018	260460954
13125	PCodG	-4.00E-04	260958346
12182	PCodG	0.0265	261267899
198	PCodG	-0.008	262107953
11049	PCodG	-0.0013	262143270
11546	PCodG	0.0048	262218821
20081	PCodG	0.0251	262224023
13791	PCodG	0.041	262263419
3121	PCodG	5.00E-04	262423493
9755	PCodG	0.019	262942652
12945	PCodG	0.0032	263014140
24796	PCodG	-0.0027	263465549
17990	PCodG	-0.003	263465637
15313	PCodG	0.0037	263778322
23615	PCodG	-0.0027	264288195
4083	PCodG	0.0238	264704534
3015	PCodG	0.0028	264729141
8507	PCodG	0.065	264825465
15234	PCodG	0.0688	264825553
15009	PCodG	-0.0052	265228884
10015	PCodG	0.0016	265375997
8525	PCodG	0.1815	265932603
4251	PCodG	-0.0058	266203738
8597	PCodG	0.0523	266368570
14526	PCodG	0.0593	266368658
11895	PCodG	-0.0052	266442549
1907	PCodG	0.0768	266664382
19023	PCodG	0.0934	266664470
11319	PCodG	0.0185	266843741
13301	PCodG	0.2084	266912678
4171	PCodG	-0.0015	267109331
25620	PCodG	-0.0039	267255987
17760	PCodG	0.0104	267661064
16422	PCodG	0.0198	268005151
24307	PCodG	0.0552	268065409
15002	PCodG	0.0427	268159689
18366	PCodG	0.0034	268159777
9538	PCodG	0.1024	268417084
20945	PCodG	0.0624	268932242
20920	PCodG	0.0709	268970169
9452	PCodG	0.0246	268983317
7879	PCodG	0.1747	269033454
16245	PCodG	-0.0021	269330783
3248	PCodG	0.0754	269587104
10580	PCodG	-0.0044	269717554
19564	PCodG	9.00E-04	269911374
1872	PCodG	0.074	270798090
19088	PCodG	0.1154	271051031
2558	PCodG	-0.004	271586315
4958	PCodG	-0.0033	271673407
11081	PCodG	0.0049	271687616
7913	PCodG	-0.0018	271974091
8486	PCodG	0.0023	272092182
11	PCodG	-1.00E-04	272444707
2705	PCodG	0.0161	272444795
25444	PCodG	0.2183	272563307
6033	PCodG	-0.0028	272843537
23146	PCodG	0.0672	272995942
716	PCodG	0.0746	273085728
8798	PCodG	0.0736	273758898
16791	PCodG	-0.004	274705528
13036	PCodG	0.0063	275060510
12107	PCodG	-0.0062	275469123
21313	PCodG	-0.0057	275722650
1027	PCodG	0.0713	275750269
12726	PCodG	0.0394	276193011
10068	PCodG	0.0228	276508582
5807	PCodG	0.0307	276690848
19228	PCodG	-0.0084	276998493
7711	PCodG	0.0245	277192370
3258	PCodG	0.0171	277323820
23150	PCodG	0.0121	277333062
11282	PCodG	0.0328	277411071
8526	PCodG	0.0145	277489541
4154	PCodG	0.0283	277489541
18879	PCodG	0.0523	277565598
21335	PCodG	-8.00E-04	277860959
756	PCodG	0.0152	277997547
16270	PCodG	0.024	278104792
22947	PCodG	-0.006	278279319
3428	PCodG	0.0168	278351027
10978	PCodG	0.0286	278579272
5966	PCodG	0.0385	278607221
24196	PCodG	7.00E-04	278702038
18571	PCodG	-0.0045	279182543
23094	PCodG	-0.0046	279220057
15060	PCodG	0.2147	279379402
19201	PCodG	0.0055	279533006
7940	PCodG	0.1489	279805102
11069	PCodG	-0.0056	280074388
3931	PCodG	-0.007	280165693
18322	PCodG	7.00E-04	280292185
7929	PCodG	0.0984	280292273
19943	PCodG	0.1224	280302217
21590	PCodG	0.0693	280302735
14760	PCodG	0.079	280400403
19964	PCodG	-0.0045	280446436
7769	PCodG	0.1434	280508436
15954	PCodG	0.101	280675523
8196	PCodG	0.065	280820267
2468	PCodG	0.0173	280913689
4336	PCodG	0.0346	280993478
12889	PCodG	-0.0054	281226491
9158	PCodG	0.0311	281696512
5281	PCodG	0.0756	282376001
12810	PCodG	0.1259	282432017
1547	PCodG	0.0182	282615852
25225	PCodG	0.0088	282993673
752	PCodG	0.019	283093482
15010	PCodG	0.0058	283644359
3972	PCodG	-6.00E-04	283764140
21509	PCodG	0.012	283799025
19037	PCodG	-0.0062	283889075
16151	PCodG	0.095	284078790
19729	PCodG	0.1639	284569495
13895	PCodG	0.0346	284640453
22145	PCodG	-0.003	284683824
18762	PCodG	0.025	284760717
25638	PCodG	0.0473	284766229
4344	PCodG	-0.0049	284790454
12254	PCodG	-0.0026	284933518
20796	PCodG	0.0331	285044200
4956	PCodG	0.0615	285360320
8192	PCodG	0.037	285421120
5541	PCodG	-0.0044	285481107
3155	PCodG	0.0384	285481195
10886	PCodG	0.0825	285570944
15114	PCodG	0.0163	285993633
7942	PCodG	0.0788	286107749
9205	PCodG	0.0066	286107837
17087	PCodG	-0.0046	286236564
23927	PCodG	-0.006	286262686
9585	PCodG	0.0049	286309892
6797	PCodG	-1.00E-04	286466796
6890	PCodG	-0.0077	286650722
21789	PCodG	1.00E-04	286717469
8536	PCodG	0.0343	286745705
4834	PCodG	0.0554	286928650
24071	PCodG	0.1021	286971168
4188	PCodG	0.0294	286997728
5337	PCodG	-0.0029	287344883
9203	PCodG	-0.0017	287381496
19660	PCodG	-0.0028	287381584
24226	PCodG	0.0784	288018287
5984	PCodG	0.0206	288244844
13355	PCodG	0.0812	288246406
13107	PCodG	-0.0028	288268252
23168	PCodG	0.0083	288490097
15855	PCodG	0.0016	288685683
719	PCodG	0.0233	289265833
20923	PCodG	-0.0052	289338398
2225	PCodG	0.1235	289365587
19475	PCodG	0.1444	289652311
2604	PCodG	0.0487	289685718
16257	PCodG	0.0228	290012410
13598	PCodG	0.0815	290679948
19263	PCodG	0.0074	290843834
17726	PCodG	6.00E-04	291093433
23486	PCodG	0.0118	291135859
21360	PCodG	0.0736	291689741
10828	PCodG	0.039	291690844
25416	PCodG	0.1077	291745162
11019	PCodG	0.0548	291950823
1963	PCodG	-0.0062	291950911
8493	PCodG	0.0249	291978672
8641	PCodG	0.0087	292150287
13052	PCodG	0.0157	293317259
20140	PCodG	0.2379	293317347
4837	PCodG	-0.0065	293434013
1978	PCodG	0.1211	293465642
3266	PCodG	0	293665099
25284	PCodG	0.0432	293682899
9191	PCodG	-0.0061	293755948
19830	PCodG	0.001	293812486
6729	PCodG	0.0771	294285349
1519	PCodG	0.015	294383296
19784	PCodG	0.3016	294454879
15354	PCodG	0.0422	294697953
2071	PCodG	0.0157	294828290
7028	PCodG	0.022	294925261
24168	PCodG	0.038	294953909
14360	PCodG	0.0074	294960746
6458	PCodG	0.0286	294963576
24941	PCodG	-0.002	295193411
12994	PCodG	0.0246	295394889
11482	PCodG	0.1195	295529928
2153	PCodG	0.0118	295642889
20249	PCodG	0.2385	295924473
6051	PCodG	0.0594	295964229
9691	PCodG	-0.0063	296127157
14020	PCodG	0.0393	296134498
12493	PCodG	0.0584	296360510
21866	PCodG	0.0052	296360598
22851	PCodG	-0.0057	296810100
8152	PCodG	0.0058	296875685
5464	PCodG	0.0041	296956628
20666	PCodG	-0.006	297164065
3039	PCodG	0.0564	297272213
19641	PCodG	0.0283	297285119
3756	PCodG	-0.0032	297338296
18250	PCodG	-0.0052	297505829
8135	PCodG	-0.0023	297600275
19035	PCodG	0.0049	298537579
5614	PCodG	0.0077	298678483
1655	PCodG	0.0687	299142305
6158	PCodG	0.0763	299142851
17644	PCodG	-0.0048	299302256
10188	PCodG	-0.0036	299343936
22637	PCodG	-0.0045	299347244
20351	PCodG	0.032	299382020
15829	PCodG	0.0533	299498944
19014	PCodG	0.0064	299512092
2922	PCodG	0.067	299640829
11912	PCodG	0.0194	299934248
5572	PCodG	0.0026	299982472
7749	PCodG	-0.0045	300056814
11210	PCodG	0.0189	300081600
5042	PCodG	0.0011	300204472
7755	PCodG	0.0183	300673564
1157	PCodG	-0.0066	301063684
53	PCodG	0.0289	301110599
23448	PCodG	0.0095	301110687
23014	PCodG	-0.0059	301361505
25289	PCodG	-0.003	301383935
15052	PCodG	3.00E-04	301438751
9251	PCodG	-0.0014	301511974
21807	PCodG	0.0438	301602687
8670	PCodG	0.0153	302000574
4361	PCodG	0.0742	302030694
1473	PCodG	0.0339	302068424
6377	PCodG	-0.0044	302098979
13880	PCodG	0.0023	302115310
5	PCodG	0.1122	302131607
23093	PCodG	0.0021	302158994
11535	PCodG	0.1393	302640583
9213	PCodG	-0.0044	302717995
12431	PCodG	0.04	302732499
15756	PCodG	0.0078	302808519
8190	PCodG	-0.0046	302950753
14545	PCodG	0.1079	303057289
6606	PCodG	0.0446	303202388
24987	PCodG	0.1686	303202552
20263	PCodG	0.0012	303842474
18166	PCodG	0.0237	304380305
10813	PCodG	0.038	305152175
13841	PCodG	-0.0048	306973892
25214	PCodG	-0.0031	307048084
7431	PCodG	0.0106	307139446
8055	PCodG	0.1358	307153150
10497	PCodG	0.0045	307368009
4473	PCodG	0.1057	307822570
21073	PCodG	0.0032	307881936
24003	PCodG	-0.0058	307882024
780	PCodG	0.0183	308026366
16343	PCodG	0.0545	308110852
5118	PCodG	0.0085	308111351
12852	PCodG	0.2613	308332799
4568	PCodG	0.0097	308591847
4740	PCodG	0.102	308621911
10263	PCodG	0.1012	309042371
11770	PCodG	0.0231	309252624
18840	PCodG	0.0369	309374643
15646	PCodG	0.0091	309392004
19174	PCodG	0.0301	309468550
25357	PCodG	-0.0024	309587165
17677	PCodG	0.0251	309659514
8168	PCodG	6.00E-04	309753571
2335	PCodG	0.0708	309838806
20544	PCodG	0.0592	309899585
8064	PCodG	-0.0026	309992903
4092	PCodG	0.0038	309995472
17582	PCodG	-0.002	310223362
23467	PCodG	0.061	310241292
6144	PCodG	-0.0057	310241380
15017	PCodG	0.0199	310262968
5491	PCodG	0.017	310463298
18015	PCodG	0.0059	310480076
8278	PCodG	-0.0052	310564878
7574	PCodG	-0.0055	310724210
25593	PCodG	0.0691	311282617
3833	PCodG	0.005	311508848
13458	PCodG	-0.006	311544807
1474	PCodG	-0.003	311566392
16897	PCodG	4.00E-04	311700419
15003	PCodG	0.0202	311940976
6094	PCodG	0.03	312279646
9061	PCodG	-0.0028	312598056
17406	PCodG	0.0066	312687250
19956	PCodG	0.0792	313409806
11591	PCodG	0.2423	313447022
12686	PCodG	0.0153	313502407
960	PCodG	0.0185	313987218
9363	PCodG	0.0114	314267623
22710	PCodG	0.1027	314640901
541	PCodG	0.0091	314699574
1881	PCodG	-0.0044	315297103
18478	PCodG	0.0099	315573706
18821	PCodG	0.0031	315715375
8267	PCodG	0.0565	315752564
15061	PCodG	0.0619	315807174
17417	PCodG	0.065	316062864
13544	PCodG	0.0499	316089445
10698	PCodG	0.1588	316192351
12403	PCodG	0.0178	316722348
6274	PCodG	0.037	317180575
25538	PCodG	0.1236	319292127
5622	PCodG	0.0451	320828359
12483	PCodG	-0.0065	320845909
16375	PCodG	0.1429	321258980
4550	PCodG	0.0177	321566633
9593	PCodG	-0.0058	321643671
14729	PCodG	0.1132	321959737
21546	PCodG	0.006	322079118
13701	PCodG	0.0062	322217820
18070	PCodG	0.1147	322245756
22955	PCodG	0.0291	322389440
522	PCodG	0.0013	322633305
2160	PCodG	-0.0041	322635441
772	PCodG	0.01	323015723
19351	PCodG	0.0199	323151288
5133	PCodG	0.0828	323305505
10207	PCodG	0.0067	323458435
19222	PCodG	0.0812	323729052
7565	PCodG	0.0934	323734200
11992	PCodG	0.0016	323775942
12668	PCodG	0.0619	323883498
25622	PCodG	0.0176	324062317
98	PCodG	-0.0041	324105234
5287	PCodG	-0.0058	324408376
7086	PCodG	0.0192	324529137
9979	PCodG	0.0286	324758414
9658	PCodG	0.0194	325104950
22206	PCodG	0.0802	325802919
3304	PCodG	0.1631	325803007
4411	PCodG	0.0595	325831764
11722	PCodG	0.1764	325838814
18012	PCodG	-0.0022	326522580
21174	PCodG	-0.0026	326678662
3480	PCodG	-0.0031	326887570
4145	PCodG	0.0281	326922313
5668	PCodG	-0.0068	326972666
10295	PCodG	-0.0056	327056024
3437	PCodG	0.0029	327102873
18434	PCodG	0.0031	327210341
6390	PCodG	-0.0053	327256373
1568	PCodG	0.0173	327511512
18253	PCodG	0.0187	327674530
11506	PCodG	0.0122	327849745
4588	PCodG	-0.0053	328020143
24147	PCodG	0.007	328154366
12851	PCodG	0.0406	328206554
187	PCodG	0.0839	328821248
17256	PCodG	0.0213	328974007
11415	PCodG	0.0114	328974536
15788	PCodG	0.0409	328997876
6462	PCodG	0.0194	329262217
14478	PCodG	-0.0024	329262305
6312	PCodG	0.014	330416493
167	PCodG	0.0471	330572524
9896	PCodG	-0.0039	330690831
9819	PCodG	-0.0049	331308025
12108	PCodG	-0.0054	331525713
404	PCodG	0.0032	331533842
14547	PCodG	0.001	331898767
11774	PCodG	-0.0048	331910174
4031	PCodG	-0.0029	332304130
8252	PCodG	0.0066	332339838
12028	PCodG	0.0623	332361415
10029	PCodG	0.0613	332408415
7298	PCodG	-0.0019	332408503
15595	PCodG	0.0144	332430747
22597	PCodG	0.0274	332592381
23018	PCodG	0.2536	332609016
3708	PCodG	0.0419	332646256
19324	PCodG	0.061	332731289
16616	PCodG	0.0561	332731377
10872	PCodG	0.0812	333937172
8596	PCodG	0.0013	334222497
13514	PCodG	0.0806	334305781
15145	PCodG	-0.0057	334451861
13318	PCodG	0.0457	334695369
8943	PCodG	0.223	334990181
3062	PCodG	-0.0044	335753541
17428	PCodG	0.0205	336363410
24270	PCodG	0.0151	336383857
19608	PCodG	9.00E-04	336454303
24464	PCodG	0.0141	336554772
4643	PCodG	-0.0025	336667618
6823	PCodG	0.0016	336694084
15991	PCodG	0.0012	336694172
5052	PCodG	-0.003	336703642
3929	PCodG	-0.0022	337183053
7736	PCodG	0.1539	337743536
24135	PCodG	-9.00E-04	338047372
10460	PCodG	0.0239	338077201
8902	PCodG	0.0121	338103612
2258	PCodG	0.0348	338210190
16752	PCodG	0.0171	338238315
4396	PCodG	0.0175	338409036
12055	PCodG	-0.0063	338409124
11325	PCodG	0.0114	339029535
7833	PCodG	-0.0061	339238802
9165	PCodG	-0.0066	339508295
7747	PCodG	0.0115	339737593
9738	PCodG	0.1795	339779212
13762	PCodG	-0.0023	339781704
23445	PCodG	0.0168	339855090
11994	PCodG	-0.0051	339855567
17739	PCodG	0.102	340275207
8212	PCodG	0.0058	340384569
18599	PCodG	0.0061	340436204
16482	PCodG	5.00E-04	340549487
17586	PCodG	1.00E-04	340682220
10006	PCodG	1.00E-04	340687136
24597	PCodG	0.0032	341040407
23503	PCodG	0.0769	341082136
10476	PCodG	-0.0054	341150107
24402	PCodG	0.0151	341663379
18715	PCodG	0.017	341671728
1053	PCodG	0.042	342442523
1983	PCodG	0.0114	342473315
16650	PCodG	0.0629	342810584
1306	PCodG	0.0345	342990736
10730	PCodG	0.1556	343303052
1571	PCodG	0.0066	343550820
6660	PCodG	0.0243	343907288
19683	PCodG	0.0032	344135578
11618	PCodG	0.0404	344160764
8130	PCodG	0.0016	344592286
367	PCodG	0.115	344628694
364	PCodG	0.1975	344628782
24543	PCodG	0.0193	344682219
13702	PCodG	-0.0042	344987259
12083	PCodG	0.0114	345006441
9050	PCodG	0.0421	345604572
8086	PCodG	5.00E-04	345638629
4442	PCodG	-0.0044	345638717
7957	PCodG	0.0447	345697987
21653	PCodG	-0.0065	345701414
5845	PCodG	0.0465	345820079
14122	PCodG	0.0093	346062000
13180	PCodG	0.3378	346069368
24277	PCodG	-0.0036	346099401
18591	PCodG	-0.0027	346188866
15218	PCodG	-0.0053	346270975
20056	PCodG	0.0073	346454390
24867	PCodG	-0.0069	346493177
24267	PCodG	0.066	346969216
20593	PCodG	0.0059	347270176
4575	PCodG	-0.0053	347270264
11119	PCodG	-0.0042	347279151
23728	PCodG	-1.00E-04	347469121
7183	PCodG	-0.0029	347600494
4671	PCodG	0.0054	347758231
24484	PCodG	-0.0054	347758319
7489	PCodG	0.0388	347766720
9166	PCodG	0.0092	348082913
7301	PCodG	0.0349	348186332
705	PCodG	0.0108	348328385
5560	PCodG	0.0374	348395547
23374	PCodG	-0.0053	348403142
20198	PCodG	0.0178	348543115
10334	PCodG	-0.0055	348576009
11579	PCodG	0.0439	348755493
8241	PCodG	0.0427	348755580
16227	PCodG	0.0527	348806319
1572	PCodG	-0.003	349083119
25063	PCodG	-0.0053	349377046
2826	PCodG	-0.0058	349704668
8288	PCodG	0.0203	349740159
9845	PCodG	0.0189	349740779
7570	PCodG	0.0048	349760632
966	PCodG	0.0613	349809424
25273	PCodG	-0.0051	349831409
7775	PCodG	-0.0049	349902576
23792	PCodG	0.0139	349967551
2824	PCodG	0.0055	350072796
14869	PCodG	0.0168	350120151
18273	PCodG	0.1	350143141
7803	PCodG	-0.0026	350143229
17102	PCodG	0.0459	350534327
16005	PCodG	0.0055	350610113
2390	PCodG	0.1101	350870047
14889	PCodG	0.0049	350932463
4522	PCodG	0.0048	351038299
1228	PCodG	0.0117	351127601
7027	PCodG	-0.0049	351131613
11154	PCodG	0.0354	351524448
18514	PCodG	0.0419	351665263
18586	PCodG	-0.0029	351666184
3339	PCodG	0.1201	351747868
11170	PCodG	0.0259	351774533
20770	PCodG	-0.0044	351853695
15104	PCodG	0.0083	351919340
23009	PCodG	0.0476	351979778
1048	PCodG	-0.0052	352125522
14505	PCodG	0.0182	352131809
1689	PCodG	0.0015	352154206
315	PCodG	0.0427	352391205
6693	PCodG	0.0035	353268111
4140	PCodG	-0.0039	353313453
5441	PCodG	-0.0028	353502743
10933	PCodG	-0.0059	354512547
11116	PCodG	0.0437	354618940
20257	PCodG	0.0097	354740424
23883	PCodG	-0.0051	354812243
22436	PCodG	-0.0051	355025524
10960	PCodG	0.0373	355686191
3541	PCodG	0.0615	355686279
8295	PCodG	0.2795	356010698
7768	PCodG	0.0097	356160505
734	PCodG	0.0123	356370151
2587	PCodG	0.0026	356990303
13384	PCodG	0.0353	357232937
8847	PCodG	0.1091	357817937
13418	PCodG	0.036	358088341
11003	PCodG	0.019	358121597
490	PCodG	0.0291	358311462
616	PCodG	0.0085	358326190
18528	PCodG	-0.0019	358475449
1078	PCodG	0.0021	358526123
23334	PCodG	0.0194	358638322
17625	PCodG	-0.0058	358742787
9770	PCodG	0.0527	358783553
21704	PCodG	0.0067	358925276
18659	PCodG	-0.0031	358951636
618	PCodG	-8.00E-04	359112644
24167	PCodG	0.1058	359277554
12622	PCodG	0.0257	359315004
22282	PCodG	-0.0028	359475108
16814	PCodG	0.1725	359714382
23723	PCodG	0.0089	359780578
6353	PCodG	0.0355	360143412
16325	PCodG	-0.0054	360213441
20625	PCodG	0.0251	360497065
25091	PCodG	-0.006	360618328
5711	PCodG	0.0908	360766018
24451	PCodG	6.00E-04	360976087
8330	PCodG	-0.0022	361029832
25561	PCodG	0.1248	361121886
13188	PCodG	0.0437	361426521
6608	PCodG	0.0379	361443112
1975	PCodG	-0.001	361838567
19651	PCodG	0.042	361968207
1970	PCodG	0.0403	362238760
9717	PCodG	-0.0013	362329385
21726	PCodG	-0.0046	362391221
3594	PCodG	-0.0017	362691061
5781	PCodG	0.0023	362786197
14517	PCodG	0.016	362803426
10410	PCodG	0.1982	362803514
22304	PCodG	-0.007	362896781
10662	PCodG	0.0104	362896869
7910	PCodG	0.0182	363360735
21403	PCodG	-0.0047	363578046
815	PCodG	0.001	363902412
2204	PCodG	0.0064	364021230
20732	PCodG	0.0976	364021318
15774	PCodG	0.0212	364056412
17597	PCodG	0.0452	364453361
19720	PCodG	0.0223	364628321
9102	PCodG	0.0316	364628409
20215	PCodG	0.0077	364717038
20609	PCodG	0.057	364878992
5699	PCodG	0.0199	364925289
2425	PCodG	0.0385	365073689
5580	PCodG	0.0261	365073777
15239	PCodG	0.0715	365301829
14839	PCodG	0.1008	365350235
9119	PCodG	0.0125	365518680
14702	PCodG	0.0049	365518768
20364	PCodG	0.097	365592521
15997	PCodG	0.0203	366004450
7089	PCodG	-5.00E-04	366152252
24342	PCodG	0.0617	366255229
2974	PCodG	-0.0017	366506833
8389	PCodG	0.0091	366595603
388	PCodG	0.0534	366595691
13422	PCodG	0.0341	366596552
16215	PCodG	0.0504	366601149
14804	PCodG	0.0085	366720316
13909	PCodG	0.008	366720862
4492	PCodG	0.064	366720862
23487	PCodG	0.096	366740747
3129	PCodG	-0.0044	366817700
21492	PCodG	0.2217	366873815
21779	PCodG	0.0624	366885294
1441	PCodG	0.148	367110338
7690	PCodG	0.0077	367968121
11313	PCodG	0.1303	368307293
3417	PCodG	0.0243	368463831
7203	PCodG	0.016	368491388
24098	PCodG	0.1002	368542475
10462	PCodG	0.0117	368609718
13563	PCodG	0.1	368609806
15327	PCodG	0.0272	368930376
8461	PCodG	0.0053	368953114
4989	PCodG	0.0395	369040099
14864	PCodG	0.0216	369164888
8388	PCodG	-0.003	369249079
721	PCodG	0.066	369656636
10245	PCodG	0.0409	369680974
5151	PCodG	-0.0043	369715817
7890	PCodG	0.0124	370071952
10954	PCodG	5.00E-04	370103820
10715	PCodG	0.0074	370608171
21302	PCodG	0.1383	371422812
15316	PCodG	0.0044	371668107
17654	PCodG	0.0477	371706172
2861	PCodG	0.0197	372185095
4185	PCodG	0.0167	372566056
6631	PCodG	0.0199	372566877
1463	PCodG	0.0141	372886209
25130	PCodG	0.0121	373752206
8726	PCodG	0.0544	373802705
5333	PCodG	0.0132	373977505
1339	PCodG	0.0288	373991577
4402	PCodG	0.0038	374339482
6597	PCodG	-0.0046	374503391
25649	PCodG	-0.0068	374623881
3832	PCodG	-0.0058	374744831
12884	PCodG	0.0413	374744921
10218	PCodG	-0.0041	374882549
24824	PCodG	0.0328	375028748
11354	PCodG	-0.0034	375702414
22407	PCodG	-0.0021	376025309
12948	PCodG	0.0822	376119832
9675	PCodG	0.0406	376946235
22476	PCodG	0	376957906
22688	PCodG	-0.0068	377196640
4088	PCodG	0.0059	377672647
331	PCodG	0.0079	378001677
14492	PCodG	0.0073	378123769
8046	PCodG	0.0072	378651774
3102	PCodG	0.1748	379081547
11749	PCodG	0.0063	379085474
1002	PCodG	0.1366	379642741
1159	PCodG	-0.0157	379664728
20664	PCodG	0.0299	379760397
8885	PCodG	0.017	379864505
14266	PCodG	0.0632	379898311
148	PCodG	-0.0059	380004428
24483	PCodG	-0.0039	380019210
20714	PCodG	0.0039	380250787
6270	PCodG	-0.0013	380533500
9731	PCodG	0.0394	380544717
12869	PCodG	-0.0058	381074645
1936	PCodG	0.0123	381292625
3524	PCodG	-0.0057	381292713
2917	PCodG	-0.0049	381491045
3379	PCodG	0.0073	381510340
17977	PCodG	0.0022	381693703
12155	PCodG	0.1075	381693791
9506	PCodG	0.0343	381801884
18687	PCodG	0	381808441
13430	PCodG	0.062	381946415
4754	PCodG	0.0292	382001218
22355	PCodG	-0.0058	382110024
844	PCodG	0.0214	382319576
10079	PCodG	0.1954	382348258
17947	PCodG	-0.0041	382522917
3228	PCodG	0.0901	382612379
10821	PCodG	0.0146	382670641
19231	PCodG	0.0052	382763678
6360	PCodG	0.1188	382944315
17320	PCodG	0.093	382989178
10086	PCodG	0.0759	383038127
7952	PCodG	-0.0019	383078950
2429	PCodG	0.0166	383677508
18808	PCodG	0.0576	383833573
23694	PCodG	0.0017	383874354
20070	PCodG	-0.0014	383888423
15623	PCodG	-0.0026	383891990
7698	PCodG	-0.0048	383917191
24801	PCodG	0.012	384086231
17490	PCodG	0.0559	384207688
7953	PCodG	0.0121	384258482
4760	PCodG	-3.00E-04	384776896
1712	PCodG	0.0094	384822570
22898	PCodG	0.1787	384935047
12866	PCodG	0.0121	385472320
5697	PCodG	0.0044	385665896
3341	PCodG	0.0029	385680625
2752	PCodG	0.0218	385859028
14341	PCodG	0.0046	385949897
18404	PCodG	0.0741	386116068
8727	PCodG	0.1289	387367274
7559	PCodG	0.0044	388004334
12099	PCodG	0.0135	388483960
16457	PCodG	-0.0052	390031308
10539	PCodG	0.1404	390436057
14473	PCodG	0.1325	390445011
23740	PCodG	0.0091	390505161
7271	PCodG	2.00E-04	390505249
7370	PCodG	-0.006	390661070
12738	PCodG	0.2326	390861006
6031	PCodG	0.2756	391009105
11505	PCodG	-0.0014	391041377
12664	PCodG	0.0397	391123899
2175	PCodG	0.0095	391443052
15274	PCodG	0.0145	391972725
3523	PCodG	-8.00E-04	392039434
18075	PCodG	-0.0045	392302616
11947	PCodG	0.0188	393390566
1722	PCodG	-0.0056	393488878
6244	PCodG	-0.0057	393489936
20400	PCodG	0.0612	393492978
8527	PCodG	0.0151	393841370
14502	PCodG	0.0467	393895009
9579	PCodG	0.0291	393928794
20691	PCodG	0.0853	393985876
4004	PCodG	0.0077	393997328
23412	PCodG	-0.0065	394135785
12921	PCodG	0.0801	394210495
860	PCodG	-9.00E-04	394246781
6938	PCodG	0.0228	394377574
20908	PCodG	0.0957	394413776
18934	PCodG	0.0383	394417156
6926	PCodG	0.0199	394441257
20588	PCodG	0.0166	394457324
20017	PCodG	-0.0052	394481972
832	PCodG	-0.0059	394518373
15850	PCodG	0.0216	394614211
20546	PCodG	0.0701	394809123
10691	PCodG	0.04	394876837
1589	PCodG	-0.0062	394966924
16354	PCodG	0.0125	395368636
23903	PCodG	-0.0051	395495371
19158	PCodG	0.011	395529419
1031	PCodG	-0.0044	396687583
4729	PCodG	-0.0049	396790565
20781	PCodG	0.0168	396850093
23685	PCodG	0.0723	396902714
17217	PCodG	0.0894	396924041
11486	PCodG	0.0488	396924129
10076	PCodG	0.0106	396993368
8601	PCodG	0.0104	396995581
13316	PCodG	0.0182	397182242
18858	PCodG	0.1027	397656635
23929	PCodG	0.1037	397682085
18662	PCodG	0.001	398350120
23827	PCodG	0.0024	398354726
7730	PCodG	0.0071	398376653
9187	PCodG	7.00E-04	398383824
23451	PCodG	0.008	398408388
13209	PCodG	0.0134	398737719
6969	PCodG	0.0061	398749468
9449	PCodG	0.2896	399103241
17708	PCodG	-0.0055	399992117
16480	PCodG	0.002	400171591
16520	PCodG	0.0449	400418887
19965	PCodG	5.00E-04	400472172
19393	PCodG	0.1966	400531881
5264	PCodG	-0.0051	400566177
9228	PCodG	0.0115	400628314
11552	PCodG	0.0249	401071907
2967	PCodG	-0.0073	401233546
1560	PCodG	0.2006	401545581
16535	PCodG	0.0166	401822030
2813	PCodG	0.0336	402088995
16599	PCodG	0.0107	402359663
22615	PCodG	-0.0049	402412427
10742	PCodG	-0.0064	402465956
18621	PCodG	0.0226	402524331
5590	PCodG	0.0193	403033607
21411	PCodG	0.0594	403097791
12206	PCodG	0.0054	403133743
4849	PCodG	-7.00E-04	403167424
22596	PCodG	0.062	403217951
88	PCodG	-0.0059	403226675
1567	PCodG	0.0562	403423871
7096	PCodG	-0.0032	403423959
1160	PCodG	0.0818	403561935
15474	PCodG	-0.0064	403567902
2820	PCodG	0.0784	403580743
14510	PCodG	0.005	403603421
19193	PCodG	-3.00E-04	403664562
22839	PCodG	0.0278	404031392
13082	PCodG	0.0563	404087082
974	PCodG	0.0399	404087170
15398	PCodG	9.00E-04	404146611
19971	PCodG	-0.0055	404594687
12709	PCodG	-0.0054	404639530
4894	PCodG	-1.00E-04	404672080
12425	PCodG	0.0615	404698054
13314	PCodG	0.0068	404777388
18089	PCodG	0.0144	404995226
22889	PCodG	0.0486	405256298
20061	PCodG	0.0068	405448137
6319	PCodG	0.015	405505318
25087	PCodG	-0.0051	405590891
4824	PCodG	0.0046	405643667
11386	PCodG	0.0226	405675414
8246	PCodG	-0.0064	405739463
20964	PCodG	0.0173	405836369
5679	PCodG	-0.0059	405931788
23550	PCodG	-0.0088	406026503
19543	PCodG	0.0155	406053708
20895	PCodG	-0.0079	406077657
6878	PCodG	0.0875	406466192
9789	PCodG	0.0199	406527800
10839	PCodG	0.0289	406653924
24029	PCodG	0.0139	406654012
6417	PCodG	0.097	406659190
12295	PCodG	0.0335	406895821
19194	PCodG	0.0436	407050795
15326	PCodG	0.017	407337521
4079	PCodG	-0.0061	407430623
20672	PCodG	0.0334	407458583
10756	PCodG	-7.00E-04	407546065
14166	PCodG	-0.0058	407981940
20023	PCodG	0.0168	408024003
15652	PCodG	0.0757	408096542
20568	PCodG	0.0074	408105645
20649	PCodG	0.0174	408282732
3849	PCodG	0.0102	408326710
6658	PCodG	0.0535	408478885
240	PCodG	-0.0027	408761057
7193	PCodG	0.0094	408769097
10284	PCodG	5.00E-04	409079869
3484	PCodG	0.0737	409142132
22789	PCodG	0.0972	409145485
9354	PCodG	0.0411	409221336
14730	PCodG	-0.0068	409320043
12070	PCodG	0.0032	409842185
11133	PCodG	-0.0028	410349151
13607	PCodG	0.106	410555872
20473	PCodG	0.0034	410845800
2850	PCodG	0.0048	410893465
22794	PCodG	-0.0051	410894288
8759	PCodG	0.0111	410992944
16966	PCodG	0.0203	411091437
25025	PCodG	0.0207	411101760
2539	PCodG	0.0082	411214376
6526	PCodG	0.0017	411227640
12956	PCodG	0.0609	411249454
17335	PCodG	-0.0019	411268756
12025	PCodG	0.0011	411330919
24485	PCodG	-0.003	411370941
25199	PCodG	0.0132	411572050
21071	PCodG	0.0275	411628859
1066	PCodG	0.0173	411691329
19391	PCodG	0.0202	412380090
142	PCodG	0.001	413030538
19554	PCodG	0.1314	413097782
117	PCodG	-0.0039	413352643
13221	PCodG	-0.0037	413352731
2029	PCodG	-0.0064	414090589
6454	PCodG	2.00E-04	414224496
7227	PCodG	-0.0068	414781999
24841	PCodG	0.0031	414955502
13352	PCodG	-0.0017	415001721
11646	PCodG	0.1388	416402008
21633	PCodG	0.1075	416568111
22331	PCodG	-0.0055	416666420
6315	PCodG	0.0072	416700413
19559	PCodG	0.0179	416714358
18297	PCodG	-0.0045	416934349
22295	PCodG	0.2347	416971083
19853	PCodG	0.0789	417096103
23511	PCodG	0.0178	417376831
3066	PCodG	0.0033	417767718
5730	PCodG	0.0075	417792896
2844	PCodG	0.0021	418299992
3086	PCodG	-0.0023	418421181
4841	PCodG	-0.0049	418723360
13600	PCodG	0.0985	419304635
15752	PCodG	0.1071	420332825
22999	PCodG	0.085	420365920
8209	PCodG	0.0417	420720703
11872	PCodG	-0.0064	420796335
23279	PCodG	0.0424	420824554
24219	PCodG	0.2271	421428039
11843	PCodG	-0.001	421589905
20525	PCodG	-0.0019	421604063
13083	PCodG	0.0355	421625380
6403	PCodG	0.0061	421625468
13818	PCodG	-0.0037	421762605
13485	PCodG	-0.0053	422024493
23099	PCodG	0.1246	422346164
17941	PCodG	0.0172	422579015
19864	PCodG	0.4168	422766180
17046	PCodG	0.0936	422786889
13533	PCodG	0.0171	422792009
22286	PCodG	0.0448	422867518
24284	PCodG	-0.0044	423620813
14405	PCodG	0.0135	423706816
11234	PCodG	0.0814	424308117
23633	PCodG	-0.0045	424460737
20742	PCodG	0.0954	424572536
19910	PCodG	-0.0024	424900852
6970	PCodG	0.1135	424963020
9393	PCodG	0.0229	425092017
9100	PCodG	0.0773	425124636
3338	PCodG	-0.0068	425353816
15528	PCodG	0.1767	425707781
19146	PCodG	0.123	425798298
9162	PCodG	0.0029	426305957
13626	PCodG	0.0613	426324664
2149	PCodG	0.0177	426610567
17255	PCodG	-0.0039	427127041
20078	PCodG	0.048	427449078
952	PCodG	-0.0029	427776408
2997	PCodG	0.0632	427880648
11129	PCodG	0.0476	427975588
19899	PCodG	0.0056	428433504
19735	PCodG	0.3033	428488573
11899	PCodG	0.0823	428860195
24886	PCodG	0.1993	429427922
3331	PCodG	0.059	429839505
19739	PCodG	-0.0073	429961947
5722	PCodG	0.0208	430004014
10414	PCodG	-0.0048	430138244
12972	PCodG	0.0077	430661947
7571	PCodG	0.0349	430776859
25252	PCodG	-0.0037	430789775
21376	PCodG	-0.0038	431351768
22689	PCodG	0.0283	431351856
3827	PCodG	0.0081	431425226
9144	PCodG	0.0469	431694696
3348	PCodG	0.0131	432516786
348	PCodG	-0.003	432559120
21107	PCodG	-0.0054	433146309
24935	PCodG	-0.0041	433387641
20230	PCodG	0.0407	433542407
23758	PCodG	0.0016	433816179
22657	PCodG	0.3305	433999588
391	PCodG	0.0017	434206234
23321	PCodG	0.0609	434421399
9682	PCodG	0.0394	434618982
1596	PCodG	0.0177	434828218
6498	PCodG	-0.0056	434963187
15165	PCodG	0.1088	434975757
11476	PCodG	-0.0053	435874645
7450	PCodG	-0.0049	436004131
10342	PCodG	-0.0038	436017209
3659	PCodG	-0.0068	436017297
15235	PCodG	-0.0023	436427418
14852	PCodG	0.0176	436474838
4192	PCodG	0.0224	436567408
7537	PCodG	0.0124	436747300
13774	PCodG	0.0114	436768282
20399	PCodG	0	436818447
20719	PCodG	-0.0067	436875808
4242	PCodG	-0.0045	437209165
13725	PCodG	-0.0023	437215983
2329	PCodG	0.0342	437232250
11651	PCodG	0.0671	437311166
14006	PCodG	0.0273	437425116
13297	PCodG	-0.0022	437430524
15168	PCodG	-0.0026	437478520
8019	PCodG	0.0806	437674544
14719	PCodG	0.0947	437675409
12723	PCodG	-0.0054	437741099
2118	PCodG	-0.0015	438577143
18678	PCodG	0.0183	438717294
10232	PCodG	0.0131	438733695
16352	PCodG	-0.0039	438940104
22719	PCodG	-7.00E-04	439245943
18990	PCodG	-0.0058	439423392
23413	PCodG	0.0327	439672566
20085	PCodG	0.0182	439810116
5176	PCodG	-0.0058	439830703
5288	PCodG	-2.00E-04	439899310
8260	PCodG	0.0075	439986656
12218	PCodG	-0.0066	440066277
5637	PCodG	0.0166	440110990
20551	PCodG	0.0631	440300611
1738	PCodG	0.0033	440438050
4108	PCodG	0.028	440478334
6835	PCodG	-0.006	440537229
19994	PCodG	0.0283	440661885
3865	PCodG	0.0085	440776982
19076	PCodG	-0.0038	440782633
3488	PCodG	0.1004	440782721
17368	PCodG	-4.00E-04	440811752
4032	PCodG	-0.0037	441164681
19940	PCodG	0.0068	441187919
21905	PCodG	-0.0041	441268942
24025	PCodG	-0.0056	441367362
4782	PCodG	0.0708	442584610
23482	PCodG	0.0495	442584698
24586	PCodG	-0.0018	442739854
6525	PCodG	0.0423	442850592
17480	PCodG	0.0075	443078423
19884	PCodG	-9.00E-04	443469584
8746	PCodG	0.0144	443570573
13406	PCodG	0.0244	443583642
19458	PCodG	0.0308	443610135
376	PCodG	-0.0056	444266664
25129	PCodG	0.0066	444363923
22813	PCodG	0.0368	444720656
2327	PCodG	0.0015	444778097
9922	PCodG	0.0289	444918177
10840	PCodG	0.0331	445843096
25139	PCodG	3.00E-04	446021464
13333	PCodG	0.3525	446482731
18698	PCodG	-0.0031	446524120
3547	PCodG	0.0421	447902194
19772	PCodG	-0.0067	447937556
2100	PCodG	0.0016	448058751
377	PCodG	0.0024	448164114
12054	PCodG	-0.0031	448169224
18312	PCodG	0.0195	448192541
22687	PCodG	0.028	448192629
22068	PCodG	0.4035	448268038
25297	PCodG	0.0508	448495743
23917	PCodG	-0.0038	448526410
2648	PCodG	0.0645	449281708
14559	PCodG	0.0122	449284205
21336	PCodG	0.0614	449331762
17325	PCodG	-0.0061	449970959
8816	PCodG	0.0046	450094152
5973	PCodG	-0.0055	450237141
21772	PCodG	-0.0044	450244024
14930	PCodG	-0.0012	450245458
6467	PCodG	-0.0064	450313936
9190	PCodG	0.0179	450415998
15887	PCodG	0.0172	450528567
13369	PCodG	-0.005	450658225
4549	PCodG	-0.0026	451066058
4893	PCodG	-0.0056	451085652
17436	PCodG	0.0049	451085740
1817	PCodG	-0.002	451362899
11462	PCodG	-0.0035	451389749
24774	PCodG	0.0804	451401180
3639	PCodG	-0.0051	451409187
14979	PCodG	0.0382	451931754
3601	PCodG	-0.0061	452094973
3680	PCodG	0.0094	452381413
6426	PCodG	0.0797	452526928
2082	PCodG	-0.0044	452630209
25103	PCodG	0.0082	453086698
13196	PCodG	-0.0056	453123753
15351	PCodG	0.0397	453214943
6533	PCodG	0.0075	453241522
9833	PCodG	0.0226	453906395
730	PCodG	-0.0057	453906483
22084	PCodG	0.0266	454241665
23180	PCodG	-0.0047	454251466
419	PCodG	-0.0036	454293011
11574	PCodG	0.0214	454354804
11027	PCodG	0.0299	454450453
7869	PCodG	0.0044	454464350
17643	PCodG	0.0051	454606175
15229	PCodG	0.0307	454606263
12120	PCodG	-0.0048	454978342
19725	PCodG	0.0027	454979953
19885	PCodG	0.0608	454990878
4885	PCodG	0.1639	455082463
10560	PCodG	0.0974	455116434
21851	PCodG	0.1066	455473288
12979	PCodG	-0.0051	455745367
2491	PCodG	0.042	455879021
3939	PCodG	0.0801	456225717
7230	PCodG	-0.007	457612326
228	PCodG	0.041	457782832
17282	PCodG	0.0199	457868793
21788	PCodG	-0.0084	457905248
9590	PCodG	0.0158	458170397
12636	PCodG	0.0091	458992787
11337	PCodG	-0.0044	459101790
24840	PCodG	-0.0055	459390816
3822	PCodG	-0.0056	459446870
23493	PCodG	-0.0044	459910913
7367	PCodG	-0.0037	460153818
1734	PCodG	0.0088	460208983
22323	PCodG	0.2568	460274580
4097	PCodG	-0.0052	460726349
3328	PCodG	0.02	460726437
18594	PCodG	0.0177	460800005
16880	PCodG	0.027	461825228
14045	PCodG	-0.0058	462142831
23645	PCodG	0.0066	462714322
14727	PCodG	0.0155	462762313
24077	PCodG	0.0201	463078573
15378	PCodG	0.0059	463078573
13980	PCodG	0.0034	463078661
20837	PCodG	0.0625	463524152
6368	PCodG	0.0558	463524240
23272	PCodG	-0.004	464000195
9812	PCodG	-0.0044	464021032
8217	PCodG	-0.0039	464606529
6604	PCodG	0.0196	464628681
11072	PCodG	-0.0043	464677962
15571	PCodG	0.0141	464821432
15323	PCodG	0.025	464853294
9247	PCodG	-0.0031	464884846
3120	PCodG	-0.0012	464912262
8183	PCodG	-0.0044	464943126
6500	PCodG	0.0046	464965751
3561	PCodG	0.1785	465133204
21596	PCodG	0.029	465532243
13304	PCodG	0.0591	465923611
12322	PCodG	0.1223	466109281
13521	PCodG	0.0111	466705069
9640	PCodG	-0.0067	466880414
6187	PCodG	-0.0033	467199491
22348	PCodG	0.0175	467492223
24895	PCodG	-0.0059	467687059
6860	PCodG	0.0138	467881661
16011	PCodG	-4.00E-04	467916877
3175	PCodG	-0.0055	467972309
21482	PCodG	0.0189	468031545
12721	PCodG	-0.0055	468341522
14268	PCodG	-0.0021	468410732
18523	PCodG	-0.0066	468883542
9210	PCodG	-0.0033	468883630
24400	PCodG	0.0198	468943027
22530	PCodG	0.0238	469066072
287	PCodG	-0.0018	469169088
20500	PCodG	-0.0031	469247800
3460	PCodG	0.0309	469453083
23727	PCodG	0.0011	469465538
4892	PCodG	0.0276	469514289
17097	PCodG	0.044	469787424
1711	PCodG	0.021	469803874
13505	PCodG	0.023	469965090
2998	PCodG	0.0033	470381958
6230	PCodG	-0.0058	470539043
1660	PCodG	5.00E-04	470608513
3825	PCodG	0.0214	471027685
5398	PCodG	0.0166	471210884
11113	PCodG	-0.002	471230230
19141	PCodG	-0.0058	471663808
22690	PCodG	0.0677	471712683
16933	PCodG	0.046	471753403
21647	PCodG	0.0125	471839257
12705	PCodG	0.0633	472081617
10440	PCodG	0.0317	472372902
512	PCodG	-0.0058	472483661
17497	PCodG	0.1686	472685077
8808	PCodG	0.0225	472776983
10139	PCodG	0.0012	472998029
6886	PCodG	-0.0049	473318176
24089	PCodG	-0.0058	474231418
22788	PCodG	1.00E-04	474420125
19537	PCodG	-8.00E-04	474787828
10151	PCodG	0.0616	474864109
20928	PCodG	0.0112	474980018
13237	PCodG	0.0053	475042131
17624	PCodG	0.0613	475095648
25511	PCodG	-0.0012	475136383
10921	PCodG	-8.00E-04	475245236
22858	PCodG	-0.0039	475318732
18534	PCodG	-0.0041	475418628
16153	PCodG	0.1103	475474126
20424	PCodG	0.0062	475603574
6773	PCodG	0.0177	476017170
3076	PCodG	-0.0029	476054324
18094	PCodG	-0.0045	476147533
24062	PCodG	1.00E-04	476516132
11422	PCodG	-0.0046	476519519
20624	PCodG	0.008	476583837
17837	PCodG	-0.0024	476606221
22085	PCodG	0.0366	476616908
13104	PCodG	0.0168	476676920
6735	PCodG	0.0044	476689296
21907	PCodG	-0.0049	476728009
23082	PCodG	0.0065	476787452
13802	PCodG	-0.0059	476809592
7976	PCodG	0.0035	476919401
4495	PCodG	0.0149	476948458
4508	PCodG	1.00E-04	477230684
15459	PCodG	-0.0054	477791304
18579	PCodG	0.0421	477882012
6637	PCodG	-0.0039	478048549
5539	PCodG	0.0318	478187848
20689	PCodG	0.0475	478410858
6845	PCodG	-0.0054	478492681
1729	PCodG	0.0121	478979484
9987	PCodG	0.0012	479169248
25187	PCodG	0.0501	479843740
23095	PCodG	-6.00E-04	480080365
10761	PCodG	0.0069	480154478
25296	PCodG	-0.0039	480497942
20997	PCodG	0.0163	480500144
19513	PCodG	0.0068	480602003
1020	PCodG	-0.001	480695447
14765	PCodG	-0.0058	480695535
3261	PCodG	0.0346	481045338
15248	PCodG	-0.0046	481262280
7847	PCodG	0.1227	481266096
9097	PCodG	0.045	481418419
15185	PCodG	-0.0054	481656062
13610	PCodG	0.0131	481659469
8606	PCodG	0.0828	481784322
19181	PCodG	0.0097	481787588
12242	PCodG	-0.0037	481799558
24910	PCodG	-0.0052	482022862
10595	PCodG	-0.0057	482116471
14909	PCodG	0.0225	482150629
16931	PCodG	-0.0029	482218151
24478	PCodG	0.0025	482255016
15207	PCodG	-0.0061	482337408
21666	PCodG	0.0184	482455228
10760	PCodG	0.0585	482538699
23494	PCodG	0.0081	482570161
4720	PCodG	-0.003	482570249
20517	PCodG	-0.0024	482848075
15488	PCodG	0.0259	482870975
13338	PCodG	0.0348	483160568
13124	PCodG	-3.00E-04	483299012
4176	PCodG	7.00E-04	483333293
21289	PCodG	-0.006	483632645
7412	PCodG	0.0045	484595139
17875	PCodG	0.032	484633008
17165	PCodG	0.017	484896955
14174	PCodG	0.006	485035764
18149	PCodG	0.0911	485095945
6065	PCodG	0.0749	485114802
5766	PCodG	0.05	485427288
13152	PCodG	-0.0061	485465828
11951	PCodG	-0.0061	485468236
19630	PCodG	0.0233	485559844
17552	PCodG	0.0689	485657287
10620	PCodG	-0.0061	486532206
4062	PCodG	-0.0029	487155840
3834	PCodG	-0.0045	487505269
14371	PCodG	1.00E-04	488128312
2623	PCodG	-0.006	488186916
24891	PCodG	0.0451	488409513
13501	PCodG	0.0289	488409601
7421	PCodG	0.0181	488576553
22830	PCodG	-0.0057	488789666
13857	PCodG	0.0099	488980572
17619	PCodG	-0.0034	489026572
9331	PCodG	-0.0045	489573375
12294	PCodG	0.0167	490032143
7647	PCodG	-0.0046	490244052
6492	PCodG	0.0042	490748745
5617	PCodG	0.0102	490940581
3564	PCodG	-0.006	490984891
6677	PCodG	0.0074	491123758
14550	PCodG	-0.0057	491123846
888	PCodG	0.0134	491333894
23618	PCodG	-0.0041	492610085
15805	PCodG	0.0701	492648501
6563	PCodG	0.015	492722344
11222	PCodG	-0.006	493118570
21721	PCodG	0.0206	493164658
22653	PCodG	-0.0045	493334684
768	PCodG	-0.0058	493372610
25161	PCodG	0.0261	493489260
13856	PCodG	-0.003	493551142
18741	PCodG	0.042	494074690
12068	PCodG	0.0276	494899914
20259	PCodG	0.0282	494914581
9168	PCodG	0.0721	494947435
8150	PCodG	-0.0055	494947523
13908	PCodG	0.0064	495064194
2279	PCodG	0.053	495221470
25065	PCodG	0.0183	495237437
1770	PCodG	0.0136	495261045
3186	PCodG	1.00E-04	495284936
6520	PCodG	-0.0028	495344909
19241	PCodG	-0.0063	495488125
8747	PCodG	-7.00E-04	495798222
17070	PCodG	0.0488	496556795
7731	PCodG	0.0333	496568927
23368	PCodG	0.0103	496577452
22621	PCodG	-0.0054	497085717
11564	PCodG	0.0393	497253738
13982	PCodG	0.0168	497368702
4744	PCodG	-9.00E-04	497396116
14475	PCodG	0.0206	497515787
22126	PCodG	0.1149	497526141
25624	PCodG	0.0185	497554839
19679	PCodG	0.0821	497629349
183	PCodG	0.0082	497636359
19269	PCodG	0.0389	497737943
9326	PCodG	0.0191	497739600
7333	PCodG	-0.0053	498158284
3061	PCodG	0.1208	498207859
23858	PCodG	0.0032	498219580
694	PCodG	-0.0055	498572209
4536	PCodG	-0.0052	498766266
7335	PCodG	0.035	498936743
236	PCodG	0.0759	499159656
15794	PCodG	0.0839	499303152
6408	PCodG	8.00E-04	499677925
17635	PCodG	0.0392	499809732
9054	PCodG	0.0537	500095471
8690	PCodG	-0.0043	500171211
19854	PCodG	-3.00E-04	500255050
3351	PCodG	0.0436	500526264
12184	PCodG	-0.0041	500775511
5995	PCodG	0.1192	501066609
3416	PCodG	0.0403	501134357
6248	PCodG	0.0018	501516122
22913	PCodG	-0.0064	501800655
23432	PCodG	0.0178	501862055
20670	PCodG	0.0047	501971347
15598	PCodG	0.0261	501994082
20444	PCodG	0.0044	502886576
6962	PCodG	0.0046	503379588
13773	PCodG	0.0022	503466601
13693	PCodG	0.2201	503865693
22655	PCodG	0.0757	503933146
24279	PCodG	0.0378	504240677
2709	PCodG	0.0346	504351750
16211	PCodG	0.2051	504389328
21317	PCodG	0.0309	504441653
9002	PCodG	0.1527	504548892
21826	PCodG	0.0198	505054016
12309	PCodG	0.0088	505065992
18804	PCodG	0.0063	505115910
19011	PCodG	0.1781	505225341
14783	PCodG	-0.003	505280664
17128	PCodG	0.0084	505334807
11686	PCodG	0.0218	505482332
6443	PCodG	-6.00E-04	505747185
10199	PCodG	0.0264	505932050
6960	PCodG	0.0072	506131372
8204	PCodG	0.0747	506243083
18222	PCodG	0.1123	506713665
22791	PCodG	3.00E-04	507061885
22284	PCodG	-0.0022	507061973
11609	PCodG	0.1617	507332380
23549	PCodG	-0.0051	507542402
6333	PCodG	-0.0044	507912654
12895	PCodG	0.0158	507952789
514	PCodG	0.0044	508068726
19731	PCodG	0.0092	508497554
14247	PCodG	-0.0048	508498039
24158	PCodG	0.0395	508608334
9131	PCodG	0.003	508986207
23891	PCodG	0.0133	509433205
4499	PCodG	0.0046	509485291
5562	PCodG	0.2971	509929989
25483	PCodG	0.1571	509960195
19066	PCodG	0.2919	510095089
25009	PCodG	-0.0031	510148142
644	PCodG	0.0111	510842565
23920	PCodG	0.0031	510861775
20186	PCodG	0.0016	511022053
12277	PCodG	0.0198	511023721
6279	PCodG	-0.0032	511559136
3900	PCodG	0.0081	511559224
579	PCodG	-0.0063	511687888
23026	PCodG	7.00E-04	511732499
425	PCodG	0.0043	511806539
5116	PCodG	0.0026	511806627
4172	PCodG	-0.0039	511821142
19061	PCodG	0.0551	511916927
20372	PCodG	0.004	512342350
1452	PCodG	0.017	512353146
14049	PCodG	6.00E-04	512405492
15251	PCodG	0.1215	512419004
10530	PCodG	0.0122	512451461
9565	PCodG	0.0478	513015635
18733	PCodG	0.0392	513139046
18641	PCodG	-0.006	513183803
1323	PCodG	-0.0041	513195033
10711	PCodG	-0.0025	513240322
1285	PCodG	-0.0058	513328693
10529	PCodG	0.015	513357036
15808	PCodG	0.0114	513441410
9726	PCodG	0.021	513618894
16812	PCodG	0.0424	514050538
8915	PCodG	0.0034	514611051
12432	PCodG	0.1579	514792429
21762	PCodG	-0.005	514795061
15066	PCodG	-8.00E-04	514964993
9855	PCodG	0.0587	515100898
769	PCodG	0.0187	515110943
2880	PCodG	0.0734	515111031
4066	PCodG	0.0121	515598207
12693	PCodG	0.004	515651085
16458	PCodG	0.1285	515728339
3405	PCodG	0.0878	515851795
12320	PCodG	0.0562	515863363
3019	PCodG	0.0202	515917027
12520	PCodG	0.0192	515964640
24	PCodG	0.2176	516047873
19541	PCodG	0.0018	516249801
5654	PCodG	0.2023	516693378
10732	PCodG	-0.0038	517364103
11146	PCodG	0.0596	517364191
15373	PCodG	0.016	517558064
8534	PCodG	0.0137	517558152
54	PCodG	0.0425	517567213
12479	PCodG	-0.0048	517731729
6576	PCodG	-0.0056	517814632
14803	PCodG	0.0555	517901563
21097	PCodG	0.0111	518402122
20859	PCodG	0.0195	518710366
22336	PCodG	-0.0031	519132753
1469	PCodG	0.0106	519218309
18793	PCodG	0.0271	519250295
15531	PCodG	0.1851	519882068
22001	PCodG	0.0086	519915045
8873	PCodG	-0.0039	520042336
3138	PCodG	0.194	520097881
5155	PCodG	0.0449	520099671
19758	PCodG	0.039	520358756
1229	PCodG	0.0438	520358844
18306	PCodG	0.0866	520737756
23331	PCodG	0.0962	521200151
2417	PCodG	0.2611	521210420
21100	PCodG	0.0504	521790903
14311	PCodG	0.0203	522001132
9008	PCodG	0.012	522378161
10160	PCodG	0.052	522439004
24005	PCodG	0.0593	522920778
6947	PCodG	0.0082	522961375
24646	PCodG	-0.0047	523021734
19304	PCodG	0.0033	523025983
25052	PCodG	0.0809	523501614
7992	PCodG	0.0177	523837245
18770	PCodG	0.0407	523952501
10836	PCodG	-0.0019	523979357
9274	PCodG	0.0013	523994341
13399	PCodG	-0.0071	524778362
9085	PCodG	0.0633	525472045
22423	PCodG	0.0176	525666175
23520	PCodG	0.1391	525765273
19528	PCodG	-0.0056	526149997
18760	PCodG	0.0099	526282918
5148	PCodG	-0.0023	526283006
20239	PCodG	0.099	526324755
18703	PCodG	-0.0067	526367921
18142	PCodG	0.0058	526569647
21748	PCodG	0.0039	526720642
22761	PCodG	0.0109	526722689
1254	PCodG	-0.0026	526754884
15639	PCodG	1.00E-04	527174128
1092	PCodG	-1.00E-04	527356872
14764	PCodG	-4.00E-04	527469251
4766	PCodG	0.1281	527804024
14236	PCodG	-0.0011	528413638
9970	PCodG	0.0569	528455527
594	PCodG	-0.0056	528642757
15293	PCodG	0.0154	528701713
7127	PCodG	0.0843	528767612
13641	PCodG	0.0457	528805090
9355	PCodG	0.0071	529109303
3023	PCodG	0.045	529715295
20612	PCodG	0.0635	529900082
18835	PCodG	0.051	530061558
11889	PCodG	-0.0045	530073979
9218	PCodG	0.0331	530171788
15667	PCodG	0.004	530311993
11580	PCodG	0.0122	530469526
10738	PCodG	0.0334	530731625
4911	PCodG	-0.0073	530747600
20336	PCodG	0.0363	532544081
23364	PCodG	-0.0024	532756337
17149	PCodG	0.1691	533120070
14912	PCodG	0.0187	533403921
17237	PCodG	-0.0029	533801975
4541	PCodG	-0.0061	534055341
20543	PCodG	-0.0065	534055429
3420	PCodG	-0.0014	534117808
1911	PCodG	0.2221	534382499
20795	PCodG	0.069	534393217
19	PCodG	0.017	534836552
8471	PCodG	6.00E-04	535636171
21996	PCodG	0.0063	535694818
9134	PCodG	7.00E-04	535815045
8514	PCodG	-5.00E-04	535916800
18063	PCodG	0.0228	535923836
11443	PCodG	0.0206	535955916
24292	PCodG	0.0093	536085653
15306	PCodG	6.00E-04	536111914
8026	PCodG	-0.0045	536127018
17350	PCodG	0.0846	536127106
7789	PCodG	0.1228	536177582
4570	PCodG	-0.0057	536230780
20532	PCodG	0.0011	536306570
3797	PCodG	0.0389	536527213
3303	PCodG	-4.00E-04	536839723
14213	PCodG	0.0381	536861577
6988	PCodG	0.0403	536930236
14741	PCodG	0.023	536957875
24471	PCodG	0.023	536957963
24454	PCodG	-6.00E-04	537032688
10226	PCodG	0.093	537616453
24510	PCodG	-0.0045	538041986
5765	PCodG	0.1625	538194265
3000	PCodG	0.0102	538263657
10552	PCodG	-0.003	538310714
16963	PCodG	0.0194	538347443
16	PCodG	0.0149	538548171
15039	PCodG	-0.0053	538548259
10576	PCodG	-0.0053	538847787
2694	PCodG	0.0055	539247127
19138	PCodG	0.0507	539390464
12775	PCodG	-0.0041	539469247
700	PCodG	0.0207	539890306
4214	PCodG	0.0112	539926066
2677	PCodG	0.0168	540282310
25205	PCodG	0.0382	540338859
463	PCodG	0.042	540443026
24309	PCodG	-0.0042	540470882
21559	PCodG	0.0362	540500788
4207	PCodG	0.013	540537329
25322	PCodG	-0.0057	540538338
17254	PCodG	0.0587	540644438
805	PCodG	0.0082	540661057
19022	PCodG	0.0246	540764448
6028	PCodG	0.1881	540940131
2135	PCodG	0.0149	540940219
9852	PCodG	-0.0062	540941717
10441	PCodG	-0.0048	541463326
9865	PCodG	0.0776	541739762
3902	PCodG	-0.0067	541993216
7315	PCodG	0.0849	542261025
18476	PCodG	0.0175	542478865
24994	PCodG	-0.0034	542835518
3501	PCodG	0.0327	542916586
8831	PCodG	0.0115	543107223
1933	PCodG	-0.0062	543249047
3298	PCodG	-0.0029	543518453
24433	PCodG	0.0135	543913982
10501	PCodG	0.0628	543952372
3342	PCodG	0.0467	544036775
8979	PCodG	-0.004	544359831
24980	PCodG	0.0116	545138086
10953	PCodG	0.017	545149657
612	PCodG	0.018	545812719
18047	PCodG	0.0312	545966819
4100	PCodG	-0.0051	546022548
1503	PCodG	-0.0015	546083682
4036	PCodG	0.0511	546121366
13552	PCodG	0.0097	546126270
19821	PCodG	6.00E-04	546436087
20688	PCodG	0.0187	546710026
18512	PCodG	0.0178	546717518
6085	PCodG	0.0588	546762365
17523	PCodG	0.0356	547056328
3867	PCodG	-0.0065	547056416
15526	PCodG	0.0293	547081799
93	PCodG	0.0419	547240116
9192	PCodG	9.00E-04	547248385
23626	PCodG	-0.0055	547691183
23252	PCodG	-0.0047	547736230
7688	PCodG	0.1521	548341759
6314	PCodG	-0.0044	548439073
10785	PCodG	0.0343	548579500
12506	PCodG	-0.0049	548777969
3	PCodG	0.0046	548832167
12430	PCodG	0.0064	548960840
9766	PCodG	0.0036	549057422
23590	PCodG	0.1241	549068408
8409	PCodG	0.0406	549135403
4148	PCodG	-0.0059	549185835
3622	PCodG	-0.0041	549186540
19039	PCodG	-0.006	549216450
2601	PCodG	0.0661	550388991
7988	PCodG	0.0512	550406260
7703	PCodG	-0.0025	550429615
2261	PCodG	0.0121	550572996
3855	PCodG	-0.0045	550718421
17578	PCodG	0.0781	550758771
19650	PCodG	0.2167	551172382
16059	PCodG	-0.0042	551204967
21833	PCodG	0.1839	551211010
17860	PCodG	0.0547	551382408
14902	PCodG	0.0471	551479105
19666	PCodG	0.0564	551595079
14221	PCodG	0.1215	551632394
2366	PCodG	0.014	551814472
18581	PCodG	0.0138	551948304
3043	PCodG	0.0174	551966394
12049	PCodG	4.00E-04	552627075
21920	PCodG	0.0127	552761364
16615	PCodG	0.0171	552979416
12255	PCodG	0.0206	553026958
9323	PCodG	0.0176	553064249
21558	PCodG	0.0162	553225262
2762	PCodG	-0.003	553437210
16563	PCodG	0.017	553453717
14698	PCodG	0.0956	553720523
25554	PCodG	0.0603	553859495
18398	PCodG	0.014	554361304
23429	PCodG	0.0112	555093798
11851	PCodG	0.0405	555538455
12449	PCodG	0.0516	555538544
160	PCodG	1.00E-04	555580266
19384	PCodG	0.0138	555788353
15948	PCodG	0.0053	555836619
9184	PCodG	-0.0033	555990228
18704	PCodG	-0.0069	556064387
3780	PCodG	-0.0052	556125318
951	PCodG	-0.0023	556737041
10150	PCodG	0.0572	556840761
23351	PCodG	-0.0068	556952317
24664	PCodG	-3.00E-04	557206248
18318	PCodG	0.0136	557286715
15841	PCodG	0.0709	557352003
23950	PCodG	0.0887	557352092
11469	PCodG	0.0048	557431505
6318	PCodG	0.0185	557469837
18108	PCodG	0.0176	557576585
6617	PCodG	0.0216	557633124
6388	PCodG	-0.0047	557702943
23060	PCodG	-0.005	557739718
17512	PCodG	0.0386	557759213
15098	PCodG	-0.0047	557861885
5016	PCodG	0.0542	557861973
22905	PCodG	-0.0026	557930041
18331	PCodG	0.0389	558109195
16037	PCodG	0.014	558123716
13608	PCodG	0.1146	558297742
1590	PCodG	0.0015	558627168
5516	PCodG	0.0375	558696185
6306	PCodG	-0.003	559131605
23152	PCodG	0.0259	559342552
613	PCodG	-0.0049	559342936
21924	PCodG	0.0465	559517561
1294	PCodG	0.0363	560019988
21084	PCodG	0.0437	560327469
20242	PCodG	-0.0039	560448505
21106	PCodG	0.096	560934881
14466	PCodG	0.001	560996725
2950	PCodG	-0.0061	561059429
6802	PCodG	0.1376	561238999
23922	PCodG	0.0079	561446587
4458	PCodG	0.082	561545881
14269	PCodG	0.0395	561799576
13712	PCodG	0.0013	562078264
22445	PCodG	-0.006	562134513
24742	PCodG	0.0059	562135701
4174	PCodG	0.017	562361844
4081	PCodG	-0.0055	562545007
17004	PCodG	0.1717	562607436
20082	PCodG	7.00E-04	563437870
6983	PCodG	0.1076	563516132
3413	PCodG	0.0459	563984806
25162	PCodG	0.0667	564007824
19286	PCodG	0.0169	564016992
20462	PCodG	0.0061	564063806
22899	PCodG	0.352	564165445
24986	PCodG	-0.0028	564221412
23627	PCodG	-0.0045	564358481
22022	PCodG	-0.0014	564495730
22061	PCodG	0	564537152
21537	PCodG	-0.0043	564759752
1739	PCodG	0.0387	564990716
1253	PCodG	0.0827	565233881
23361	PCodG	-0.0044	565443965
23721	PCodG	-0.004	565620807
13934	PCodG	0.0065	565910225
792	PCodG	0.0099	566894733
6565	PCodG	0.0654	566968758
17600	PCodG	0.0105	567011060
13531	PCodG	-0.005	567405293
14592	PCodG	-0.0065	567660237
9610	PCodG	0.0115	567956603
12762	PCodG	0.0165	568070422
7205	PCodG	0.1361	568283927
5030	PCodG	0.0351	568361567
4440	PCodG	0.0778	568417811
20835	PCodG	0.0158	568545018
8056	PCodG	0.0987	568555755
7206	PCodG	0.0675	569361212
22349	PCodG	-0.0015	569430098
5035	PCodG	0.0171	569485731
21060	PCodG	0.0303	569538770
2554	PCodG	0.0159	569558666
23115	PCodG	0.002	569558666
1349	PCodG	-0.0053	569776267
6989	PCodG	0.0897	569799426
2718	PCodG	0.1735	569841668
9705	PCodG	0.0974	569913094
10316	PCodG	0.0199	569929568
21671	PCodG	0.0015	570098983
1889	PCodG	0.0177	570453526
9347	PCodG	-0.0057	570458703
19502	PCodG	0.0021	570483956
7583	PCodG	0.0236	570526356
11144	PCodG	0.0029	570591926
17615	PCodG	0.0029	570688062
16393	PCodG	0.0092	571031551
10134	PCodG	0.0183	571492358
1629	PCodG	-0.0047	572012679
11611	PCodG	0.0393	572257834
8484	PCodG	3.00E-04	572344095
525	PCodG	0.0031	572438747
3196	PCodG	0.0625	572471242
12937	PCodG	-0.0027	572551315
11537	PCodG	0.0403	572728219
24734	PCodG	0.0017	572810403
6913	PCodG	0.0281	572962747
12711	PCodG	0.0868	573016249
4759	PCodG	0.0125	573124549
647	PCodG	0.0396	573186855
22364	PCodG	0.0258	573264857
20374	PCodG	0.0221	573264945
9275	PCodG	0.0229	573360810
5813	PCodG	-0.0054	573505764
8289	PCodG	0.0965	573774585
14296	PCodG	0.0077	573954137
13379	PCodG	0.0405	574550545
4539	PCodG	0.1043	575243293
24979	PCodG	0.084	575297284
2382	PCodG	0.0147	575620953
22328	PCodG	0.0506	575738954
1939	PCodG	0.034	575997615
20486	PCodG	-5.00E-04	576267050
22386	PCodG	0.0393	576383023
16861	PCodG	-0.0061	576417321
22992	PCodG	0.0222	576532054
17461	PCodG	-0.0055	576613105
5776	PCodG	0.0029	576648612
22242	PCodG	0.0816	576706865
3499	PCodG	0.0374	576781483
14115	PCodG	0.0369	576852211
23608	PCodG	0.024	577107126
2309	PCodG	3.00E-04	577844471
2498	PCodG	0.0268	577881127
14710	PCodG	0.0174	578196166
6816	PCodG	0.0047	578259374
4332	PCodG	-0.006	578571753
12568	PCodG	0.024	578599448
16418	PCodG	0.0175	578956759
14305	PCodG	0.0019	579853259
9492	PCodG	-0.0045	579991923
8554	PCodG	0.024	580015929
5744	PCodG	-0.0055	580099443
5431	PCodG	0.0871	580465661
22842	PCodG	-0.0061	580540173
5859	PCodG	-0.0057	580985443
15780	PCodG	-0.007	581025681
16790	PCodG	0.0073	581372167
24136	PCodG	0.0508	581935528
17917	PCodG	0.0076	581961167
13656	PCodG	-0.0068	581990242
11343	PCodG	0.0376	581990330
11211	PCodG	0.0234	582380339
8936	PCodG	8.00E-04	582499825
13253	PCodG	0.1413	582779592
13756	PCodG	0.0998	582801617
5633	PCodG	0.0207	583047236
17892	PCodG	0.0748	583075690
630	PCodG	0.0964	583075778
24265	PCodG	-0.0051	583177995
12886	PCodG	0.0554	583248465
10928	PCodG	-0.0053	583401671
392	PCodG	0.0143	583401759
14913	PCodG	-0.0029	583403107
6080	PCodG	0.0395	583403195
25016	PCodG	0.0275	583711846
13432	PCodG	-0.0041	583714889
15122	PCodG	-5.00E-04	583758687
15171	PCodG	0.0701	584333679
7627	PCodG	-0.0059	584354061
5538	PCodG	0.027	584666560
16231	PCodG	0.0748	584775190
16517	PCodG	0.0915	584950275
11675	PCodG	0.0104	585031273
5662	PCodG	0.0087	585167404
6846	PCodG	0.0174	585410385
16180	PCodG	-0.0039	585559592
7216	PCodG	0.0012	586332254
16098	PCodG	-0.0083	586479010
13620	PCodG	-0.004	586736281
24232	PCodG	0.0097	586839535
10598	PCodG	0.0324	586963166
899	PCodG	-0.0048	586963254
23426	PCodG	0.0815	587557885
12555	PCodG	0.0627	587652304
1407	PCodG	-0.0044	588026572
15958	PCodG	0.18	588027819
25035	PCodG	-0.005	588079191
16748	PCodG	0.0254	588625818
19768	PCodG	0.0096	589042840
13650	PCodG	0.0102	589187143
2603	PCodG	0.0086	589443432
18938	PCodG	-0.0045	589639858
3238	PCodG	0.0032	589651382
11761	PCodG	0.0996	589826091
21863	PCodG	0.3075	589890562
739	PCodG	0.0189	589931602
13462	PCodG	0.0284	590045845
5310	PCodG	-0.0021	590051302
8907	PCodG	0.0403	590215393
25588	PCodG	0.0258	590520248
2251	PCodG	-0.0044	590648415
3814	PCodG	0.0435	591053812
14491	PCodG	0.0073	591204193
12600	PCodG	0.0263	591721668
941	PCodG	0.1803	591829800
16865	PCodG	0.0174	591915836
10498	PCodG	0.138	591951998
23991	PCodG	0.103	592136120
11336	PCodG	-0.0051	592165110
2985	PCodG	5.00E-04	592217303
671	PCodG	-0.0057	592428415
16902	PCodG	0.0649	592447050
21798	PCodG	0.0064	592449192
12615	PCodG	0.0174	592513599
5201	PCodG	0.0552	592931398
5227	PCodG	-0.0048	593035957
8149	PCodG	0.0796	593261514
16654	PCodG	0.0242	593517774
9941	PCodG	0.039	593557884
7620	PCodG	0.0192	593630204
7283	PCodG	0.0799	593708956
12758	PCodG	-0.0058	593855210
10675	PCodG	0.0075	594122261
23124	PCodG	0.1258	594595274
16157	PCodG	0.0241	594700111
23156	PCodG	0.0185	594769197
20083	PCodG	0.0018	594927416
15560	PCodG	-0.003	594994855
14591	PCodG	0.0023	595572382
4285	PCodG	-7.00E-04	595666008
17971	PCodG	0.1365	595918912
10514	PCodG	-0.003	596258422
6329	PCodG	-0.004	596937430
12559	PCodG	6.00E-04	596997639
10445	PCodG	0.0106	597132413
962	PCodG	-0.0028	597383081
13523	PCodG	0.0363	597429277
17899	PCodG	-0.0048	597686534
10820	PCodG	0.0056	597874266
22923	PCodG	0.0752	597960145
7754	PCodG	0.0572	598016948