Locus	Fst
19718	-0.0030
23990	0.0277
14478	-0.0024
19716	0.1045
21633	0.1075
23448	0.0095
4025	0.0059
11546	0.0048
13732	0.0182
25250	0.0018
166	-0.0022
11386	0.0226
5980	-0.0034
16238	-0.0041
5984	0.0206
7514	-0.0029
19158	0.0110
25624	0.0185
348	-0.0030
19371	0.0421
19372	0.0074
24840	-0.0055
14296	0.0077
22999	0.0850
12701	0.0738
12705	0.0633
6156	-0.0006
6158	0.0763
6797	-0.0001
10965	0.0333
13600	0.0985
13607	0.1060
2319	0.0023
4739	0.0555
8305	0.0026
23449	-0.0044
5851	0.0070
5853	0.0649
297	0.0311
5859	-0.0057
17654	0.0477
21100	0.0504
24941	-0.0020
3680	0.0094
3776	0.0952
15958	0.1800
25284	0.0432
23364	-0.0024
4834	0.0554
12962	0.0832
19971	-0.0055
13547	0.0330
16257	0.0228
19975	-0.0015
12108	-0.0054
22719	-0.0007
18188	0.0014
23368	0.0103
15526	0.0293
7992	0.0177
12017	0.1133
22488	0.0199
15528	0.1767
11768	0.0373
11760	0.0380
2261	0.0121
17254	0.0587
17255	-0.0039
17256	0.0213
20744	-0.0034
2446	-0.0062
17036	-0.0060
17038	0.0119
9252	-0.0034
9251	-0.0014
7865	0.0082
109	-0.0052
24886	0.1993
22900	0.1762
21614	0.0321
12430	0.0064
101	0.0430
22905	-0.0026
7869	0.0044
5824	-0.0056
2046	-0.0049
4815	-0.0029
15536	-0.0034
16814	0.1725
21290	0.0284
23627	-0.0045
21924	0.0465
21921	0.0739
9419	0.0176
12123	0.0197
22541	0.0311
11618	0.0404
6377	-0.0044
20522	0.0869
10414	-0.0048
10413	0.0076
20526	0.0172
10410	0.1982
11947	0.0188
11943	0.0251
10386	-0.0049
24089	-0.0058
19758	0.0390
19391	0.0202
24083	0.0280
9323	0.0176
8098	-0.0047
9326	0.0191
8943	0.2230
13338	0.0348
21721	0.0206
8948	-0.0033
9347	-0.0057
21726	-0.0046
14626	0.0503
20593	0.0059
6807	0.0588
6802	0.1376
98	-0.0041
10560	0.0974
9741	0.0394
93	0.0419
92	0.0104
20413	-0.0037
3207	0.0148
1995	0.0267
13935	0.0577
22813	0.0368
1629	-0.0047
19393	0.1966
24158	0.0395
21540	0.0039
21704	0.0067
13052	0.0157
8831	0.0115
17977	0.0022
18703	-0.0067
2861	0.0197
2866	0.0042
18704	-0.0069
9228	0.0115
14710	0.0174
14247	-0.0048
12948	0.0822
15667	0.0040
12946	0.0392
12945	0.0032
3348	0.0131
20259	0.0282
3342	0.0467
1190	-0.0014
1193	-0.0010
3341	0.0029
20257	0.0097
20255	0.0118
18637	0.0694
11415	0.0114
13333	0.3525
1176	0.0277
12493	0.0584
15442	-0.0055
6970	0.1135
6971	0.1882
4251	-0.0058
8168	0.0006
18149	0.0911
5539	0.0318
5538	0.0270
24742	0.0059
1285	-0.0058
12068	0.0276
1287	0.1042
11166	0.1102
11162	0.0017
514	0.0044
8086	0.0005
19785	0.1270
1572	-0.0030
1571	0.0066
7183	-0.0029
18328	-0.0012
8389	0.0091
8388	-0.0030
12709	-0.0054
18075	-0.0045
10232	0.0131
8019	0.0806
8018	0.0118
8547	0.0825
23617	-0.0059
23615	-0.0027
6576	-0.0056
7450	-0.0049
4381	0.0236
5623	0.0001
5622	0.0451
7458	-0.0011
12065	0.0169
8493	0.0249
404	0.0032
7690	0.0077
2033	-0.0055
8499	0.2254
7698	-0.0048
3834	-0.0045
23475	0.0993
3832	-0.0058
3833	0.0050
18938	-0.0045
22476	0.0000
4031	-0.0029
4032	-0.0037
13724	0.0032
1229	0.0438
10882	0.0036
4036	0.0511
11576	0.0041
11574	0.0214
23279	0.0424
16375	0.1429
12218	-0.0066
11378	0.0059
15788	0.0409
10960	0.0373
19384	0.0138
20867	0.0821
379	-0.0014
19146	0.1230
15003	0.0202
373	-0.0004
377	0.0024
376	-0.0056
14909	0.0225
13608	0.1146
16667	0.0278
19360	0.0019
14864	0.0216
392	0.0143
391	0.0017
12711	0.0868
6147	-0.0068
6144	-0.0057
22011	0.0416
2309	0.0003
5668	-0.0068
4729	-0.0049
21470	0.0040
10978	0.0286
4727	-0.0003
13610	0.0131
4720	-0.0030
23082	0.0065
5845	0.0465
19304	0.0033
11282	0.0328
17625	-0.0058
17624	0.0613
17629	0.0167
21118	0.1708
16482	0.0005
2880	0.0734
16480	0.0020
4620	0.0404
244	0.0058
13533	0.0171
246	0.0047
240	-0.0027
13537	0.0818
19964	-0.0045
23457	-0.0028
23685	0.0723
2279	0.0530
11759	0.3559
24196	0.0007
11591	0.2423
25059	0.0828
20885	-0.0058
20732	0.0976
20735	0.0268
9538	0.1024
2455	0.0243
23427	0.0806
9247	-0.0031
9530	0.0382
17282	0.0199
7855	-0.0039
174	0.0440
24976	-0.0056
17533	0.0134
23146	0.0672
4539	0.1043
23159	0.0598
4824	0.0046
21106	0.0960
3694	0.0040
14166	-0.0058
6368	0.0558
11627	-0.0009
7988	0.0512
6360	0.1188
23014	-0.0059
10150	0.0572
10151	0.0616
9331	-0.0045
20085	0.0182
20083	0.0018
20082	0.0007
20081	0.0251
24833	0.0233
22800	0.0454
3524	-0.0057
21559	0.0362
20649	0.0174
3523	-0.0008
10396	0.0136
22806	0.0016
10399	0.0017
3228	0.0901
13544	0.0499
13198	0.0162
16933	0.0460
16931	-0.0029
14897	0.1347
13192	0.0098
7214	0.0295
13196	-0.0056
7216	0.0012
14890	0.0184
10715	0.0074
10711	-0.0025
12220	0.0338
10713	-0.0051
2694	0.0055
12668	0.0619
15708	0.0064
18594	0.0177
1602	0.1611
14655	-0.0045
14657	0.0215
23883	-0.0051
14659	0.0071
16245	-0.0021
6816	0.0047
25444	0.2183
9755	0.0190
23334	0.0194
10576	-0.0053
10577	0.0011
20465	0.0261
25446	-0.0065
17909	-0.0063
18934	0.0383
13066	0.0172
7327	0.0899
1968	0.0088
7322	-0.0013
1617	0.0091
3238	0.0032
5196	-0.0047
7328	0.2717
1961	0.0979
1962	-0.0014
1963	-0.0062
8849	0.0196
21060	0.0303
23765	0.0203
8847	0.1091
15675	0.2322
12956	0.0609
15677	0.0705
12952	0.1652
18715	0.0170
11848	0.0852
20265	0.0474
3351	0.0436
17835	0.0031
7666	0.0219
20061	0.0068
5441	-0.0028
20068	0.0638
18535	-0.0066
15373	0.0160
18628	0.0489
18629	0.0175
18821	0.0031
6960	0.0072
6962	0.0046
15903	0.1184
15456	0.0167
6969	0.0061
15459	-0.0054
4536	-0.0052
8152	0.0058
768	-0.0058
8150	-0.0055
769	0.0187
17726	0.0006
23721	-0.0040
11119	-0.0042
1547	0.0182
694	-0.0055
695	0.0689
23727	0.0011
11113	-0.0020
14472	-0.0044
14474	0.0360
11116	0.0437
541	0.0091
545	-0.0016
7193	0.0094
21377	0.0178
13841	-0.0048
15313	0.0037
13845	0.0082
20895	-0.0079
13846	-0.0009
23608	0.0240
12578	-0.0030
23432	0.0178
17318	-0.0034
8026	-0.0045
8027	0.0131
8536	0.0343
12823	-0.0030
14505	0.0182
10215	-0.0051
11027	0.0299
11761	0.0996
14502	0.0467
6565	0.0654
5610	0.1157
5617	0.0102
6563	0.0150
15053	0.0318
415	-0.0005
410	0.0222
14268	-0.0021
419	-0.0036
7688	0.1521
3827	0.0081
3825	0.0214
3822	-0.0056
23467	0.0610
3828	-0.0067
8445	-0.0046
20215	0.0077
15239	0.0715
8183	-0.0044
11566	-0.0051
24586	-0.0018
23845	0.0065
20742	0.0954
4285	-0.0007
24779	0.2302
23753	0.0698
19564	0.0009
24910	-0.0052
367	0.1150
364	0.1975
22242	0.0816
19174	0.0301
19351	0.0199
24751	0.0014
19608	0.0009
16654	0.0242
16121	0.0772
16650	0.0629
381	-0.0069
388	0.0534
12726	0.0394
12725	-0.0039
12723	-0.0054
12721	-0.0055
12720	0.0340
4759	0.0125
19286	0.0169
4754	0.0292
6771	0.3631
6773	0.0177
9965	0.0195
9966	-0.0045
9967	0.0020
24600	-0.0066
11290	-0.0048
22330	-0.0037
23840	0.0336
16955	0.0502
25135	0.0380
17631	0.0001
25130	0.0121
17635	0.0392
19821	0.0006
3750	-0.0072
3753	-0.0032
21289	-0.0060
3756	-0.0032
13523	0.0363
13521	0.0111
4637	0.1249
2196	0.0873
16231	0.0748
253	-0.0055
256	0.0592
23650	0.1448
2204	0.0064
11749	0.0063
25649	-0.0068
15471	0.0605
19735	0.3033
19598	0.1359
11580	0.0122
6687	0.0335
20890	0.0563
2429	0.0166
19088	0.1154
20726	0.1099
18222	0.1123
6270	-0.0013
9502	0.0770
9506	0.0343
2425	0.0385
25554	0.0603
16833	0.0178
169	0.0170
16343	0.0545
164	0.1096
13291	-0.0030
7847	0.1227
167	0.0471
160	0.0001
13295	-0.0024
16839	-0.0027
13297	-0.0022
12107	-0.0062
6357	0.1786
19094	0.0292
6353	0.0355
13458	-0.0060
3683	0.0623
4832	0.0124
4522	0.0048
4837	-0.0065
4836	-0.0056
6195	-0.0055
24371	0.0784
11638	0.0002
9434	0.0026
23429	0.0112
2735	0.0177
16812	0.0424
9610	0.0115
2733	0.0891
11488	0.0096
17070	0.0488
22131	0.0721
10160	0.0520
21204	0.1176
9187	0.0007
9184	-0.0033
13180	0.3378
22295	0.2347
10366	0.0358
13188	0.0437
23426	0.0815
5052	-0.0030
25638	0.0473
25641	-0.0034
14889	0.0049
1817	-0.0020
16904	0.1112
7203	0.0160
7206	0.0675
7205	0.1361
10761	0.0069
10760	0.0585
6220	0.0833
6225	-0.0050
6229	0.0224
1157	-0.0066
14640	0.1323
20381	-0.0057
1098	-0.0004
15841	0.0709
11611	0.0393
23891	0.0133
14869	0.0168
9766	0.0036
12120	-0.0048
10501	0.0628
20473	0.0034
24370	-0.0054
7335	0.0350
7333	-0.0053
1978	0.1211
1975	-0.0010
3223	0.0681
1970	0.0403
13275	0.0571
18434	0.0031
23792	0.0139
803	0.0071
18438	0.0544
20374	0.0221
805	0.0082
13279	-0.0028
12921	0.0801
18099	0.0399
15607	0.0048
18760	0.0099
2844	0.0021
18762	0.0250
18586	-0.0029
18094	-0.0045
10210	0.0272
24400	0.0198
3328	0.0200
14517	0.0160
14266	0.0632
14260	0.1216
10218	-0.0041
20525	-0.0019
7058	0.0382
1770	0.0136
1773	-0.0020
9896	-0.0039
20078	0.0480
18015	0.0059
15112	0.0249
8149	0.0796
1159	-0.0157
20239	0.0990
15934	0.0068
6995	0.0613
16563	0.0170
6993	0.1095
24543	0.0193
18366	0.0034
15114	0.0163
5516	0.0375
2998	0.0033
23544	0.0171
1555	0.0315
3039	0.0564
17990	-0.0030
2990	0.0452
54	0.0425
14466	0.0010
2995	0.0230
53	0.0289
2997	0.0632
8703	0.0203
534	0.0047
15595	0.0144
8704	0.0026
15598	0.0261
17040	-0.0028
13856	-0.0030
13857	0.0099
8033	0.0018
24267	0.0660
10029	0.0613
3031	0.0037
5600	0.0426
24082	0.0392
12851	0.0406
9992	-0.0071
8527	0.0151
8526	0.0145
8525	0.1815
9996	-0.0063
6519	-0.0060
14510	0.0050
10022	-0.0029
15024	0.0082
15168	-0.0026
1393	0.0494
1392	0.0385
23643	0.0435
21686	0.0268
22657	0.3305
3814	0.0435
22653	-0.0045
17497	0.1686
23493	-0.0044
19554	0.1314
23252	-0.0047
8450	0.0001
23705	-0.0031
22386	0.0393
21613	0.0066
22978	0.0002
17141	0.0053
6426	0.0797
15332	-0.0056
18858	0.1027
13980	0.0034
6429	-0.0048
13982	0.0168
11354	-0.0034
24384	0.0084
19020	0.0082
19685	0.0024
7545	0.1019
16134	0.0246
19340	-0.0024
13850	0.0497
19342	-0.0044
12738	0.2326
19023	0.0934
10227	-0.0075
6768	0.0076
13670	-0.0018
4740	0.1020
4747	0.0177
23817	-0.0060
4744	-0.0009
19761	0.0593
9970	0.0569
19768	0.0096
16009	0.0166
24117	0.0626
9979	0.0286
25630	0.0066
14405	0.0135
25416	0.1077
25143	0.0349
17606	-0.0056
17357	0.0287
17351	0.0016
17600	0.0105
12025	0.0011
12768	0.1179
228	0.0410
227	-0.0059
22597	0.0274
19900	0.0594
13063	0.0016
12028	0.0623
16227	0.0527
221	0.0333
23094	-0.0046
23927	-0.0060
23920	0.0031
23922	0.0079
23929	0.1037
21789	0.0001
6693	0.0035
19587	0.0370
6697	0.0030
9855	0.0587
21624	-0.0051
21625	-0.0028
20719	-0.0067
20715	-0.0046
20714	0.0039
16354	0.0125
16352	-0.0039
19830	0.0010
8135	-0.0023
15462	0.0036
7833	-0.0061
23991	0.1030
21419	-0.0060
25091	-0.0060
6342	-0.0030
12116	0.0289
8130	0.0016
13461	-0.0041
14269	0.0395
4514	0.0837
6187	-0.0033
6182	0.0060
9421	0.0256
2506	0.0329
12584	0.2024
11646	0.1388
5288	-0.0002
9350	0.0224
9355	0.0071
9354	0.0411
5281	0.0756
15713	-0.0012
9359	0.1630
10821	0.0146
5287	-0.0058
9191	-0.0061
9190	0.0179
21244	0.2870
9192	0.0009
7940	0.1489
7942	0.0788
10374	0.0091
22824	0.0275
5042	0.0011
20664	0.0299
3780	-0.0052
14006	0.0273
8997	-0.0058
6956	0.1526
20500	-0.0031
6248	0.0018
10567	0.0972
12206	0.0054
6230	-0.0058
4998	0.0231
14852	0.0176
20444	0.0044
18889	-0.0057
20609	0.0570
15639	0.0001
18887	0.0113
15052	0.0003
20449	0.0086
20689	0.0475
9776	-0.0067
9770	0.0527
10514	-0.0030
21863	0.3075
3258	0.0171
7301	0.0349
9284	0.0218
24178	0.0221
24167	0.1058
13081	0.0151
13083	0.0355
13082	0.0563
13241	0.0413
11912	0.0194
17252	0.0163
13249	0.0446
813	0.0151
815	0.0010
12937	-0.0027
2851	-0.0005
2850	0.0048
18770	0.0407
1490	-0.0031
10207	0.0067
3331	0.0590
7046	-0.0032
5465	0.0175
5464	0.0041
5469	0.0828
1499	-0.0051
3339	0.1201
3338	-0.0068
21539	-0.0051
5264	-0.0051
10191	0.0046
425	0.0043
10199	0.0264
18398	0.0140
15855	0.0016
15850	0.0216
1258	0.0175
4575	-0.0053
19199	-0.0037
6989	0.0897
6988	0.0403
8603	0.0017
1122	-0.0008
8601	0.0104
6983	0.1076
11133	-0.0028
11132	0.0134
15109	0.0911
15104	0.0083
14329	-0.0046
24993	-0.0006
14459	0.0166
20859	0.0195
17985	0.0009
3023	0.0450
14698	0.0956
2985	0.0005
24372	-0.0049
525	0.0031
522	0.0013
23494	0.0081
15588	0.0758
18089	0.0144
9299	-0.0036
8514	-0.0005
8045	-0.0042
8046	0.0072
8048	-0.0021
4192	0.0224
4191	-0.0040
18923	0.0563
5679	-0.0059
21317	0.0309
8289	0.0965
11003	0.0190
14522	0.0344
15039	-0.0053
14526	0.0593
6500	0.0046
24288	-0.0050
23060	-0.0050
18925	0.0045
15217	-0.0053
24284	-0.0044
24287	0.0002
22621	-0.0054
14122	0.0093
18702	-0.0045
21829	0.0040
23487	0.0960
23482	0.0495
17121	0.1319
8461	0.0053
23248	-0.0058
22737	0.0162
23717	0.1294
8192	0.0370
15327	0.0272
8190	-0.0046
8196	0.0650
6431	0.0773
12449	0.0516
7559	0.0044
23395	0.0442
20056	0.0073
25516	-0.0072
4777	0.0263
21313	-0.0057
17087	-0.0046
13641	0.0457
22284	-0.0022
22530	0.0238
4174	0.0170
17944	0.0616
4176	0.0007
4171	-0.0015
4172	-0.0039
3062	-0.0044
14839	0.1008
9940	-0.0036
9941	0.0390
15235	-0.0023
16037	0.0140
16036	0.0072
5813	-0.0054
16033	0.0242
16032	0.3551
18662	0.0010
19937	0.0339
17619	-0.0034
16215	0.0504
16742	-0.0000
16211	0.2051
10342	-0.0038
16748	0.0254
17342	-0.0061
12055	-0.0063
12054	-0.0031
14492	0.0073
9274	0.0013
236	0.0759
13505	0.0230
9275	0.0229
12693	0.0040
2227	0.0108
2225	0.1235
5924	-0.0050
5925	-0.0031
10836	-0.0019
5928	0.0112
10838	0.0018
21874	0.0685
21653	-0.0065
20163	-0.0062
142	0.0010
2468	0.0173
19241	-0.0063
148	-0.0059
21097	0.0111
7823	-0.0062
4508	0.0001
23412	-0.0065
16695	-0.0050
22923	0.0752
2082	-0.0044
19310	-0.0053
16698	0.0008
5450	0.1014
2539	0.0082
5451	0.0149
11651	0.0671
17760	0.0104
20670	0.0047
20672	0.0334
9369	0.0168
2718	0.1735
9363	0.0114
7957	0.0447
10698	0.1588
5079	0.0385
7953	0.0121
7952	-0.0019
7227	-0.0068
9165	-0.0066
9166	0.0092
5071	0.0410
5077	0.0133
9162	0.0029
17406	0.0066
3799	0.0172
3798	0.0455
3794	-0.0033
3797	0.0389
3791	0.1614
16966	0.0203
2154	0.0486
19616	0.0027
2153	0.0118
4989	0.0395
23999	0.0085
6244	-0.0057
10742	-0.0064
20452	-0.0032
24665	-0.0040
18566	0.0836
10529	0.0150
14667	0.0160
1957	-0.0001
22839	0.0278
14064	0.1587
9704	0.0541
9705	0.0974
8873	-0.0039
3248	0.0754
12852	0.2613
7315	0.0849
7314	0.0744
14999	0.0191
7313	-0.0062
3244	0.1408
11902	0.1696
22373	0.0215
11905	0.1207
825	0.0031
23402	0.1027
18415	-0.0007
12309	0.0088
820	0.0283
13253	0.1413
12636	0.0091
12380	0.0369
3307	0.0022
3304	0.1631
3303	-0.0004
15910	0.0171
1713	0.0065
1712	0.0094
1711	0.0210
9387	-0.0058
792	0.0099
12889	-0.0054
21509	0.0120
12886	0.0554
18108	0.0176
15829	0.0533
17084	0.0202
1138	0.0085
12145	-0.0033
23503	0.0769
15954	0.1010
617	0.0012
15139	-0.0058
23795	-0.0073
9864	0.0167
7789	0.1228
11129	0.0476
24664	-0.0003
7781	-0.0063
3019	0.0202
10999	0.0155
3016	-0.0040
13712	0.0013
7142	-0.0020
3015	0.0028
21120	0.1516
18743	0.0309
18741	0.0420
512	-0.0058
1002	0.1366
8727	0.1289
12877	-0.0060
4188	0.0294
10995	-0.0045
8057	0.1195
8056	0.0987
8055	0.1358
23124	0.1258
4185	0.0167
1228	0.0117
5662	0.0087
6534	0.0516
8295	0.2795
6533	0.0075
13620	-0.0040
4344	-0.0049
15009	-0.0052
18478	0.0099
19641	0.0283
15567	0.0138
11018	0.2876
11019	0.0548
22830	-0.0057
14537	0.0507
24292	0.0093
23018	0.2536
17885	-0.0050
3879	0.0059
18476	0.0175
22001	0.0086
22637	-0.0045
22286	0.0448
14764	-0.0004
16005	0.0055
3875	0.0173
23728	-0.0001
11337	-0.0044
11336	-0.0051
23723	0.0089
23233	0.0179
8471	0.0006
11	-0.0001
6403	0.0061
15311	-0.0023
7565	0.0934
15316	0.0044
16	0.0149
19	0.0170
6408	0.0008
6409	-0.0039
5711	0.0908
21403	-0.0047
7763	-0.0044
17702	0.0285
7768	0.0097
7769	0.1434
15207	-0.0061
3900	0.0081
3902	-0.0067
19324	0.0610
4761	0.0252
4760	-0.0003
13652	0.0606
23346	0.0330
13656	-0.0068
4766	0.1281
22526	-0.0004
11486	0.0488
11483	-0.0047
11482	0.1195
23838	0.0440
13895	0.0346
25063	-0.0053
23029	-0.0049
21277	0.1602
21583	0.0196
19039	-0.0060
19740	-0.0052
19037	-0.0062
19035	0.0049
5807	0.0307
17718	0.0291
5804	0.0233
16752	0.0171
200	0.0265
15623	-0.0026
19255	-0.0044
16205	0.0166
206	-0.0047
16209	0.0229
25164	0.0344
25162	0.0667
25161	0.0261
17350	0.0846
25368	0.0136
16599	0.0107
12049	0.0004
24987	0.1686
23903	-0.0051
17490	0.0559
12686	0.0153
22166	-0.0072
23908	0.0072
2234	-0.0028
24646	-0.0047
18879	0.0523
19630	0.0233
10823	-0.0056
10820	0.0056
10828	0.0390
16186	0.0265
19965	0.0005
21647	0.0125
3499	0.0374
17578	0.0781
4609	0.0094
7818	0.0285
4570	-0.0057
4572	0.0004
21084	0.0437
3659	-0.0068
18733	0.0392
13406	0.0244
24985	0.0024
22851	-0.0057
16370	-0.0011
3651	0.1084
17825	-0.0008
19441	0.0032
13514	0.0806
11663	-0.0042
2520	0.0138
2522	0.0419
13384	0.0353
20399	0.0000
16683	0.0127
21748	0.0039
24966	-0.0058
19904	-0.0067
11462	-0.0035
9277	0.0109
220	0.0081
11469	0.0048
22858	-0.0039
2709	0.0346
5060	0.0012
2705	0.0161
23272	-0.0040
4885	0.1639
4887	-0.0044
7962	0.0005
25214	-0.0031
25065	0.0183
9174	0.0887
10685	-0.0029
25187	0.0501
13318	0.0457
13314	0.0068
13316	0.0182
1821	0.0210
4402	0.0038
9576	0.0745
2417	0.2611
9579	0.0291
925	-0.0047
2149	0.0177
2148	0.1325
10530	0.0122
18619	-0.0060
14236	-0.0011
10539	0.1404
5398	0.0166
5748	0.0268
14234	0.0846
20117	-0.0022
9717	-0.0013
13937	-0.0003
9714	0.0195
832	-0.0059
18979	-0.0010
22992	0.0222
3473	0.0101
8885	0.0170
18975	0.0152
7367	-0.0037
3	0.0046
13221	-0.0037
18401	-0.0022
18404	0.0741
19994	0.0283
18994	0.0789
7074	0.1271
18990	-0.0058
21335	-0.0008
12479	-0.0048
7027	-0.0049
9002	0.1527
10226	0.0930
3312	-0.0020
5482	0.0006
9008	0.0120
780	0.0183
1729	0.0121
20021	0.0085
20023	0.0168
1722	-0.0056
21518	0.3148
17325	-0.0061
13135	0.0385
18571	-0.0045
12403	0.0178
19228	-0.0084
18579	0.0421
20756	0.0022
15948	0.0053
15122	-0.0005
18196	0.0849
9000	-0.0049
18193	0.0170
63	0.0092
3000	0.0102
10076	0.0106
7791	-0.0047
11896	-0.0030
22626	0.0133
20337	0.0126
1589	-0.0062
17454	0.0700
17968	0.0673
1582	0.0039
20561	0.0422
7151	0.0645
10222	0.0000
18757	-0.0001
1031	-0.0044
1036	0.0033
1037	0.0419
630	0.0964
12866	0.0121
23136	0.0013
1218	-0.0042
927	0.0372
23645	0.0066
7485	-0.0064
6520	-0.0028
6522	0.0794
6525	0.0423
9452	0.0246
6526	0.0017
4373	-0.0059
5654	0.2023
7489	0.0388
5650	0.0109
11069	-0.0056
16458	0.1285
2895	0.0197
23293	0.0035
25561	0.1248
14547	0.0010
14546	-0.0054
1454	0.0096
17899	-0.0048
1451	-0.0046
1452	0.0170
17892	0.0748
25567	0.0027
23009	0.0476
10188	-0.0036
13791	0.0410
4081	-0.0055
4083	0.0238
13796	-0.0014
4088	0.0059
3867	-0.0065
3865	0.0085
8409	0.0406
15927	0.0136
11325	0.0114
7571	0.0349
7570	0.0048
7573	0.0590
3734	-0.0056
15308	0.2888
7574	-0.0055
19138	0.0507
5722	0.0208
6417	0.0970
20070	-0.0014
15300	0.0005
6410	0.0324
9812	-0.0044
7775	-0.0049
13762	-0.0023
13038	-0.0062
3917	0.0046
8316	-0.0056
4799	0.0001
8312	-0.0058
23351	-0.0068
21971	-0.0060
5995	0.1192
4150	0.0955
4154	0.0283
11257	0.0628
10886	0.0825
18900	-0.0031
13506	0.0054
7028	0.0220
13723	0.0162
13462	0.0284
23271	0.0878
9922	0.0289
13725	-0.0023
19263	0.0074
11579	0.0439
22771	0.0109
8218	-0.0056
25170	0.0003
19269	0.0389
22679	-0.0064
6085	0.0588
25372	0.0458
6080	0.0395
12070	0.0032
23915	0.0145
23917	-0.0038
5902	0.0179
17217	0.0894
16165	0.0197
16164	-0.0037
16168	0.0182
19881	0.0344
3488	0.1004
7803	-0.0026
17561	0.0023
7807	-0.0065
7806	0.0911
24825	0.0773
3480	-0.0031
3484	0.0737
20472	-0.0059
21078	0.0569
24663	-0.0049
13418	0.0360
4568	0.0097
21071	0.0275
19864	0.4168
2554	0.0159
11675	0.0104
2558	-0.0040
6390	-0.0053
18297	-0.0045
11476	-0.0053
14300	0.0233
2390	0.1101
17363	0.0001
17368	-0.0004
20612	0.0635
5011	0.0558
4898	0.0107
14305	0.0019
5016	0.0542
4893	-0.0056
4892	0.0276
4894	-0.0001
16947	0.0028
20929	0.0486
16944	0.0798
16410	-0.0013
25277	0.0602
18355	0.0425
7975	0.0263
7974	0.0417
9492	-0.0045
7976	0.0035
16418	0.0175
9144	0.0469
7522	0.0063
12255	0.0206
12254	-0.0026
6260	-0.0031
13304	0.0591
4411	0.0595
13301	0.2084
6065	0.0749
13598	0.0815
2176	0.0309
17097	0.0440
15382	0.3606
2175	0.0095
22276	0.0127
9545	0.3913
12099	0.0135
6069	-0.0014
21107	-0.0054
4960	0.0018
2604	0.0487
14045	-0.0058
20928	0.0112
2601	0.0661
14042	0.0177
2603	0.0086
20926	0.0018
20920	0.0709
14049	0.0006
14824	0.0160
3261	0.0346
24136	0.0508
21327	0.0909
20336	0.0363
10039	0.0178
1936	0.0123
10785	0.0343
3266	-0.0000
1939	0.0340
20101	0.0081
20574	-0.0040
3460	0.0309
7370	-0.0060
21699	-0.0063
8890	-0.0040
12322	0.1223
12320	0.0562
20586	-0.0060
20588	0.0166
19141	-0.0058
14221	0.1215
14955	0.3657
7230	-0.0070
16902	0.0649
21360	0.0736
1739	0.0387
1738	0.0033
13237	0.0053
18694	-0.0044
24005	0.0593
1730	0.0137
5232	0.0209
20036	0.0588
1734	0.0088
1737	0.0274
20666	-0.0060
13124	-0.0003
13125	-0.0004
15808	0.0114
15805	0.0701
17073	0.0231
11818	0.1183
18142	0.0058
13129	-0.0041
752	0.0190
756	0.0152
17428	0.0205
25052	0.0809
6886	-0.0049
6887	0.0376
1596	0.0177
6882	0.0777
1590	0.0015
3076	-0.0029
18322	0.0007
2950	-0.0061
14311	0.0203
1027	0.0713
1020	-0.0010
12713	-0.0057
7164	0.0392
4365	-0.0037
24029	0.0139
4361	0.0742
4368	0.0648
12892	0.0052
15573	-0.0084
15571	0.0141
8278	-0.0052
8277	0.0390
14559	0.0122
11072	-0.0043
14550	-0.0057
22707	0.0219
3102	0.1748
8670	0.0153
5	0.1122
1441	0.1480
12869	-0.0058
8064	-0.0026
20923	-0.0052
4092	0.0038
23215	0.1258
4090	0.0025
4097	-0.0052
22348	0.0175
22349	-0.0015
19126	0.0215
22615	-0.0049
22340	0.0074
23587	0.0061
23584	-0.0052
5730	0.0075
11319	0.0185
12205	-0.0040
5739	0.0681
15010	0.0058
6462	0.0194
12201	0.0975
9801	0.1829
7583	0.0236
7747	0.0115
22640	0.0008
18166	0.0237
7749	-0.0045
23879	0.0102
15543	-0.0052
14174	0.0060
8724	0.0035
24153	0.0182
20446	0.0685
3929	-0.0022
22508	-0.0054
6729	0.0771
4782	0.0708
11886	0.0978
19014	0.0064
8095	-0.0056
8267	0.0565
12521	0.0407
4148	-0.0059
23694	0.0017
4145	0.0281
8260	0.0075
4140	-0.0039
14912	0.0187
3855	-0.0045
21851	0.1066
3853	0.0048
22085	0.0366
8726	0.0544
14426	0.0779
19275	-0.0060
12069	0.0121
19784	0.3016
12064	-0.0034
6094	0.0300
16571	0.1181
10350	-0.0057
6658	0.0535
6657	0.0767
12664	0.0397
19650	0.2167
19651	0.0420
15548	0.1498
10806	-0.0049
16179	0.0172
20990	0.0030
198	-0.0080
21844	-0.0047
14545	0.1079
17552	0.0689
21666	0.0184
19879	0.0072
4556	-0.0052
4557	-0.0055
6388	-0.0047
4550	0.0177
21061	0.1143
15494	0.0818
21996	0.0063
19513	0.0068
11687	0.0173
11686	0.0218
17898	0.0136
14070	-0.0011
11443	0.0206
2382	0.0147
17237	-0.0029
24801	0.0120
20544	0.0592
5002	0.0045
10334	-0.0055
2762	-0.0030
20625	0.0251
20624	0.0080
9159	0.0118
9158	0.0311
22899	0.3520
9489	0.0326
24168	0.0380
17132	-0.0046
17134	0.0400
11304	0.0039
12242	-0.0037
6275	-0.0054
6274	0.0370
16790	0.0073
16791	-0.0040
6279	-0.0032
4426	0.1116
25129	0.0066
1845	0.0778
6077	0.0059
12087	0.0024
4958	-0.0033
22705	0.0697
12082	0.0282
12083	0.0114
4956	0.0615
2160	-0.0041
9731	0.0394
14032	0.0372
16718	-0.0051
9738	0.1795
20486	-0.0005
21336	0.0614
13430	0.0620
7345	0.0978
3298	-0.0029
7341	-0.0019
1906	0.0139
1907	0.0768
10024	0.0240
5133	0.0828
24232	0.0097
21339	0.0395
13207	0.0135
21596	0.0290
13209	0.0134
17512	0.0386
22355	-0.0058
6	0.0159
12334	0.0096
20964	0.0173
12331	-0.0001
15907	0.0650
14783	-0.0030
13162	0.0645
20551	0.0631
13163	0.0016
7000	0.0930
20559	0.0518
14140	-0.0061
10245	0.0409
18687	0.0000
21537	-0.0043
5227	-0.0048
18512	0.0178
8936	0.0008
14814	0.0130
18517	-0.0025
18514	0.0419
14810	0.0033
15557	0.0178
15140	-0.0002
15145	-0.0057
22423	0.0176
15780	-0.0070
6890	-0.0077
3061	0.1208
17947	-0.0041
7171	-0.0048
3066	0.0033
7173	-0.0054
14360	0.0074
14491	0.0073
18331	0.0389
1053	0.0420
1054	0.1216
16393	0.0092
1059	-0.0037
1693	-0.0028
20425	0.0054
618	-0.0008
18678	0.0183
4317	0.0877
612	0.0180
613	-0.0049
12884	0.0413
616	0.0085
1275	0.0998
12881	0.0201
8798	0.0736
14594	-0.0039
24936	0.0157
8242	0.0094
15061	0.0619
24485	-0.0030
8241	0.0427
8246	-0.0064
11049	-0.0013
9819	-0.0049
14765	-0.0058
14760	0.0790
14762	0.0025
3116	0.2038
21046	0.0198
2371	-0.0053
1473	0.0339
15965	0.0204
1474	-0.0030
8649	0.0162
10172	0.0459
15306	0.0006
23026	0.0007
8641	0.0087
1306	0.0345
23203	0.1176
17919	-0.0042
19853	0.0789
23758	0.0016
22376	0.0614
23590	0.1241
23592	0.0270
23593	0.0062
5744	-0.0055
15752	0.1071
13934	0.0065
4226	0.0775
490	0.0291
14213	0.0381
11307	0.0240
24	0.2176
5584	0.0074
5580	0.0261
22739	0.0004
9833	0.0226
12406	-0.0044
24796	-0.0027
17912	0.0262
23115	0.0020
21492	0.2217
7759	0.0071
23112	0.0502
7755	0.0183
7754	0.0572
18698	-0.0031
13773	0.0022
10304	-0.0067
3939	0.0801
19466	0.0016
3931	-0.0070
8330	-0.0022
8336	0.0564
21239	0.1142
8334	0.1544
11273	0.0313
23374	-0.0053
23371	0.0066
19061	0.0551
22323	0.2568
15212	0.0128
21866	0.0052
19066	0.2919
17417	0.0650
4132	0.0160
4133	0.2397
17128	0.0084
15218	-0.0053
24464	0.0141
3843	0.1422
5697	0.0044
3849	0.0102
5699	0.0199
13626	0.0613
25357	-0.0024
19201	0.0055
22794	-0.0051
22791	0.0003
16098	-0.0083
24895	-0.0059
22104	0.0142
22407	-0.0021
15973	-0.0043
4045	0.0561
13756	0.0998
4040	0.0512
12652	0.0234
6660	0.0243
12657	0.0026
18253	0.0187
24891	0.0451
10878	-0.0004
17870	-0.0015
21600	-0.0055
19666	0.0564
5962	-0.0058
10872	0.0812
5966	0.0385
19660	-0.0028
16325	-0.0054
24808	-0.0059
16897	0.0004
25538	0.1236
16898	0.1533
21833	0.1839
17230	0.0046
4549	-0.0026
22930	0.0071
19720	0.0223
19683	0.0032
19682	0.0665
4541	-0.0061
13432	-0.0041
19689	-0.0033
19329	0.0257
24307	0.0552
23354	0.0417
11691	-0.0038
13258	0.0964
10906	-0.0047
11459	-0.0068
16803	0.1178
22694	0.1080
24935	-0.0041
24934	0.0182
2370	-0.0061
6735	0.0044
17436	0.0049
3594	-0.0017
5035	0.0171
8231	-0.0037
5030	0.0351
5031	-0.0019
12600	0.0263
8507	0.0650
1872	0.0740
13321	-0.0006
13323	0.0120
7913	-0.0018
25225	0.0088
7910	0.0182
7915	0.0450
974	0.0399
15531	0.1851
23986	-0.0046
2118	-0.0015
183	0.0082
19750	0.0171
187	0.0839
15925	0.0305
2110	-0.0019
21934	-0.0001
189	-0.0061
19923	0.0233
20837	0.0625
2623	-0.0060
14020	0.0393
2621	-0.0038
17046	0.0936
8606	0.0828
20835	0.0158
20128	0.1053
20945	0.0624
9582	-0.0046
10620	-0.0061
9585	0.0049
1911	0.2221
10012	-0.0006
19739	-0.0073
3284	0.0334
10015	0.0016
13211	0.0030
860	-0.0009
22937	0.0730
22961	-0.0053
13702	-0.0042
2752	0.0218
10497	0.0045
10495	0.0063
2029	-0.0064
10276	0.0805
9393	0.0229
14979	0.0382
885	-0.0012
888	0.0134
14972	0.0633
10477	0.0744
10476	-0.0054
20543	-0.0065
20017	-0.0052
9050	0.0421
9054	0.0537
14153	0.0174
14592	-0.0065
24062	0.0001
21546	0.0060
11872	-0.0064
22898	0.1787
14804	0.0085
13104	0.0168
13107	-0.0028
13100	0.0363
19437	0.0775
18306	0.0866
20552	0.3488
772	0.0100
24098	0.1002
18659	-0.0031
15171	0.0701
18308	0.0226
14379	0.0115
7104	0.0764
2973	0.0970
14371	0.0001
6860	0.0138
2977	-0.0062
2974	-0.0017
20424	0.0062
1047	0.1146
23706	0.0406
21302	0.1383
5413	0.0671
1689	0.0015
18782	-0.0067
18780	-0.0043
19990	-0.0007
4301	-0.0045
8252	0.0066
17941	0.0172
1266	-0.0066
18012	-0.0022
8789	-0.0054
11054	0.0170
11059	0.0341
24471	0.0230
3129	-0.0044
3120	-0.0012
3121	0.0005
7610	-0.0060
23944	0.0016
1469	0.0106
23000	0.0004
15997	0.0203
15991	0.0012
1463	0.0141
15748	0.0241
19541	0.0018
1311	0.0821
21738	0.0296
5753	0.0818
12434	0.0009
6443	-0.0006
12431	0.0400
6913	0.0281
13923	-0.0022
4230	0.0405
5590	0.0193
20997	0.0163
12520	0.0192
23150	0.0121
18840	0.0369
18841	0.1093
23168	0.0083
20908	0.0957
7726	0.0049
3948	-0.0058
22563	0.0158
13693	0.2201
3940	0.1100
19475	0.1444
315	0.0427
6709	0.0037
23308	0.0188
8327	0.1417
8322	0.0827
24673	0.0036
19076	-0.0038
12506	-0.0049
23827	0.0024
15229	0.0307
12508	0.0369
4126	-0.0056
7431	0.0106
5685	0.0046
24478	0.0025
22788	0.0001
22789	0.0972
10498	0.1380
22783	0.0394
6677	0.0074
12641	0.0001
23413	0.0327
6672	0.0006
22145	-0.0030
12648	0.0157
23785	0.0213
23549	-0.0051
4058	-0.0034
22092	0.1609
19679	0.0821
5973	-0.0055
16151	0.0950
10860	0.0641
6218	0.0530
16157	0.0241
19502	0.0021
19856	0.1049
21826	0.0198
15293	0.0154
25035	-0.0050
23618	-0.0041
23093	0.0021
25032	0.0202
10813	0.0380
23156	0.0185
16522	0.0015
13880	0.0023
23095	-0.0006
8690	-0.0043
8288	0.0203
2368	0.0169
24080	0.0223
2366	0.0140
17335	-0.0019
11422	-0.0046
7290	0.0084
9131	0.0030
17442	-0.0042
9135	0.0176
9134	0.0007
7298	-0.0019
16166	-0.0008
10316	0.0199
7929	0.0984
4440	0.0778
4442	-0.0044
13352	-0.0017
3728	-0.0015
16425	0.0137
25252	-0.0037
16422	0.0198
964	-0.0082
20546	0.0701
966	0.0613
13650	0.0102
960	0.0185
962	-0.0028
4689	-0.0048
11736	0.1865
10954	0.0005
23633	-0.0045
2100	0.0016
6051	0.0594
11738	0.0349
10006	0.0001
5116	0.0026
20154	0.0490
20158	0.0992
5118	0.0085
20796	0.0331
20795	0.0690
20794	0.0415
17066	-0.0021
9229	0.1476
9596	0.0266
9590	0.0158
9593	-0.0058
20798	0.0338
20462	0.0061
17597	0.0452
3434	-0.0020
22955	0.0291
3437	0.0029
10488	0.1795
4596	0.0740
4849	-0.0007
24824	0.0328
12352	0.0296
15150	0.0812
4841	-0.0049
10260	0.1045
14572	0.0104
10263	0.1012
24147	0.0070
21411	0.0594
899	-0.0048
14902	0.0471
14906	0.0430
5201	0.0552
20572	0.0002
20570	0.0064
10462	0.0117
21671	0.0015
10460	0.0239
9043	-0.0061
5208	-0.0028
11992	0.0016
11994	-0.0051
21558	0.0162
3547	0.0421
3541	0.0615
24071	0.1021
24077	0.0201
24467	0.0061
11849	0.0256
8915	0.0034
11843	-0.0010
10086	0.0759
11191	-0.0040
2967	-0.0073
2966	0.2003
14342	0.0820
14341	0.0046
18641	-0.0060
18318	0.0136
18319	0.0397
19046	0.0040
15165	0.1088
765	0.1457
17643	0.0051
7117	-0.0066
24148	0.0828
6878	0.0875
3043	0.0174
18796	-0.0062
25511	-0.0012
1078	0.0021
18793	0.0271
19045	0.0355
20372	0.0040
1073	-0.0060
23486	0.0118
14803	0.0555
17149	0.1691
21073	0.0032
15488	0.0259
19183	-0.0044
25016	0.0275
20490	0.0222
17644	-0.0048
18534	-0.0041
1094	0.0136
1091	-0.0028
1092	-0.0001
4336	0.0346
18528	-0.0019
4332	-0.0060
671	-0.0057
18835	0.0510
13774	0.0114
3138	0.1940
18002	0.0763
14741	0.0230
17856	0.0178
18523	-0.0066
7604	-0.0065
24265	-0.0051
13552	0.0097
22895	0.0305
1323	-0.0041
11343	0.0376
9850	-0.0035
9852	-0.0062
9853	0.0073
6454	0.0002
5766	0.0500
6458	0.0286
5765	0.1625
4206	-0.0031
4207	0.0130
15185	-0.0054
5569	0.1532
19772	-0.0067
5560	0.0374
5562	0.2971
11222	-0.0060
1254	-0.0026
1253	0.0827
7731	0.0333
7730	0.0071
7736	0.1539
7735	-0.0057
23148	-0.0063
15326	0.0170
23345	0.0012
15248	-0.0046
19193	-0.0003
3957	0.0397
19194	0.0436
11210	0.0189
11211	0.0234
18309	-0.0014
25588	0.0258
23313	-0.0079
15323	0.0250
24219	0.2271
8194	0.2388
15234	0.0688
12515	0.0358
12516	0.0096
15232	0.0060
19899	0.0056
15701	0.0153
24440	0.0106
7890	0.0124
7421	0.0181
19118	0.0439
20263	0.0012
11479	0.2181
16520	0.0449
8199	-0.0059
25334	0.0107
12564	0.0249
23950	0.0887
6604	0.0196
6606	0.0446
7109	-0.0043
6608	0.0379
6609	-0.0072
4062	-0.0029
4066	0.0121
11506	0.0122
11504	0.0070
11505	-0.0014
24597	0.0032
11500	0.0370
982	0.0571
5781	0.0023
17837	-0.0024
3601	-0.0061
19537	-0.0008
3606	0.1892
16180	-0.0039
13276	-0.0019
25028	-0.0043
16637	0.0042
12184	-0.0041
12182	0.0265
22889	0.0486
12746	-0.0055
25204	0.0530
24451	0.0006
17328	0.0669
17329	0.0016
10921	-0.0008
25205	0.0382
19222	0.0812
19996	-0.0054
17320	0.0930
111	-0.0041
10928	-0.0053
11437	0.0337
16942	-0.0017
7283	0.0799
17102	0.0459
1048	-0.0052
7286	-0.0065
21788	-0.0084
9456	0.0175
22918	0.1086
9102	0.0316
9100	0.0773
4453	0.0171
16989	-0.0047
13341	0.0158
4459	0.0733
4458	0.0820
16457	-0.0052
16456	-0.0018
2135	0.0149
951	-0.0023
12291	0.0623
952	-0.0029
12295	0.0335
12294	0.0167
6028	0.1881
17216	0.0303
11725	-0.0065
11722	0.1764
24867	-0.0069
24866	0.0121
24868	0.0261
23451	0.0080
2648	0.0645
20140	0.2379
20144	0.0566
10079	0.1954
20148	0.0063
2646	0.0096
2647	0.0345
20781	0.0168
9218	0.0331
22947	-0.0060
17074	-0.0069
9213	-0.0044
9210	-0.0033
9216	0.0610
9215	-0.0070
3428	0.0168
13308	0.0088
22282	-0.0028
17586	0.0001
3420	-0.0014
17582	-0.0020
13422	0.0341
12161	-0.0060
4588	-0.0053
6333	-0.0044
25090	0.0429
4582	0.0815
14176	0.0166
10299	0.0175
12483	-0.0065
10295	-0.0056
14913	-0.0029
10291	-0.0063
1855	-0.0033
9675	0.0406
20568	0.0074
9673	0.0470
25199	0.0132
9679	0.0305
25555	0.0063
24680	0.0097
3553	0.1011
21762	-0.0050
10580	-0.0044
13168	0.0111
10585	0.0491
18621	0.0226
23511	0.0178
11850	0.0041
11851	0.0405
8907	0.0403
8902	0.0121
719	0.0233
2917	-0.0049
716	0.0746
1794	0.0413
24309	-0.0042
18047	0.0312
7128	0.0104
17917	0.0076
7127	0.0843
6846	0.0174
15756	0.0078
6845	-0.0054
22655	0.0757
25025	0.0207
11052	-0.0059
20364	0.0970
1066	0.0173
18250	-0.0052
18159	0.0330
13010	0.0214
1660	0.0005
9726	0.0210
594	-0.0056
6597	-0.0046
18524	0.0341
24277	-0.0036
24270	0.0151
12982	-0.0057
2824	0.0055
18070	0.1147
2826	-0.0058
18330	-0.0064
2820	0.0784
14593	-0.0027
14591	0.0023
5417	0.0823
17860	0.0547
17867	-0.0044
7637	0.0463
20284	0.0844
19450	0.0694
1407	-0.0044
4214	0.0112
1339	0.0288
4213	0.0119
4212	0.0447
11951	-0.0061
440	0.0371
13908	0.0064
13909	0.0080
10139	0.0012
23099	0.1246
25620	-0.0039
9840	0.0103
15407	0.0320
9845	0.0189
19756	-0.0060
5770	0.0005
6938	0.0228
8124	-0.0072
5775	0.0201
8693	-0.0057
5776	0.0029
1933	-0.0062
39	0.0597
7703	-0.0025
5577	-0.0060
5576	0.0004
5572	0.0026
24194	-0.0050
18312	0.0195
21454	0.0274
3096	0.1639
644	0.0111
647	0.0396
3095	0.0048
21453	0.0629
19022	0.0246
23143	0.1023
14473	0.1325
14719	0.0947
24484	-0.0054
23321	0.0609
14475	0.0206
19181	0.0097
331	0.0079
24979	0.0840
3057	-0.0061
4100	-0.0051
4103	0.0283
25151	0.0413
4108	0.0280
25289	-0.0030
12568	0.0240
17738	0.0413
22761	0.0109
15240	0.0026
10756	-0.0007
12567	0.0607
12566	-0.0060
7412	0.0045
22303	0.0870
22304	-0.0070
24454	-0.0006
22434	-0.0029
22436	-0.0051
22437	-0.0017
22430	0.1663
22431	-0.0057
16535	0.0166
17615	0.0029
12622	0.0257
12623	0.1791
844	0.0214
6617	0.0216
22126	0.1149
10840	0.0331
4079	-0.0061
13769	0.0002
10675	0.0075
10849	0.0404
13766	0.0409
8898	0.0186
11537	0.0403
11535	0.1393
22862	-0.0011
19458	0.0308
23562	0.1024
19528	-0.0056
3639	-0.0051
19526	0.0425
16580	-0.0028
3630	-0.0060
13501	0.0289
12190	0.0932
24483	-0.0039
12194	-0.0015
4613	0.0113
16620	0.1179
11406	0.1806
12758	-0.0058
9691	-0.0063
12756	-0.0058
16190	-0.0063
24274	0.1149
19231	0.0052
4617	-0.0046
22022	-0.0014
21296	-0.0030
10933	-0.0059
9119	0.0125
25273	-0.0051
9449	0.2896
17993	0.0168
15652	0.0757
17462	0.0076
17461	-0.0055
3708	0.0419
1889	0.0177
22246	0.1530
16441	-0.0030
12288	0.0530
17660	0.1776
1881	-0.0044
23508	0.0624
9825	0.0117
11400	0.2572
4660	-0.0058
943	0.0312
4911	-0.0073
21801	0.0535
11711	-0.0066
15354	0.0422
11717	-0.0059
21807	0.0438
6033	-0.0028
6031	0.2756
12432	0.1579
9205	0.0066
5171	0.0231
10061	0.0924
5176	-0.0058
9203	-0.0017
5174	0.2391
10068	0.0228
5754	-0.0013
3416	0.0403
3417	0.0243
3413	0.0459
9987	0.0012
17001	-0.0035
21376	-0.0038
17004	0.1717
25593	0.0691
8534	0.0137
14932	-0.0053
10660	0.0610
9980	0.0223
10662	0.0104
9681	0.0353
4863	0.0098
9682	0.0394
13485	-0.0053
9684	0.0216
6329	-0.0040
13486	-0.0053
9061	-0.0028
16806	0.1978
10284	0.0005
10285	-0.0009
9667	-0.0004
9664	0.0022
10445	0.0106
21720	0.0085
10440	0.0317
20517	-0.0024
9668	0.0308
18804	0.0063
20688	0.0187
10732	-0.0038
3561	0.1785
13152	-0.0061
3564	-0.0060
20402	-0.0005
10839	0.0289
18808	0.0576
21779	0.0624
4484	0.0062
8979	-0.0040
20400	0.0612
10595	-0.0057
10598	0.0324
13399	-0.0071
6567	0.1102
21798	0.0064
705	0.0108
700	0.0207
7139	0.0366
88	-0.0059
5614	0.0077
20351	0.0320
11889	-0.0045
20195	0.1085
20197	0.0177
25271	0.0651
19632	0.1008
5310	-0.0021
20198	0.0178
8805	0.0123
14293	0.0071
13020	0.2883
23580	0.0472
8803	0.0073
18248	0.0092
8808	0.0225
1655	0.0687
6583	0.0014
24003	-0.0058
8758	-0.0043
8759	0.0111
8208	0.0255
8209	0.0417
8204	0.0747
8205	-0.0053
589	-0.0057
12990	0.0350
17875	0.0320
7627	-0.0059
12994	0.0246
7620	0.0192
3155	0.0384
18063	0.0228
11081	0.0049
17879	0.0240
2830	-0.0058
14729	0.1132
20222	-0.0010
3396	0.0173
14720	0.0828
19940	0.0068
13476	-0.0021
14727	0.0155
16360	0.0528
15269	0.0391
24009	0.0248
1349	-0.0053
23556	-0.0063
23550	-0.0088
13379	0.0405
13979	0.0262
9878	0.0319
18111	0.0213
6926	0.0199
9870	0.0044
7711	0.0245
11154	0.0354
17666	0.0495
7715	-0.0060
5541	-0.0044
24510	-0.0045
24279	0.0378
1503	-0.0015
8596	0.0013
8597	0.0523
23152	0.0259
3086	-0.0023
8590	0.0370
23331	0.0962
8375	0.0068
22698	0.1433
22206	0.0802
5894	-0.0020
8572	0.0568
11234	0.0814
13802	-0.0059
3885	0.0472
3887	0.0987
11569	0.1120
17779	0.0327
15560	-0.0030
12570	0.0171
15251	0.1215
13575	0.0422
22648	0.0368
22336	-0.0031
22332	0.0353
22331	-0.0055
16965	0.0087
19083	-0.0041
19081	0.0770
25087	-0.0051
16059	-0.0042
25009	-0.0031
16504	0.0216
19731	0.0092
16053	-0.0054
22687	0.0280
11209	-0.0048
11521	0.0135
12615	0.0174
941	0.1803
23421	0.0025
22689	0.0283
16706	0.1045
15017	0.0199
11564	0.0393
4002	0.0079
4003	0.0615
4004	0.0077
21802	0.0387
9894	0.1218
24734	0.0017
3973	-0.0057
3972	-0.0006
19425	0.1112
23211	0.0507
9898	-0.0020
19559	0.0179
22710	0.1027
24874	-0.0043
19551	0.0260
21016	-0.0057
3623	0.0014
3622	-0.0041
13991	0.0211
19885	0.0608
19884	-0.0009
22084	0.0266
22061	0.0000
16612	0.1053
22068	0.4035
16616	0.0561
16615	0.0171
2331	0.0044
2332	-0.0065
11413	0.0098
2334	0.0613
2335	0.0708
11417	0.0165
12762	0.0165
17185	0.0299
15794	0.0839
17816	0.0048
25483	0.1571
16292	0.0103
16291	0.0295
6883	-0.0040
16474	-0.0016
15791	0.0193
25269	0.0915
12979	-0.0051
21905	-0.0041
21907	-0.0049
13369	-0.0050
16277	0.0387
19956	0.0792
16270	0.0240
17677	0.0251
4473	0.1057
4472	0.0538
24994	-0.0034
17670	0.1376
4909	0.0489
22364	0.0258
21482	0.0189
12972	0.0077
4905	0.0698
13563	0.1000
4671	0.0054
12971	0.0002
24841	0.0031
5688	-0.0064
7395	0.0162
20249	0.2385
7391	0.0387
7390	-0.0061
5148	-0.0023
24348	0.0143
22445	-0.0060
17959	0.0028
3405	0.0878
126	0.0266
17016	0.0237
7537	0.0124
20760	-0.0050
16872	0.0209
24772	0.0945
12384	0.2433
7086	0.0192
4878	0.0027
24774	0.0804
6312	0.0140
2069	-0.0020
17165	0.0170
6314	-0.0044
6315	0.0072
2792	0.0112
9168	0.0721
6318	0.0185
6319	0.0150
13531	-0.0050
14115	0.0369
20245	0.0178
9097	0.0450
10691	0.0400
25322	-0.0057
9308	0.0526
10431	0.0806
9658	0.0194
10435	0.0172
17708	-0.0055
13142	0.0399
20691	0.0853
20770	-0.0044
4495	0.0149
4492	0.0640
4491	0.0610
9789	0.0199
24342	0.0617
15351	0.0397
4499	0.0046
15887	0.0172
6823	0.0016
15735	0.0036
15881	0.0178
16968	0.0181
2934	-0.0060
18615	0.0195
11899	0.0823
18581	0.0138
11895	-0.0052
6441	-0.0045
19011	0.1781
20186	0.0016
23947	0.0160
16800	0.0004
14930	-0.0012
8816	0.0046
8813	0.0149
14287	0.0029
18276	-0.0030
13036	0.0063
18273	0.1000
16963	0.0194
579	-0.0063
18726	0.0100
11092	0.0464
18050	0.0026
8747	-0.0007
8746	0.0144
571	0.2428
8212	0.0058
8217	-0.0039
14344	0.0249
15774	0.0212
15645	0.1953
15646	0.0091
12963	-0.0055
3161	0.0529
7096	-0.0032
5431	0.0871
14730	-0.0068
17311	0.0321
20230	0.0407
16087	0.1467
730	-0.0057
734	0.0123
739	0.0189
9565	0.0478
23520	0.1391
23100	0.0003
8100	0.0023
8103	-0.0049
23529	0.0479
23528	-0.0041
463	0.0420
15398	0.0009
15393	0.0625
9865	0.0776
11146	0.0596
11144	0.0029
23180	-0.0047
11140	-0.0071
14421	-0.0017
24504	-0.0052
1519	0.0150
12277	0.0198
21920	0.0127
17312	0.0227
13818	-0.0037
10844	0.0119
23788	0.0508
5882	0.0177
12544	0.0146
12810	0.1259
23863	0.0286
13813	0.0147
8568	0.0118
6554	0.0615
16011	-0.0004
15066	-0.0008
15060	0.2147
15069	0.0811
22328	0.0506
7479	0.0212
3186	0.0001
24433	0.0135
22596	0.0620
19729	0.1639
16046	0.0206
19725	0.0027
16517	0.0915
22690	0.0677
11552	0.0249
15002	0.0427
6631	0.0199
6635	0.0375
6637	-0.0039
11176	-0.0056
16153	0.1103
4013	0.1225
4010	0.0359
7501	0.0610
7509	0.0650
9888	0.0033
17971	0.1365
17523	0.0356
19543	0.0155
25450	0.0711
16880	0.0270
12775	-0.0041
12771	0.0248
19854	-0.0003
23178	-0.0034
2327	0.0015
4702	0.0106
13631	0.1214
2329	0.0342
23858	0.0032
10441	-0.0048
12425	0.0615
16280	0.0139
10953	0.0170
10951	0.0169
287	-0.0018
21174	-0.0026
3761	0.0063
25297	0.0508
25296	-0.0039
25293	0.0136
25139	0.0003
263	-0.0051
11509	0.0459
16264	0.0027
8872	0.0110
21089	-0.0062
19943	0.1224
17391	0.0079
21772	-0.0044
24980	0.0116
17392	0.0061
24986	-0.0028
25103	0.0082
17480	0.0075
2498	0.0268
10966	0.0598
2491	0.0420
4643	-0.0025
4646	0.0479
13556	-0.0044
4644	0.0896
12895	0.0158
2258	0.0348
11770	0.0231
11774	-0.0048
2251	-0.0044
13583	0.0054
22931	0.0006
22688	-0.0068
10738	0.0334
23740	0.0091
5151	-0.0043
5155	0.0449
10730	0.1556
7875	0.1423
117	-0.0039
7870	0.0171
13090	0.0422
19910	-0.0024
20753	0.0662
22842	-0.0061
22913	-0.0064
7879	0.1747
2780	0.3479
23445	0.0168
16865	0.0174
12394	0.0182
16861	-0.0061
21185	0.0170
9461	-0.0056
23748	0.0232
12155	0.1075
2071	0.0157
6306	-0.0030
11609	0.1617
2075	0.0761
10134	0.0183
10136	0.0139
20532	0.0011
11954	-0.0051
9085	0.0633
9082	0.0348
10429	-0.0012
17737	0.0423
9645	0.0605
9316	0.0176
17739	0.1020
10421	0.2347
9640	-0.0067
21590	0.0693
7271	0.0002
7275	0.0292
22863	0.1384
3501	0.0327
2672	0.0720
2677	0.0168
15274	0.0145
12803	-0.0028
9611	0.1176
6835	-0.0060
2922	0.0670
25622	0.0176
5333	0.0132
18599	0.0061
10552	-0.0030
5337	-0.0029
5336	0.1034
24135	-0.0009
18591	-0.0027
14635	-0.0007
1983	0.0114
1638	-0.0067
11313	0.1303
8820	-0.0044
15098	-0.0047
8778	-0.0065
20057	0.0509
2813	0.0336
15378	0.0059
561	0.0411
7643	0.0106
24920	0.0094
7647	-0.0046
14702	0.0049
11420	0.0309
24226	0.0784
3172	-0.0014
3175	-0.0055
23361	-0.0044
15650	0.0170
7081	0.0057
20248	0.0458
21961	0.0310
3379	0.0073
7089	-0.0005
20242	-0.0039
3373	0.0641
5423	0.0362
17332	0.0051
721	0.0660
19592	-0.0033
4392	0.0147
2587	0.0026
1160	0.0818
1162	0.0174
6492	0.0042
4242	-0.0045
6498	-0.0056
5524	0.0279
4396	0.0175
15473	0.0174
6467	-0.0064
6947	0.0082
15474	-0.0064
6944	0.1207
11170	0.0259
10648	-0.0046
5491	0.0170
1568	0.0173
20898	0.0982
13701	0.0062
23055	0.0053
1560	0.2006
8484	0.0003
1294	0.0363
1567	0.0562
24025	-0.0056
12555	0.0627
8554	0.0240
23626	-0.0055
12559	0.0006
23624	-0.0017
17118	-0.0011
23190	-0.0016
23191	-0.0050
8002	-0.0020
4398	0.2106
24402	0.0151
5637	0.0166
5633	0.0207
3197	0.0423
3196	0.0625
3195	0.0265
16834	-0.0042
3193	-0.0018
8486	0.0023
13355	0.0812
