Locus	fst	chromosome	position
1	19718	-0.003	LG04	15786063
2	23990	0.0277	LG05	9266375
3	14478	-0.0024	LG12	25449544
4	19716	0.1045	LG01	13543599
5	21633	0.1075	LG16	3885750
6	23448	0.0095	LG11	26240894
7	4025	0.0059	LG03	24223878
8	11546	0.0048	LG10	12653334
9	13732	0.0182	LG07	4878672
10	25250	0.0018	LG10	4629105
11	166	-0.0022	LG02	23270721
12	11386	0.0226	LG15	19591012
13	5980	-0.0034	LG09	21886663
14	16238	-0.0041	LG08	5811809
15	5984	0.0206	LG11	13375051
16	7514	-0.0029	LG09	9462378
17	19158	0.011	LG15	9445017
18	25624	0.0185	LG19	12075773
19	348	-0.003	LG16	19876759
20	19371	0.0421	LG09	10689203
21	19372	0.0074	LG07	30915399
22	24840	-0.0055	LG17	15615212
23	14296	0.0077	LG22	20639374
24	22999	0.085	LG16	7683559
25	12701	0.0738	LG06	653437
26	12705	0.0633	LG18	9156806
27	6156	-6e-04	LG02	15037451
28	6158	0.0763	LG11	24273058
29	6797	-1e-04	LG11	11597003
30	10965	0.0333	LG05	13105253
31	13600	0.0985	LG16	6622274
32	13607	0.106	LG15	24471470
33	2319	0.0023	LG07	20997192
34	4739	0.0555	LG01	6163089
35	8305	0.0026	LG02	11675992
36	23449	-0.0044	LG01	9519370
37	5851	0.007	LG02	21921687
38	5853	0.0649	LG09	9910448
39	297	0.0311	LG05	20858577
40	5859	-0.0057	LG23	5934977
41	17654	0.0477	LG14	14918702
42	21100	0.0504	LG20	15135577
43	24941	-0.002	LG11	20323618
44	3680	0.0094	LG17	8605809
45	3776	0.0952	LG01	24455925
46	15958	0.18	LG23	12977353
47	25284	0.0432	LG11	18813106
48	23364	-0.0024	LG21	1951878
49	4834	0.0554	LG11	12058857
50	12962	0.0832	LG07	20991578
51	19971	-0.0055	LG15	18510285
52	13547	0.033	LG06	17746245
53	16257	0.0228	LG11	15142617
54	19975	-0.0015	LG03	29149035
55	12108	-0.0054	LG13	414978
56	22719	-7e-04	LG16	26563582
57	18188	0.0014	LG09	19813932
58	23368	0.0103	LG19	11098386
59	15526	0.0293	LG21	16277340
60	7992	0.0177	LG20	17181919
61	12017	0.1133	LG09	12286191
62	22488	0.0199	LG09	17756102
63	15528	0.1767	LG16	13025420
64	11768	0.0373	LG07	21989855
65	11760	0.038	LG07	9519203
66	2261	0.0121	LG21	19768537
67	17254	0.0587	LG21	9839979
68	17255	-0.0039	LG16	14444680
69	17256	0.0213	LG12	25161246
70	20744	-0.0034	LG05	23975122
71	2446	-0.0062	LG03	29018446
72	17036	-0.006	LG07	16603045
73	17038	0.0119	LG09	17129440
74	9252	-0.0034	LG10	2489942
75	9251	-0.0014	LG11	26642181
76	7865	0.0082	LG08	11365031
77	109	-0.0052	LG05	10536052
78	24886	0.1993	LG16	16745561
79	22900	0.1762	LG08	8301243
80	21614	0.0321	LG06	8028774
81	12430	0.0064	LG21	18156381
82	101	0.043	LG03	20685759
83	22905	-0.0026	LG22	4615278
84	7869	0.0044	LG17	10688746
85	5824	-0.0056	LG04	9835263
86	2046	-0.0049	LG05	11189734
87	4815	-0.0029	LG03	12288968
88	15536	-0.0034	LG07	5891920
89	16814	0.1725	LG14	2926912
90	21290	0.0284	LG05	16180064
91	23627	-0.0045	LG22	11043718
92	21924	0.0465	LG22	6202798
93	21921	0.0739	LG06	17047252
94	9419	0.0176	LG08	24203128
95	12123	0.0197	LG06	1575634
96	22541	0.0311	LG05	20236929
97	11618	0.0404	LG13	13050029
98	6377	-0.0044	LG11	27229186
99	20522	0.0869	LG09	2507199
100	10414	-0.0048	LG16	17455883
101	10413	0.0076	LG03	19637006
102	20526	0.0172	LG08	5973861
103	10410	0.1982	LG14	6016044
104	11947	0.0188	LG15	7306164
105	11943	0.0251	LG07	20442784
106	10386	-0.0049	LG06	3618928
107	24089	-0.0058	LG18	11306607
108	19758	0.039	LG20	13703430
109	19391	0.0202	LG15	26295688
110	24083	0.028	LG01	4439028
111	9323	0.0176	LG21	22259790
112	8098	-0.0047	LG05	7346643
113	9326	0.0191	LG19	12260534
114	8943	0.223	LG13	3879446
115	13338	0.0348	LG18	20235757
116	21721	0.0206	LG19	7685592
117	8948	-0.0033	LG01	25476939
118	9347	-0.0057	LG22	17143940
119	21726	-0.0046	LG14	5603751
120	14626	0.0503	LG06	237123
121	20593	0.0059	LG13	16159441
122	6807	0.0588	LG05	9917870
123	6802	0.1376	LG22	7924236
124	98	-0.0041	LG12	20292473
125	10560	0.0974	LG17	11340830
126	9741	0.0394	LG02	5980256
127	93	0.0419	LG21	16435657
128	92	0.0104	LG10	10496043
129	20413	-0.0037	LG04	22474367
130	3207	0.0148	LG08	5648759
131	1995	0.0267	LG03	20433399
132	13935	0.0577	LG07	20916719
133	22813	0.0368	LG17	945052
134	1629	-0.0047	LG22	18697916
135	19393	0.1966	LG15	14447479
136	24158	0.0395	LG20	1953008
137	21540	0.0039	LG08	6956890
138	21704	0.0067	LG14	2137806
139	13052	0.0157	LG11	18447466
140	8831	0.0115	LG21	12302764
141	17977	0.0022	LG14	24906233
142	18703	-0.0067	LG20	19712595
143	2861	0.0197	LG14	15397625
144	2866	0.0042	LG01	23087036
145	18704	-0.0069	LG22	2749624
146	9228	0.0115	LG15	14543912
147	14710	0.0174	LG23	3145700
148	14247	-0.0048	LG20	1842713
149	12948	0.0822	LG14	19332362
150	15667	0.004	LG20	23656667
151	12946	0.0392	LG07	26921264
152	12945	0.0032	LG10	13448653
153	3348	0.0131	LG16	19834425
154	20259	0.0282	LG19	9435515
155	3342	0.0467	LG21	13232316
156	1190	-0.0014	LG01	8092422
157	1193	-0.001	LG03	24543439
158	3341	0.0029	LG14	28893155
159	20257	0.0097	LG13	23629689
160	20255	0.0118	LG04	17092539
161	18637	0.0694	LG05	21652083
162	11415	0.0114	LG12	25161775
163	13333	0.3525	LG17	2707127
164	1176	0.0277	LG01	13275503
165	12493	0.0584	LG11	21490717
166	15442	-0.0055	LG03	23446575
167	6970	0.1135	LG16	12280659
168	6971	0.1882	LG03	2817594
169	4251	-0.0058	LG10	16638251
170	8168	6e-04	LG12	5940810
171	18149	0.0911	LG18	22171134
172	5539	0.0318	LG18	15263037
173	5538	0.027	LG23	9616094
174	24742	0.0059	LG22	8820938
175	1285	-0.0058	LG20	6673367
176	12068	0.0276	LG19	9420848
177	1287	0.1042	LG03	7081654
178	11166	0.1102	LG03	2817506
179	11162	0.0017	LG03	25703336
180	514	0.0044	LG20	1413400
181	8086	5e-04	LG13	14527894
182	19785	0.127	LG07	19665494
183	1572	-0.003	LG13	17972384
184	1571	0.0066	LG13	12440085
185	7183	-0.0029	LG13	16489759
186	18328	-0.0012	LG01	4337363
187	8389	0.0091	LG14	9808133
188	8388	-0.003	LG14	12461609
189	12709	-0.0054	LG15	18555128
190	18075	-0.0045	LG15	6218214
191	10232	0.0131	LG16	26051334
192	8019	0.0806	LG16	24992183
193	8018	0.0118	LG04	18659305
194	8547	0.0825	LG02	11866579
195	23617	-0.0059	LG02	22626275
196	23615	-0.0027	LG10	14722708
197	6576	-0.0056	LG20	11159306
198	7450	-0.0049	LG16	23321770
199	4381	0.0236	LG07	30092491
200	5623	1e-04	LG08	7239686
201	5622	0.0451	LG12	17015598
202	7458	-0.0011	LG07	17761824
203	12065	0.0169	LG02	9912651
204	8493	0.0249	LG11	17108879
205	404	0.0032	LG13	423107
206	7690	0.0077	LG14	11180651
207	2033	-0.0055	LG04	24372151
208	8499	0.2254	LG04	23394825
209	7698	-0.0048	LG14	27129721
210	3834	-0.0045	LG19	2026203
211	23475	0.0993	LG03	11682954
212	3832	-0.0058	LG14	17957361
213	3833	0.005	LG12	7696087
214	18938	-0.0045	LG23	14589392
215	22476	0	LG14	20170436
216	4031	-0.0029	LG13	1193395
217	4032	-0.0037	LG16	28482320
218	13724	0.0032	LG08	21563933
219	1229	0.0438	LG20	13703518
220	10882	0.0036	LG05	11668653
221	4036	0.0511	LG21	15316907
222	11576	0.0041	LG07	10877109
223	11574	0.0214	LG17	10579200
224	23279	0.0424	LG16	8142193
225	16375	0.1429	LG12	17446219
226	12218	-0.0066	LG16	27383916
227	11378	0.0059	LG02	7657629
228	15788	0.0409	LG12	25185115
229	10960	0.0373	LG13	24575456
230	19384	0.0138	LG22	2473590
231	20867	0.0821	LG06	15224176
232	379	-0.0014	LG09	18491323
233	19146	0.123	LG16	13115937
234	15003	0.0202	LG12	8128215
235	373	-4e-04	LG08	21935513
236	377	0.0024	LG17	4388510
237	376	-0.0056	LG17	491060
238	14909	0.0225	LG18	19225818
239	13608	0.1146	LG22	4982979
240	16667	0.0278	LG09	19262015
241	19360	0.0019	LG09	21644883
242	14864	0.0216	LG14	12377418
243	392	0.0143	LG23	8351293
244	391	0.0017	LG16	21523873
245	12711	0.0868	LG22	19701486
246	6147	-0.0068	LG03	2759270
247	6144	-0.0057	LG12	6428619
248	22011	0.0416	LG10	4306943
249	2309	3e-04	LG23	2794005
250	5668	-0.0068	LG12	23159905
251	4729	-0.0049	LG15	10706163
252	21470	0.004	LG08	24761922
253	10978	0.0286	LG11	3709479
254	4727	-3e-04	LG06	489796
255	13610	0.0131	LG18	18734658
256	4720	-0.003	LG18	19645438
257	23082	0.0065	LG18	13862641
258	5845	0.0465	LG13	14709344
259	19304	0.0033	LG20	16370657
260	11282	0.0328	LG11	2541278
261	17625	-0.0058	LG14	1955317
262	17624	0.0613	LG18	12170837
263	17629	0.0167	LG05	14114194
264	21118	0.1708	LG09	17644011
265	16482	5e-04	LG13	9438752
266	2880	0.0734	LG20	8455705
267	16480	0.002	LG15	14087189
268	4620	0.0404	LG10	7813485
269	244	0.0058	LG10	5851012
270	13533	0.0171	LG16	10109648
271	246	0.0047	LG02	17086725
272	240	-0.0027	LG15	22676655
273	13537	0.0818	LG06	8949504
274	19964	-0.0045	LG11	5576643
275	23457	-0.0028	LG07	2323253
276	23685	0.0723	LG15	10818312
277	2279	0.053	LG19	9742404
278	11759	0.3559	LG08	18102613
279	24196	7e-04	LG11	3832245
280	11591	0.2423	LG12	9634261
281	25059	0.0828	LG07	12195992
282	20885	-0.0058	LG07	12288312
283	20732	0.0976	LG14	7233848
284	20735	0.0268	LG04	16801618
285	9538	0.1024	LG10	18851597
286	2455	0.0243	LG01	10925525
287	23427	0.0806	LG05	5411902
288	9247	-0.0031	LG18	1960035
289	9530	0.0382	LG02	486766
290	17282	0.0199	LG17	14093189
291	7855	-0.0039	LG01	13272763
292	174	0.044	LG08	1312422
293	24976	-0.0056	LG05	20961741
294	17533	0.0134	LG04	9999171
295	23146	0.0672	LG10	23430455
296	4539	0.1043	LG23	192827
297	23159	0.0598	LG08	24547395
298	4824	0.0046	LG15	19559265
299	21106	0.096	LG22	7620118
300	3694	0.004	LG04	23536033
301	14166	-0.0058	LG15	21897538
302	6368	0.0558	LG18	599429
303	11627	-9e-04	LG04	6571022
304	7988	0.0512	LG21	19601801
305	6360	0.1188	LG14	26156845
306	23014	-0.0059	LG11	26491712
307	10150	0.0572	LG22	3525998
308	10151	0.0616	LG18	11939298
309	9331	-0.0045	LG19	4094309
310	20085	0.0182	LG16	27127755
311	20083	0.0018	LG23	19876950
312	20082	7e-04	LG22	10123107
313	20081	0.0251	LG10	12658536
314	24833	0.0233	LG07	26668142
315	22800	0.0454	LG03	15388181
316	3524	-0.0057	LG14	24505243
317	21559	0.0362	LG21	9696329
318	20649	0.0174	LG15	22198330
319	3523	-8e-04	LG15	5955032
320	10396	0.0136	LG10	7240187
321	22806	0.0016	LG09	12871481
322	10399	0.0017	LG01	22235777
323	3228	0.0901	LG14	25824909
324	13544	0.0499	LG12	12276684
325	13198	0.0162	LG07	11977671
326	16933	0.046	LG18	8828592
327	16931	-0.0029	LG18	19293340
328	14897	0.1347	LG05	21210136
329	13192	0.0098	LG05	23756830
330	7214	0.0295	LG10	7431430
331	13196	-0.0056	LG17	9348149
332	7216	0.0012	LG23	11281788
333	14890	0.0184	LG02	3068799
334	10715	0.0074	LG14	13820701
335	10711	-0.0025	LG20	6584996
336	12220	0.0338	LG06	23763699
337	10713	-0.0051	LG04	30555991
338	2694	0.0055	LG21	8442668
339	12668	0.0619	LG12	20070737
340	15708	0.0064	LG01	17762848
341	18594	0.0177	LG17	17024401
342	1602	0.1611	LG01	11804307
343	14655	-0.0045	LG02	8606584
344	14657	0.0215	LG05	6497396
345	23883	-0.0051	LG13	23701508
346	14659	0.0071	LG05	2828095
347	16245	-0.0021	LG10	19765296
348	6816	0.0047	LG23	3208908
349	25444	0.2183	LG10	22997820
350	9755	0.019	LG10	13377165
351	23334	0.0194	LG14	1850852
352	10576	-0.0053	LG21	8043328
353	10577	0.0011	LG02	21140684
354	20465	0.0261	LG06	23946740
355	25446	-0.0065	LG03	2401735
356	17909	-0.0063	LG04	27400513
357	18934	0.0383	LG15	8332754
358	13066	0.0172	LG05	10679060
359	7327	0.0899	LG03	7200162
360	1968	0.0088	LG05	10680722
361	7322	-0.0013	LG03	14577642
362	1617	0.0091	LG01	3728784
363	3238	0.0032	LG23	14600916
364	5196	-0.0047	LG02	16247316
365	7328	0.2717	LG09	13296658
366	1961	0.0979	LG05	18759149
367	1962	-0.0014	LG05	20623937
368	1963	-0.0062	LG11	17081118
369	8849	0.0196	LG05	22279915
370	21060	0.0303	LG22	16224007
371	23765	0.0203	LG06	21333521
372	8847	0.1091	LG14	1030467
373	15675	0.2322	LG01	8990063
374	12956	0.0609	LG15	25165052
375	15677	0.0705	LG03	24849640
376	12952	0.1652	LG04	15935786
377	18715	0.017	LG13	10560993
378	11848	0.0852	LG09	11140996
379	20265	0.0474	LG09	12622101
380	3351	0.0436	LG19	15047198
381	17835	0.0031	LG07	9383414
382	7666	0.0219	LG06	23577967
383	20061	0.0068	LG15	19363735
384	5441	-0.0028	LG13	22392008
385	20068	0.0638	LG09	23628908
386	18535	-0.0066	LG03	23373618
387	15373	0.016	LG20	10902738
388	18628	0.0489	LG08	10815737
389	18629	0.0175	LG10	8019257
390	18821	0.0031	LG12	11902614
391	6960	0.0072	LG19	20652306
392	6962	0.0046	LG19	17900522
393	15903	0.1184	LG03	7655613
394	15456	0.0167	LG04	28674444
395	6969	0.0061	LG15	12665066
396	15459	-0.0054	LG18	14866493
397	4536	-0.0052	LG19	13287200
398	8152	0.0058	LG11	22005892
399	768	-0.0058	LG19	7893544
400	8150	-0.0055	LG19	9468457
401	769	0.0187	LG20	8455617
402	17726	6e-04	LG11	16223640
403	23721	-0.004	LG22	12306044
404	11119	-0.0042	LG13	16168416
405	1547	0.0182	LG11	7746059
406	694	-0.0055	LG19	13093143
407	695	0.0689	LG02	16820235
408	23727	0.0011	LG18	6540727
409	11113	-0.002	LG18	8305419
410	14472	-0.0044	LG04	30956502
411	14474	0.036	LG07	17381364
412	11116	0.0437	LG13	23508205
413	541	0.0091	LG12	10886813
414	545	-0.0016	LG08	10413548
415	7193	0.0094	LG15	22684695
416	21377	0.0178	LG02	5810716
417	13841	-0.0048	LG12	3161131
418	15313	0.0037	LG10	14212835
419	13845	0.0082	LG04	25562752
420	20895	-0.0079	LG15	19993255
421	13846	-9e-04	LG05	14410779
422	23608	0.024	LG23	2056660
423	12578	-0.003	LG07	10968252
424	23432	0.0178	LG19	16382989
425	17318	-0.0034	LG07	9159743
426	8026	-0.0045	LG21	5322559
427	8027	0.0131	LG05	11481749
428	8536	0.0343	LG11	11875912
429	12823	-0.003	LG05	9109345
430	14505	0.0182	LG13	21021074
431	10215	-0.0051	LG07	11803415
432	11027	0.0299	LG17	10674849
433	11761	0.0996	LG23	14775625
434	14502	0.0467	LG15	7810607
435	6565	0.0654	LG22	13653995
436	5610	0.1157	LG06	6965868
437	5617	0.0102	LG19	5461515
438	6563	0.015	LG19	7243278
439	15053	0.0318	LG01	16100804
440	415	-5e-04	LG09	6944185
441	410	0.0222	LG09	13926079
442	14268	-0.0021	LG18	5485921
443	419	-0.0036	LG17	10517407
444	7688	0.1521	LG21	17537300
445	3827	0.0081	LG16	18742865
446	3825	0.0214	LG18	8102874
447	3822	-0.0056	LG17	15671266
448	23467	0.061	LG12	6428531
449	3828	-0.0067	LG02	23363691
450	8445	-0.0046	LG01	6120990
451	20215	0.0077	LG14	7929568
452	15239	0.0715	LG14	8514359
453	8183	-0.0044	LG18	2018315
454	11566	-0.0051	LG07	28941938
455	24586	-0.0018	LG16	30057493
456	23845	0.0065	LG04	17671956
457	20742	0.0954	LG16	11890175
458	4285	-7e-04	LG23	20615542
459	24779	0.2302	LG01	14182553
460	23753	0.0698	LG06	6601593
461	19564	9e-04	LG10	20345887
462	24910	-0.0052	LG18	19098051
463	367	0.115	LG13	13517959
464	364	0.1975	LG13	13518047
465	22242	0.0816	LG23	1656399
466	19174	0.0301	LG12	5655789
467	19351	0.0199	LG12	19338527
468	24751	0.0014	LG05	9794993
469	19608	9e-04	LG13	5343568
470	16654	0.0242	LG23	18467308
471	16121	0.0772	LG08	11993549
472	16650	0.0629	LG13	11699849
473	381	-0.0069	LG06	10890799
474	388	0.0534	LG14	9808221
475	12726	0.0394	LG11	1323218
476	12725	-0.0039	LG10	10819623
477	12723	-0.0054	LG16	25058738
478	12721	-0.0055	LG18	5416711
479	12720	0.034	LG02	1753113
480	4759	0.0125	LG22	19809786
481	19286	0.0169	LG22	10702229
482	4754	0.0292	LG14	25213748
483	6771	0.3631	LG08	6712888
484	6773	0.0177	LG18	13092359
485	9965	0.0195	LG01	22419167
486	9966	-0.0045	LG09	17673401
487	9967	0.002	LG06	5507919
488	24600	-0.0066	LG03	16874492
489	11290	-0.0048	LG03	12068762
490	22330	-0.0037	LG02	1459777
491	23840	0.0336	LG04	25459757
492	16955	0.0502	LG01	4680553
493	25135	0.038	LG01	3189475
494	17631	1e-04	LG07	17895354
495	25130	0.0121	LG14	16964736
496	17635	0.0392	LG19	14330666
497	19821	6e-04	LG21	15631628
498	3750	-0.0072	LG03	18130551
499	3753	-0.0032	LG10	9860946
500	21289	-0.006	LG18	20707834
501	3756	-0.0032	LG11	22468503
502	13523	0.0363	LG23	22378811
503	13521	0.0111	LG18	3780258
504	4637	0.1249	LG07	15411923
505	2196	0.0873	LG02	13700077
506	16231	0.0748	LG23	9724724
507	253	-0.0055	LG01	13663746
508	256	0.0592	LG08	13184454
509	23650	0.1448	LG06	17098228
510	2204	0.0064	LG14	7233760
511	11749	0.0063	LG14	22298004
512	25649	-0.0068	LG14	17836411
513	15471	0.0605	LG09	6468150
514	19735	0.3033	LG16	15806212
515	19598	0.1359	LG02	20048778
516	11580	0.0122	LG20	23814200
517	6687	0.0335	LG01	19131955
518	20890	0.0563	LG09	7053543
519	2429	0.0166	LG14	26890038
520	19088	0.1154	LG10	21485544
521	20726	0.1099	LG09	4436715
522	18222	0.1123	LG20	58339
523	6270	-0.0013	LG14	23746030
524	9502	0.077	LG06	5572616
525	9506	0.0343	LG14	25014414
526	2425	0.0385	LG14	8286219
527	25554	0.0603	LG22	544732
528	16833	0.0178	LG01	25695043
529	169	0.017	LG03	15330761
530	16343	0.0545	LG12	4298091
531	164	0.1096	LG04	20273388
532	13291	-0.003	LG03	19837311
533	7847	0.1227	LG18	18341285
534	167	0.0471	LG12	26759763
535	160	1e-04	LG22	2265503
536	13295	-0.0024	LG10	5590510
537	16839	-0.0027	LG06	21459832
538	13297	-0.0022	LG16	24748163
539	12107	-0.0062	LG11	599330
540	6357	0.1786	LG07	25230566
541	19094	0.0292	LG02	6619151
542	6353	0.0355	LG14	3355942
543	13458	-0.006	LG12	7732046
544	3683	0.0623	LG09	4680682
545	4832	0.0124	LG03	525362
546	4522	0.0048	LG13	19927564
547	4837	-0.0065	LG11	18564220
548	4836	-0.0056	LG02	14934973
549	6195	-0.0055	LG02	6622660
550	24371	0.0784	LG05	22689648
551	11638	2e-04	LG09	24432292
552	9434	0.0026	LG07	10877021
553	23429	0.0112	LG22	1779035
554	2735	0.0177	LG07	13236326
555	16812	0.0424	LG20	7395212
556	9610	0.0115	LG22	14641840
557	2733	0.0891	LG02	20586675
558	11488	0.0096	LG07	27215381
559	17070	0.0488	LG19	11077729
560	22131	0.0721	LG02	19717408
561	10160	0.052	LG20	15783678
562	21204	0.1176	LG10	8516939
563	9187	7e-04	LG15	12299422
564	9184	-0.0033	LG22	2675465
565	13180	0.3378	LG13	14958633
566	22295	0.2347	LG16	4288722
567	10366	0.0358	LG01	7718267
568	13188	0.0437	LG14	4639051
569	23426	0.0815	LG23	12507419
570	5052	-0.003	LG13	5592907
571	25638	0.0473	LG11	9896436
572	25641	-0.0034	LG05	10857600
573	14889	0.0049	LG13	19821728
574	1817	-0.002	LG17	7587295
575	16904	0.1112	LG07	241251
576	7203	0.016	LG14	11703918
577	7206	0.0675	LG22	16046449
578	7205	0.1361	LG22	14969164
579	10761	0.0069	LG18	17229667
580	10760	0.0585	LG18	19613888
581	6220	0.0833	LG01	15305774
582	6225	-0.005	LG01	17343059
583	6229	0.0224	LG08	18383781
584	1157	-0.0066	LG11	26193891
585	14640	0.1323	LG07	13545769
586	20381	-0.0057	LG05	14027035
587	1098	-4e-04	LG08	13960352
588	15841	0.0709	LG22	4037240
589	11611	0.0393	LG22	18943071
590	23891	0.0133	LG20	2777879
591	14869	0.0168	LG13	19009416
592	9766	0.0036	LG21	18252963
593	12120	-0.0048	LG17	11202738
594	10501	0.0628	LG21	13147913
595	20473	0.0034	LG15	24761398
596	24370	-0.0054	LG03	10352186
597	7335	0.035	LG19	13457677
598	7333	-0.0053	LG19	12679218
599	1978	0.1211	LG11	18595849
600	1975	-0.001	LG14	5051097
601	3223	0.0681	LG01	21052003
602	1970	0.0403	LG14	5451290
603	13275	0.0571	LG01	23209262
604	18434	0.0031	LG12	23397580
605	23792	0.0139	LG13	18856816
606	803	0.0071	LG02	6015120
607	18438	0.0544	LG03	15357577
608	20374	0.0221	LG22	19950182
609	805	0.0082	LG21	9856598
610	13279	-0.0028	LG09	9396740
611	12921	0.0801	LG15	8126093
612	18099	0.0399	LG01	18634387
613	15607	0.0048	LG10	4566193
614	18760	0.0099	LG20	19627592
615	2844	0.0021	LG16	5617631
616	18762	0.025	LG11	9890924
617	18586	-0.0029	LG13	20555449
618	18094	-0.0045	LG18	13222722
619	10210	0.0272	LG07	8879525
620	24400	0.0198	LG18	6018216
621	3328	0.02	LG17	16950833
622	14517	0.016	LG14	6015956
623	14266	0.0632	LG14	23110841
624	14260	0.1216	LG09	16137299
625	10218	-0.0041	LG14	18095079
626	20525	-0.0019	LG16	8921702
627	7058	0.0382	LG08	559820
628	1770	0.0136	LG19	9781979
629	1773	-0.002	LG01	4343021
630	9896	-0.0039	LG12	26878070
631	20078	0.048	LG16	14766717
632	18015	0.0059	LG12	6667315
633	15112	0.0249	LG08	8912517
634	8149	0.0796	LG23	18211048
635	1159	-0.0157	LG14	22877258
636	20239	0.099	LG20	19669429
637	15934	0.0068	LG07	11782849
638	6995	0.0613	LG04	11127341
639	16563	0.017	LG22	138954
640	6993	0.1095	LG03	23801182
641	24543	0.0193	LG13	13571484
642	18366	0.0034	LG10	18594290
643	15114	0.0163	LG11	11123840
644	5516	0.0375	LG22	5381422
645	2998	0.0033	LG18	7457147
646	23544	0.0171	LG03	17774929
647	1555	0.0315	LG07	13431477
648	3039	0.0564	LG11	22402420
649	17990	-0.003	LG10	13900150
650	2990	0.0452	LG01	17231504
651	54	0.0425	LG20	10911887
652	14466	0.001	LG22	7681962
653	2995	0.023	LG03	20582299
654	53	0.0289	LG11	26240806
655	2997	0.0632	LG16	15198287
656	8703	0.0203	LG05	3371670
657	534	0.0047	LG05	20110056
658	15595	0.0144	LG13	1320012
659	8704	0.0026	LG02	22597571
660	15598	0.0261	LG19	16515016
661	17040	-0.0028	LG02	21265012
662	13856	-0.003	LG19	8072076
663	13857	0.0099	LG19	3501506
664	8033	0.0018	LG10	10895467
665	24267	0.066	LG13	15858481
666	10029	0.0613	LG13	1297680
667	3031	0.0037	LG09	20025730
668	5600	0.0426	LG05	20613309
669	24082	0.0392	LG03	20155853
670	12851	0.0406	LG12	24393793
671	9992	-0.0071	LG04	14860399
672	8527	0.0151	LG15	7756968
673	8526	0.0145	LG11	2619748
674	8525	0.1815	LG10	16367116
675	9996	-0.0063	LG01	26278925
676	6519	-0.006	LG04	18598746
677	14510	0.005	LG15	17519019
678	10022	-0.0029	LG04	30922281
679	15024	0.0082	LG08	7070777
680	15168	-0.0026	LG16	24796159
681	1393	0.0494	LG01	9598261
682	1392	0.0385	LG04	31306420
683	23643	0.0435	LG02	2178449
684	21686	0.0268	LG09	13925989
685	22657	0.3305	LG16	21317227
686	3814	0.0435	LG23	16003346
687	22653	-0.0045	LG19	7855618
688	17497	0.1686	LG18	9760266
689	23493	-0.0044	LG17	16135309
690	19554	0.1314	LG16	415421
691	23252	-0.0047	LG21	16931771
692	8450	1e-04	LG02	2934383
693	23705	-0.0031	LG04	30578350
694	22386	0.0393	LG23	1332557
695	21613	0.0066	LG03	7275254
696	22978	2e-04	LG01	11703390
697	17141	0.0053	LG07	16146679
698	6426	0.0797	LG17	8751324
699	15332	-0.0056	LG06	11688414
700	18858	0.1027	LG15	11572233
701	13980	0.0034	LG18	153850
702	6429	-0.0048	LG03	23213450
703	13982	0.0168	LG19	11889636
704	11354	-0.0034	LG14	18914944
705	24384	0.0084	LG08	13756394
706	19020	0.0082	LG07	27371063
707	19685	0.0024	LG07	28686518
708	7545	0.1019	LG01	9399694
709	16134	0.0246	LG08	8305901
710	19340	-0.0024	LG01	25547121
711	13850	0.0497	LG03	5549748
712	19342	-0.0044	LG08	3742817
713	12738	0.2326	LG15	4776604
714	19023	0.0934	LG10	17098983
715	10227	-0.0075	LG02	21921775
716	6768	0.0076	LG03	22113564
717	13670	-0.0018	LG01	1022687
718	4740	0.102	LG12	4809150
719	4747	0.0177	LG03	27467753
720	23817	-0.006	LG06	22482622
721	4744	-9e-04	LG19	11917050
722	19761	0.0593	LG04	19319412
723	9970	0.0569	LG20	21800201
724	19768	0.0096	LG23	13992374
725	16009	0.0166	LG09	17406696
726	24117	0.0626	LG09	13296746
727	9979	0.0286	LG12	20945653
728	25630	0.0066	LG06	4486576
729	14405	0.0135	LG16	11024455
730	25416	0.1077	LG11	16875369
731	25143	0.0349	LG02	14101530
732	17606	-0.0056	LG02	4524449
733	17357	0.0287	LG04	18182664
734	17351	0.0016	LG10	2645492
735	17600	0.0105	LG22	13696297
736	12025	0.0011	LG15	25246517
737	12768	0.1179	LG04	15333523
738	228	0.041	LG17	14007228
739	227	-0.0059	LG08	13650675
740	22597	0.0274	LG13	1481646
741	19900	0.0594	LG01	21474610
742	13063	0.0016	LG03	21034670
743	12028	0.0623	LG13	1250680
744	16227	0.0527	LG13	17695584
745	221	0.0333	LG04	1318919
746	23094	-0.0046	LG11	4350264
747	23927	-0.006	LG11	11392893
748	23920	0.0031	LG20	4206449
749	23922	0.0079	LG22	8131824
750	23929	0.1037	LG15	11597683
751	21789	1e-04	LG11	11847676
752	6693	0.0035	LG13	22157376
753	19587	0.037	LG08	8178687
754	6697	0.003	LG07	16303464
755	9855	0.0587	LG20	8445572
756	21624	-0.0051	LG04	8536219
757	21625	-0.0028	LG04	29329140
758	20719	-0.0067	LG16	24193447
759	20715	-0.0046	LG03	16306928
760	20714	0.0039	LG14	23463317
761	16354	0.0125	LG15	9284234
762	16352	-0.0039	LG16	26257743
763	19830	0.001	LG11	18942693
764	8135	-0.0023	LG11	22730482
765	15462	0.0036	LG09	11582028
766	7833	-0.0061	LG13	8128067
767	23991	0.103	LG23	17085654
768	21419	-0.006	LG04	15849042
769	25091	-0.006	LG14	3830858
770	6342	-0.003	LG06	8779893
771	12116	0.0289	LG05	5496922
772	8130	0.0016	LG13	13481551
773	13461	-0.0041	LG09	20559077
774	14269	0.0395	LG22	8484813
775	4514	0.0837	LG07	27682138
776	6187	-0.0033	LG18	4274680
777	6182	0.006	LG04	17601862
778	9421	0.0256	LG01	24972595
779	2506	0.0329	LG08	11296393
780	12584	0.2024	LG10	8871767
781	11646	0.1388	LG16	3719647
782	5288	-2e-04	LG16	27216949
783	9350	0.0224	LG01	3570289
784	9355	0.0071	LG20	22453977
785	9354	0.0411	LG15	23136934
786	5281	0.0756	LG11	7506208
787	15713	-0.0012	LG02	5557301
788	9359	0.163	LG10	1083496
789	10821	0.0146	LG14	25883171
790	5287	-0.0058	LG12	20595615
791	9191	-0.0061	LG11	18886155
792	9190	0.0179	LG17	6640394
793	21244	0.287	LG03	18402039
794	9192	9e-04	LG21	16443926
795	7940	0.1489	LG11	4935309
796	7942	0.0788	LG11	11237956
797	10374	0.0091	LG02	22089412
798	22824	0.0275	LG08	24757841
799	5042	0.0011	LG11	25334679
800	20664	0.0299	LG14	22972927
801	3780	-0.0052	LG22	2810555
802	14006	0.0273	LG16	24742755
803	8997	-0.0058	LG08	20043558
804	6956	0.1526	LG04	29887394
805	20500	-0.0031	LG18	6322989
806	6248	0.0018	LG19	16037056
807	10567	0.0972	LG05	2974965
808	12206	0.0054	LG15	17049341
809	6230	-0.0058	LG18	7614232
810	4998	0.0231	LG04	29833176
811	14852	0.0176	LG16	23792477
812	20444	0.0044	LG19	17407510
813	18889	-0.0057	LG08	18146524
814	20609	0.057	LG14	8091522
815	15639	1e-04	LG20	20518802
816	18887	0.0113	LG02	22522394
817	15052	3e-04	LG11	26568958
818	20449	0.0086	LG05	21122347
819	20689	0.0475	LG18	15486047
820	9776	-0.0067	LG04	1846805
821	9770	0.0527	LG14	1996083
822	10514	-0.003	LG23	21207956
823	21863	0.3075	LG23	14840096
824	3258	0.0171	LG11	2454027
825	7301	0.0349	LG13	17075597
826	9284	0.0218	LG08	17713996
827	24178	0.0221	LG01	7923832
828	24167	0.1058	LG14	2490084
829	13081	0.0151	LG05	12942571
830	13083	0.0355	LG16	8943019
831	13082	0.0563	LG15	18002680
832	13241	0.0413	LG08	18014083
833	11912	0.0194	LG11	25064455
834	17252	0.0163	LG05	3682253
835	13249	0.0446	LG02	5557389
836	813	0.0151	LG06	12873880
837	815	0.001	LG14	7114942
838	12937	-0.0027	LG22	19236552
839	2851	-5e-04	LG08	21068744
840	2850	0.0048	LG15	24809063
841	18770	0.0407	LG20	17297175
842	1490	-0.0031	LG07	23424347
843	10207	0.0067	LG12	19645674
844	3331	0.059	LG16	17157144
845	7046	-0.0032	LG08	6188289
846	5465	0.0175	LG06	22757568
847	5464	0.0041	LG11	22086835
848	5469	0.0828	LG05	21906804
849	1499	-0.0051	LG04	25352161
850	3339	0.1201	LG13	20637133
851	3338	-0.0068	LG16	12671455
852	21539	-0.0051	LG08	10823636
853	5264	-0.0051	LG15	14481775
854	10191	0.0046	LG02	5034803
855	425	0.0043	LG20	5151213
856	10199	0.0264	LG19	20452984
857	18398	0.014	LG22	1046541
858	15855	0.0016	LG11	13815890
859	15850	0.0216	LG15	8529809
860	1258	0.0175	LG07	27182155
861	4575	-0.0053	LG13	16159529
862	19199	-0.0037	LG09	7053631
863	6989	0.0897	LG22	16484663
864	6988	0.0403	LG21	6125777
865	8603	0.0017	LG09	18435106
866	1122	-8e-04	LG04	16838600
867	8601	0.0104	LG15	10911179
868	6983	0.1076	LG22	10201369
869	11133	-0.0028	LG15	24264749
870	11132	0.0134	LG08	8582009
871	15109	0.0911	LG02	16919317
872	15104	0.0083	LG13	20808605
873	14329	-0.0046	LG01	5404659
874	24993	-6e-04	LG08	17575533
875	14459	0.0166	LG03	28067721
876	20859	0.0195	LG20	12055040
877	17985	9e-04	LG02	19239438
878	3023	0.045	LG20	23059969
879	14698	0.0956	LG22	405760
880	2985	5e-04	LG23	17166837
881	24372	-0.0049	LG01	17254201
882	525	0.0031	LG22	19123984
883	522	0.0013	LG12	18820544
884	23494	0.0081	LG18	19645350
885	15588	0.0758	LG05	5118449
886	18089	0.0144	LG15	18910824
887	9299	-0.0036	LG06	683028
888	8514	-5e-04	LG21	5112341
889	8045	-0.0042	LG02	18447659
890	8046	0.0072	LG14	21864304
891	8048	-0.0021	LG05	10285673
892	4192	0.0224	LG16	23885047
893	4191	-0.004	LG06	20741073
894	18923	0.0563	LG10	2954019
895	5679	-0.0059	LG15	19847386
896	21317	0.0309	LG19	18962587
897	8289	0.0965	LG22	20459822
898	11003	0.019	LG14	1334127
899	14522	0.0344	LG06	22869084
900	15039	-0.0053	LG21	7743800
901	14526	0.0593	LG10	16803171
902	6500	0.0046	LG18	2040940
903	24288	-0.005	LG03	788105
904	23060	-0.005	LG22	4424955
905	18925	0.0045	LG05	11763208
906	15217	-0.0053	LG01	6363572
907	24284	-0.0044	LG16	10938452
908	24287	2e-04	LG07	18609422
909	22621	-0.0054	LG19	11606651
910	14122	0.0093	LG13	14951265
911	18702	-0.0045	LG08	21564021
912	21829	0.004	LG07	19738440
913	23487	0.096	LG14	9953277
914	23482	0.0495	LG16	29902337
915	17121	0.1319	LG01	24067024
916	8461	0.0053	LG14	12165644
917	23248	-0.0058	LG07	1151010
918	22737	0.0162	LG05	18809175
919	23717	0.1294	LG01	17410032
920	8192	0.037	LG11	10551327
921	15327	0.0272	LG14	12142906
922	8190	-0.0046	LG11	28080960
923	8196	0.065	LG11	5950474
924	6431	0.0773	LG03	8422729
925	12449	0.0516	LG22	2223781
926	7559	0.0044	LG15	1919932
927	23395	0.0442	LG08	14187546
928	20056	0.0073	LG13	15343655
929	25516	-0.0072	LG03	3136901
930	4777	0.0263	LG04	25625757
931	21313	-0.0057	LG11	852857
932	17087	-0.0046	LG11	11366771
933	13641	0.0457	LG20	22149764
934	22284	-0.0022	LG20	406647
935	22530	0.0238	LG18	6141261
936	4174	0.017	LG22	9047081
937	17944	0.0616	LG05	9577848
938	4176	7e-04	LG18	20408482
939	4171	-0.0015	LG10	17543844
940	4172	-0.0039	LG20	5165816
941	3062	-0.0044	LG13	4642806
942	14839	0.1008	LG14	8562765
943	9940	-0.0036	LG08	22367438
944	9941	0.039	LG23	18507418
945	15235	-0.0023	LG16	23745057
946	16037	0.014	LG22	4808953
947	16036	0.0072	LG01	15698538
948	5813	-0.0054	LG22	20191001
949	16033	0.0242	LG01	22274751
950	16032	0.3551	LG08	6862619
951	18662	0.001	LG15	12265718
952	19937	0.0339	LG05	18997330
953	17619	-0.0034	LG19	3547506
954	16215	0.0504	LG14	9813679
955	16742	0	LG01	1741024
956	16211	0.2051	LG19	18910262
957	10342	-0.0038	LG16	23334848
958	16748	0.0254	LG23	13575352
959	17342	-0.0061	LG01	13165795
960	12055	-0.0063	LG13	7298389
961	12054	-0.0031	LG17	4393620
962	14492	0.0073	LG14	21336299
963	9274	0.0013	LG20	17339015
964	236	0.0759	LG19	13680590
965	13505	0.023	LG18	7040279
966	9275	0.0229	LG22	20046047
967	12693	0.004	LG20	8995759
968	2227	0.0108	LG02	1753025
969	2225	0.1235	LG11	14495794
970	5924	-0.005	LG03	2481805
971	5925	-0.0031	LG01	15884506
972	10836	-0.0019	LG20	17324031
973	5928	0.0112	LG10	1369959
974	10838	0.0018	LG05	17222349
975	21874	0.0685	LG07	15564103
976	21653	-0.0065	LG13	14590679
977	20163	-0.0062	LG07	24305226
978	142	0.001	LG16	348177
979	2468	0.0173	LG11	6043896
980	19241	-0.0063	LG19	10009059
981	148	-0.0059	LG14	23216958
982	21097	0.0111	LG20	11746796
983	7823	-0.0062	LG01	17686137
984	4508	1e-04	LG18	14305873
985	23412	-0.0065	LG15	8051383
986	16695	-0.005	LG05	17929251
987	22923	0.0752	LG23	22909679
988	2082	-0.0044	LG17	8854605
989	19310	-0.0053	LG09	23544030
990	16698	8e-04	LG08	10896352
991	5450	0.1014	LG08	15826307
992	2539	0.0082	LG15	25129974
993	5451	0.0149	LG09	17652516
994	11651	0.0671	LG16	24628805
995	17760	0.0104	LG10	18095577
996	20670	0.0047	LG19	16492281
997	20672	0.0334	LG15	21374181
998	9369	0.0168	LG06	7049845
999	2718	0.1735	LG22	16526905
1000	9363	0.0114	LG12	10454862
1001	7957	0.0447	LG13	14587252
1002	10698	0.1588	LG12	12379590
1003	5079	0.0385	LG03	3440963
1004	7953	0.0121	LG14	27471012
1005	7952	-0.0019	LG14	26291480
1006	7227	-0.0068	LG16	2099638
1007	9165	-0.0066	LG13	8397560
1008	9166	0.0092	LG13	16972178
1009	5071	0.041	LG05	2633866
1010	5077	0.0133	LG06	12954935
1011	9162	0.0029	LG16	13623596
1012	17406	0.0066	LG12	8874489
1013	3799	0.0172	LG03	11143943
1014	3798	0.0455	LG07	23461249
1015	3794	-0.0033	LG01	17891914
1016	3797	0.0389	LG21	5722754
1017	3791	0.1614	LG02	16926107
1018	16966	0.0203	LG15	25007035
1019	2154	0.0486	LG04	24968352
1020	19616	0.0027	LG02	3134816
1021	2153	0.0118	LG11	20773096
1022	4989	0.0395	LG14	12252629
1023	23999	0.0085	LG04	26670688
1024	6244	-0.0057	LG15	7405534
1025	10742	-0.0064	LG15	16381554
1026	20452	-0.0032	LG02	11371678
1027	24665	-0.004	LG06	14270724
1028	18566	0.0836	LG01	21078734
1029	10529	0.015	LG20	6701710
1030	14667	0.016	LG07	9537995
1031	1957	-1e-04	LG03	20523113
1032	22839	0.0278	LG15	17946990
1033	14064	0.1587	LG05	5914975
1034	9704	0.0541	LG03	24677592
1035	9705	0.0974	LG22	16598331
1036	8873	-0.0039	LG20	13387010
1037	3248	0.0754	LG10	20021617
1038	12852	0.2613	LG12	4520038
1039	7315	0.0849	LG21	11456566
1040	7314	0.0744	LG09	13953137
1041	14999	0.0191	LG07	11429270
1042	7313	-0.0062	LG07	28218174
1043	3244	0.1408	LG08	6495561
1044	11902	0.1696	LG07	22046260
1045	22373	0.0215	LG01	23816773
1046	11905	0.1207	LG03	970105
1047	825	0.0031	LG04	33313977
1048	23402	0.1027	LG07	30073509
1049	18415	-7e-04	LG03	27141255
1050	12309	0.0088	LG19	19586926
1051	820	0.0283	LG08	6783271
1052	13253	0.1413	LG23	7729126
1053	12636	0.0091	LG17	15217183
1054	12380	0.0369	LG07	21047525
1055	3307	0.0022	LG07	26173439
1056	3304	0.1631	LG12	21990246
1057	3303	-4e-04	LG21	6035264
1058	15910	0.0171	LG04	17189095
1059	1713	0.0065	LG01	9493971
1060	1712	0.0094	LG14	28035100
1061	1711	0.021	LG18	6879063
1062	9387	-0.0058	LG09	23454920
1063	792	0.0099	LG22	13579970
1064	12889	-0.0054	LG11	6356698
1065	21509	0.012	LG11	8929232
1066	12886	0.0554	LG23	8197999
1067	18108	0.0176	LG22	4261822
1068	15829	0.0533	LG11	24629151
1069	17084	0.0202	LG05	348214
1070	1138	0.0085	LG04	14058546
1071	12145	-0.0033	LG02	22837555
1072	23503	0.0769	LG13	9971401
1073	15954	0.101	LG11	5805730
1074	617	0.0012	LG09	11297440
1075	15139	-0.0058	LG05	21923875
1076	23795	-0.0073	LG04	22412121
1077	9864	0.0167	LG03	22541811
1078	7789	0.1228	LG21	5373123
1079	11129	0.0476	LG16	15293227
1080	24664	-3e-04	LG22	3891485
1081	7781	-0.0063	LG10	4151887
1082	3019	0.0202	LG20	9261701
1083	10999	0.0155	LG07	14769705
1084	3016	-0.004	LG02	10295723
1085	13712	0.0013	LG22	8763501
1086	7142	-0.002	LG04	20628733
1087	3015	0.0028	LG10	15163654
1088	21120	0.1516	LG09	6147938
1089	18743	0.0309	LG06	7692783
1090	18741	0.042	LG19	8595624
1091	512	-0.0058	LG18	9558850
1092	1002	0.1366	LG14	22855271
1093	8727	0.1289	LG15	1282872
1094	12877	-0.006	LG01	22265414
1095	4188	0.0294	LG11	12127935
1096	10995	-0.0045	LG10	5381301
1097	8057	0.1195	LG06	22944848
1098	8056	0.0987	LG22	15240992
1099	8055	0.1358	LG12	3340389
1100	23124	0.1258	LG23	19544808
1101	4185	0.0167	LG14	15778586
1102	1228	0.0117	LG13	20016866
1103	5662	0.0087	LG23	10116938
1104	6534	0.0516	LG07	21020158
1105	8295	0.2795	LG13	24899963
1106	6533	0.0075	LG17	9465918
1107	13620	-0.004	LG23	11685815
1108	4344	-0.0049	LG11	9920661
1109	15009	-0.0052	LG10	15663397
1110	18478	0.0099	LG12	11760945
1111	19641	0.0283	LG11	22415326
1112	15567	0.0138	LG09	25085449
1113	11018	0.2876	LG09	1255390
1114	11019	0.0548	LG11	17081030
1115	22830	-0.0057	LG19	3310600
1116	14537	0.0507	LG08	8319432
1117	24292	0.0093	LG21	5281194
1118	23018	0.2536	LG13	1498281
1119	17885	-0.005	LG08	23012265
1120	3879	0.0059	LG03	1306194
1121	18476	0.0175	LG21	11674406
1122	22001	0.0086	LG20	13259719
1123	22637	-0.0045	LG11	24477451
1124	22286	0.0448	LG16	10185157
1125	14764	-4e-04	LG20	20813925
1126	16005	0.0055	LG13	19499378
1127	3875	0.0173	LG04	34503689
1128	23728	-1e-04	LG13	16358386
1129	11337	-0.0044	LG17	15326186
1130	11336	-0.0051	LG23	17114644
1131	23723	0.0089	LG14	2993108
1132	23233	0.0179	LG05	18045368
1133	8471	6e-04	LG21	4831712
1134	11	-1e-04	LG10	22879220
1135	6403	0.0061	LG16	8943107
1136	15311	-0.0023	LG09	14890489
1137	7565	0.0934	LG12	19921439
1138	15316	0.0044	LG14	14880637
1139	16	0.0149	LG21	7743712
1140	19	0.017	LG21	4032093
1141	6408	8e-04	LG19	14198859
1142	6409	-0.0039	LG01	4436885
1143	5711	0.0908	LG14	3978548
1144	21403	-0.0047	LG14	6790576
1145	7763	-0.0044	LG07	7478136
1146	17702	0.0285	LG09	13518924
1147	7768	0.0097	LG13	25049770
1148	7769	0.1434	LG11	5638643
1149	15207	-0.0061	LG18	19412597
1150	3900	0.0081	LG20	4903898
1151	3902	-0.0067	LG21	11188757
1152	19324	0.061	LG13	1620554
1153	4761	0.0252	LG05	10222929
1154	4760	-3e-04	LG14	27989426
1155	13652	0.0606	LG07	7326289
1156	23346	0.033	LG06	17719747
1157	13656	-0.0068	LG23	6939776
1158	4766	0.1281	LG20	21148698
1159	22526	-4e-04	LG08	24326107
1160	11486	0.0488	LG15	10839727
1161	11483	-0.0047	LG05	16568600
1162	11482	0.1195	LG11	20660135
1163	23838	0.044	LG02	11039942
1164	13895	0.0346	LG11	9770660
1165	25063	-0.0053	LG13	18266311
1166	23029	-0.0049	LG03	26493285
1167	21277	0.1602	LG02	18598638
1168	21583	0.0196	LG01	21139714
1169	19039	-0.006	LG21	18411991
1170	19740	-0.0052	LG04	32561118
1171	19037	-0.0062	LG11	9019282
1172	19035	0.0049	LG11	23667786
1173	5807	0.0307	LG11	1821055
1174	17718	0.0291	LG05	21496059
1175	5804	0.0233	LG03	27076011
1176	16752	0.0171	LG13	7127580
1177	200	0.0265	LG08	1227839
1178	15623	-0.0026	LG14	27104520
1179	19255	-0.0044	LG03	19837223
1180	16205	0.0166	LG08	23333714
1181	206	-0.0047	LG03	19138705
1182	16209	0.0229	LG01	6164035
1183	25164	0.0344	LG03	21493309
1184	25162	0.0667	LG22	10693061
1185	25161	0.0261	LG19	8010194
1186	17350	0.0846	LG21	5322647
1187	25368	0.0136	LG06	15060175
1188	16599	0.0107	LG15	16275261
1189	12049	4e-04	LG21	21822616
1190	24987	0.1686	LG11	28332759
1191	23903	-0.0051	LG15	9410969
1192	17490	0.0559	LG14	27420218
1193	12686	0.0153	LG12	9689646
1194	22166	-0.0072	LG07	14854682
1195	23908	0.0072	LG07	21130324
1196	2234	-0.0028	LG08	18949206
1197	24646	-0.0047	LG20	16366408
1198	18879	0.0523	LG11	2695805
1199	19630	0.0233	LG19	80778
1200	10823	-0.0056	LG06	3377386
1201	10820	0.0056	LG23	22823800
1202	10828	0.039	LG11	16821051
1203	16186	0.0265	LG08	4941063
1204	19965	5e-04	LG15	14387770
1205	21647	0.0125	LG18	8914446
1206	3499	0.0374	LG23	1731017
1207	17578	0.0781	LG21	19954312
1208	4609	0.0094	LG08	24762010
1209	7818	0.0285	LG09	15474554
1210	4570	-0.0057	LG21	5426321
1211	4572	4e-04	LG06	24057453
1212	21084	0.0437	LG22	7012706
1213	3659	-0.0068	LG16	23334936
1214	18733	0.0392	LG20	6483720
1215	13406	0.0244	LG16	30901281
1216	24985	0.0024	LG02	23924006
1217	22851	-0.0057	LG11	21940307
1218	16370	-0.0011	LG05	7643714
1219	3651	0.1084	LG09	1872590
1220	17825	-8e-04	LG01	6887258
1221	19441	0.0032	LG03	5484346
1222	13514	0.0806	LG13	3195046
1223	11663	-0.0042	LG06	6786952
1224	2520	0.0138	LG07	12362085
1225	2522	0.0419	LG06	8028686
1226	13384	0.0353	LG14	445467
1227	20399	0	LG16	24136086
1228	16683	0.0127	LG02	5502143
1229	21748	0.0039	LG20	20065316
1230	24966	-0.0058	LG06	2752792
1231	19904	-0.0067	LG07	18504536
1232	11462	-0.0035	LG17	7614145
1233	9277	0.0109	LG01	23131469
1234	220	0.0081	LG04	13609089
1235	11469	0.0048	LG22	4116742
1236	22858	-0.0039	LG18	12393921
1237	2709	0.0346	LG19	18872684
1238	5060	0.0012	LG08	9590391
1239	2705	0.0161	LG10	22879308
1240	23272	-0.004	LG18	1075384
1241	4885	0.1639	LG17	11306859
1242	4887	-0.0044	LG06	22208449
1243	7962	5e-04	LG04	22010636
1244	25214	-0.0031	LG12	3235323
1245	25065	0.0183	LG19	9758371
1246	9174	0.0887	LG05	21240325
1247	10685	-0.0029	LG03	11289964
1248	25187	0.0501	LG18	16918929
1249	13318	0.0457	LG13	3584634
1250	13314	0.0068	LG15	18692986
1251	13316	0.0182	LG15	11097840
1252	1821	0.021	LG08	14640764
1253	4402	0.0038	LG14	17552012
1254	9576	0.0745	LG09	10727534
1255	2417	0.2611	LG20	14555094
1256	9579	0.0291	LG15	7844392
1257	925	-0.0047	LG07	16246230
1258	2149	0.0177	LG16	13928206
1259	2148	0.1325	LG03	24816799
1260	10530	0.0122	LG20	5796135
1261	18619	-0.006	LG07	18183680
1262	14236	-0.0011	LG20	21758312
1263	10539	0.1404	LG15	4351655
1264	5398	0.0166	LG18	8286073
1265	5748	0.0268	LG02	558992
1266	14234	0.0846	LG01	5909093
1267	20117	-0.0022	LG09	24359231
1268	9717	-0.0013	LG14	5541915
1269	13937	-3e-04	LG01	5901020
1270	9714	0.0195	LG04	15238228
1271	832	-0.0059	LG15	8433971
1272	18979	-0.001	LG05	11124903
1273	22992	0.0222	LG23	1481588
1274	3473	0.0101	LG01	17544233
1275	8885	0.017	LG14	23077035
1276	18975	0.0152	LG05	2579067
1277	7367	-0.0037	LG17	16378214
1278	3	0.0046	LG21	18027708
1279	13221	-0.0037	LG16	670370
1280	18401	-0.0022	LG09	10862292
1281	18404	0.0741	LG15	31666
1282	19994	0.0283	LG16	27979524
1283	18994	0.0789	LG03	27850690
1284	7074	0.1271	LG04	1318831
1285	18990	-0.0058	LG16	26741031
1286	21335	-8e-04	LG11	2991166
1287	12479	-0.0048	LG20	11076403
1288	7027	-0.0049	LG13	20020878
1289	9002	0.1527	LG19	19069826
1290	10226	0.093	LG21	6811994
1291	3312	-0.002	LG03	13069918
1292	5482	6e-04	LG01	9010262
1293	9008	0.012	LG20	15722835
1294	780	0.0183	LG12	4213605
1295	1729	0.0121	LG18	16054673
1296	20021	0.0085	LG06	12932691
1297	20023	0.0168	LG15	21939601
1298	1722	-0.0056	LG15	7404476
1299	21518	0.3148	LG01	16668458
1300	17325	-0.0061	LG17	6195355
1301	13135	0.0385	LG01	17894333
1302	18571	-0.0045	LG11	4312750
1303	12403	0.0178	LG12	12909587
1304	19228	-0.0084	LG11	2128700
1305	18579	0.0421	LG18	14957201
1306	20756	0.0022	LG06	3568242
1307	15948	0.0053	LG22	2521856
1308	15122	-5e-04	LG23	8708221
1309	18196	0.0849	LG09	3577647
1310	9000	-0.0049	LG01	20164805
1311	18193	0.017	LG04	26465366
1312	63	0.0092	LG07	8250504
1313	3000	0.0102	LG21	7459198
1314	10076	0.0106	LG15	10908966
1315	7791	-0.0047	LG10	7813573
1316	11896	-0.003	LG04	26693499
1317	22626	0.0133	LG08	5588163
1318	20337	0.0126	LG09	22425930
1319	1589	-0.0062	LG15	8882522
1320	17454	0.07	LG03	24732539
1321	17968	0.0673	LG09	23570799
1322	1582	0.0039	LG09	16940306
1323	20561	0.0422	LG04	28036248
1324	7151	0.0645	LG09	4221656
1325	10222	0	LG03	27941905
1326	18757	-1e-04	LG09	11297595
1327	1031	-0.0044	LG15	10603181
1328	1036	0.0033	LG07	28626276
1329	1037	0.0419	LG01	22314645
1330	630	0.0964	LG23	8025312
1331	12866	0.0121	LG14	28684850
1332	23136	0.0013	LG09	23542273
1333	1218	-0.0042	LG03	27647413
1334	927	0.0372	LG06	6420980
1335	23645	0.0066	LG17	18938718
1336	7485	-0.0064	LG03	10832030
1337	6520	-0.0028	LG19	9865843
1338	6522	0.0794	LG04	23060319
1339	6525	0.0423	LG16	30168231
1340	9452	0.0246	LG10	19417830
1341	6526	0.0017	LG15	25143238
1342	4373	-0.0059	LG04	22943548
1343	5654	0.2023	LG20	10038052
1344	7489	0.0388	LG13	16655985
1345	5650	0.0109	LG02	3684400
1346	11069	-0.0056	LG11	5204595
1347	16458	0.1285	LG20	9073013
1348	2895	0.0197	LG09	23542361
1349	23293	0.0035	LG08	12844372
1350	25561	0.1248	LG14	4334416
1351	14547	0.001	LG13	788032
1352	14546	-0.0054	LG07	14831843
1353	1454	0.0096	LG05	18200049
1354	17899	-0.0048	LG23	22636068
1355	1451	-0.0046	LG03	20425799
1356	1452	0.017	LG20	5697820
1357	17892	0.0748	LG23	8025224
1358	25567	0.0027	LG07	14745633
1359	23009	0.0476	LG13	20869043
1360	10188	-0.0036	LG11	24474143
1361	13791	0.041	LG10	12697932
1362	4081	-0.0055	LG22	9230244
1363	4083	0.0238	LG10	15139047
1364	13796	-0.0014	LG03	5379523
1365	4088	0.0059	LG14	20885177
1366	3867	-0.0065	LG21	16251957
1367	3865	0.0085	LG16	28094621
1368	8409	0.0406	LG21	18330944
1369	15927	0.0136	LG03	29283876
1370	11325	0.0114	LG13	7918800
1371	7571	0.0349	LG16	18094498
1372	7570	0.0048	LG13	18649897
1373	7573	0.059	LG01	13566886
1374	3734	-0.0056	LG06	5926292
1375	15308	0.2888	LG05	10331545
1376	7574	-0.0055	LG12	6911449
1377	19138	0.0507	LG21	8586005
1378	5722	0.0208	LG16	17321653
1379	6417	0.097	LG15	20574788
1380	20070	-0.0014	LG14	27100953
1381	15300	5e-04	LG05	13640918
1382	6410	0.0324	LG01	26825592
1383	9812	-0.0044	LG18	1096221
1384	7775	-0.0049	LG13	18791841
1385	13762	-0.0023	LG13	8670969
1386	13038	-0.0062	LG02	5142106
1387	3917	0.0046	LG01	2734304
1388	8316	-0.0056	LG03	4477954
1389	4799	1e-04	LG06	6902120
1390	8312	-0.0058	LG01	9665796
1391	23351	-0.0068	LG22	3637554
1392	21971	-0.006	LG10	10867159
1393	5995	0.1192	LG19	15587543
1394	4150	0.0955	LG07	18790673
1395	4154	0.0283	LG11	2619748
1396	11257	0.0628	LG08	7044519
1397	10886	0.0825	LG11	10701151
1398	18900	-0.0031	LG08	10347890
1399	13506	0.0054	LG01	12222620
1400	7028	0.022	LG11	20055468
1401	13723	0.0162	LG08	11504836
1402	13462	0.0284	LG23	14995379
1403	23271	0.0878	LG01	2020904
1404	9922	0.0289	LG17	1142573
1405	13725	-0.0023	LG16	24533622
1406	19263	0.0074	LG11	15974041
1407	11579	0.0439	LG13	17644758
1408	22771	0.0109	LG10	3784167
1409	8218	-0.0056	LG01	8477564
1410	25170	3e-04	LG05	17962009
1411	19269	0.0389	LG19	12258877
1412	22679	-0.0064	LG03	10176528
1413	6085	0.0588	LG21	15957906
1414	25372	0.0458	LG04	19654495
1415	6080	0.0395	LG23	8352729
1416	12070	0.0032	LG15	23757783
1417	23915	0.0145	LG01	26446274
1418	23917	-0.0038	LG17	4750806
1419	5902	0.0179	LG03	12836004
1420	17217	0.0894	LG15	10839639
1421	16165	0.0197	LG08	10923168
1422	16164	-0.0037	LG07	21075373
1423	16168	0.0182	LG07	23331870
1424	19881	0.0344	LG03	24958507
1425	3488	0.1004	LG16	28100360
1426	7803	-0.0026	LG13	19032494
1427	17561	0.0023	LG01	11481567
1428	7807	-0.0065	LG08	18470173
1429	7806	0.0911	LG02	22686739
1430	24825	0.0773	LG08	10604355
1431	3480	-0.0031	LG12	23074809
1432	3484	0.0737	LG15	23057730
1433	20472	-0.0059	LG07	27329202
1434	21078	0.0569	LG02	22029483
1435	24663	-0.0049	LG06	23081376
1436	13418	0.036	LG14	1300871
1437	4568	0.0097	LG12	4779086
1438	21071	0.0275	LG15	25544457
1439	19864	0.4168	LG16	10083819
1440	2554	0.0159	LG22	16243903
1441	11675	0.0104	LG23	9980807
1442	2558	-0.004	LG10	22020828
1443	6390	-0.0053	LG12	23443612
1444	18297	-0.0045	LG16	4251988
1445	11476	-0.0053	LG16	23192284
1446	14300	0.0233	LG05	4212380
1447	2390	0.1101	LG13	19759312
1448	17363	1e-04	LG05	17877788
1449	17368	-4e-04	LG16	28129391
1450	20612	0.0635	LG20	23244756
1451	5011	0.0558	LG09	6468238
1452	4898	0.0107	LG04	30578438
1453	14305	0.0019	LG23	4802793
1454	5016	0.0542	LG22	4547210
1455	4893	-0.0056	LG17	7310048
1456	4892	0.0276	LG18	6589478
1457	4894	-1e-04	LG15	18587678
1458	16947	0.0028	LG05	3136987
1459	20929	0.0486	LG05	17283664
1460	16944	0.0798	LG04	4758407
1461	16410	-0.0013	LG07	6570170
1462	25277	0.0602	LG08	15781964
1463	18355	0.0425	LG05	11138778
1464	7975	0.0263	LG03	8603130
1465	7974	0.0417	LG08	16567202
1466	9492	-0.0045	LG23	4941457
1467	7976	0.0035	LG18	13994590
1468	16418	0.0175	LG23	3906293
1469	9144	0.0469	LG16	19012335
1470	7522	0.0063	LG08	25397751
1471	12255	0.0206	LG21	22222499
1472	12254	-0.0026	LG11	10063725
1473	6260	-0.0031	LG06	5630445
1474	13304	0.0591	LG18	2998800
1475	4411	0.0595	LG12	22019003
1476	13301	0.2084	LG10	17347191
1477	6065	0.0749	LG18	22189991
1478	13598	0.0815	LG11	15810155
1479	2176	0.0309	LG04	18406174
1480	17097	0.044	LG18	6862613
1481	15382	0.3606	LG05	11546705
1482	2175	0.0095	LG15	5358650
1483	22276	0.0127	LG07	22340068
1484	9545	0.3913	LG09	19485278
1485	12099	0.0135	LG15	2399558
1486	6069	-0.0014	LG06	5096580
1487	21107	-0.0054	LG16	20463948
1488	4960	0.0018	LG09	17810629
1489	2604	0.0487	LG11	14815925
1490	14045	-0.0058	LG17	18367227
1491	20928	0.0112	LG18	12055207
1492	2601	0.0661	LG21	19584532
1493	14042	0.0177	LG09	8580009
1494	2603	0.0086	LG23	14392966
1495	20926	0.0018	LG01	19851693
1496	20920	0.0709	LG10	19404682
1497	14049	6e-04	LG20	5750166
1498	14824	0.016	LG05	22503857
1499	3261	0.0346	LG18	18120527
1500	24136	0.0508	LG23	6885062
1501	21327	0.0909	LG03	20363142
1502	20336	0.0363	LG21	1739622
1503	10039	0.0178	LG01	21639498
1504	1936	0.0123	LG14	24505155
1505	10785	0.0343	LG21	17775041
1506	3266	0	LG11	18795306
1507	1939	0.034	LG23	947149
1508	20101	0.0081	LG06	7734851
1509	20574	-0.004	LG04	25004497
1510	3460	0.0309	LG18	6528272
1511	7370	-0.006	LG15	4576668
1512	21699	-0.0063	LG06	8243548
1513	8890	-0.004	LG07	6489881
1514	12322	0.1223	LG18	3184470
1515	12320	0.0562	LG20	9208037
1516	20586	-0.006	LG02	23733031
1517	20588	0.0166	LG15	8372922
1518	19141	-0.0058	LG18	8738997
1519	14221	0.1215	LG21	20827935
1520	14955	0.3657	LG06	4090145
1521	7230	-0.007	LG17	13836722
1522	16902	0.0649	LG23	17396584
1523	21360	0.0736	LG11	16819948
1524	1739	0.0387	LG22	11675953
1525	1738	0.0033	LG16	27755689
1526	13237	0.0053	LG18	12117320
1527	18694	-0.0044	LG05	21068872
1528	24005	0.0593	LG20	16265452
1529	1730	0.0137	LG01	20219379
1530	5232	0.0209	LG06	19843692
1531	20036	0.0588	LG09	7937542
1532	1734	0.0088	LG17	16433379
1533	1737	0.0274	LG07	14640691
1534	20666	-0.006	LG11	22294272
1535	13124	-3e-04	LG18	20374201
1536	13125	-4e-04	LG10	11392859
1537	15808	0.0114	LG20	6786084
1538	15805	0.0701	LG19	7169435
1539	17073	0.0231	LG02	10365156
1540	11818	0.1183	LG05	2648540
1541	18142	0.0058	LG20	19914321
1542	13129	-0.0041	LG09	16518082
1543	752	0.019	LG11	8223689
1544	756	0.0152	LG11	3127754
1545	17428	0.0205	LG13	5252675
1546	25052	0.0809	LG20	16846288
1547	6886	-0.0049	LG18	10393365
1548	6887	0.0376	LG02	11466154
1549	1596	0.0177	LG16	22145857
1550	6882	0.0777	LG07	8078705
1551	1590	0.0015	LG22	5312405
1552	3076	-0.0029	LG18	13129513
1553	18322	7e-04	LG11	5422392
1554	2950	-0.0061	LG22	7744666
1555	14311	0.0203	LG20	15345806
1556	1027	0.0713	LG11	880476
1557	1020	-0.001	LG18	17770636
1558	12713	-0.0057	LG09	10266318
1559	7164	0.0392	LG03	20693275
1560	4365	-0.0037	LG01	18164746
1561	24029	0.0139	LG15	20569610
1562	4361	0.0742	LG11	27160901
1563	4368	0.0648	LG08	12744936
1564	12892	0.0052	LG03	714072
1565	15573	-0.0084	LG06	6638277
1566	15571	0.0141	LG18	1896621
1567	8278	-0.0052	LG12	6752117
1568	8277	0.039	LG02	5947585
1569	14559	0.0122	LG17	5508601
1570	11072	-0.0043	LG18	1753151
1571	14550	-0.0057	LG19	5644780
1572	22707	0.0219	LG02	23145300
1573	3102	0.1748	LG14	22294077
1574	8670	0.0153	LG11	27130781
1575	5	0.1122	LG11	27261814
1576	1441	0.148	LG14	10322868
1577	12869	-0.0058	LG14	24287175
1578	8064	-0.0026	LG12	6180142
1579	20923	-0.0052	LG11	14468605
1580	4092	0.0038	LG12	6182711
1581	23215	0.1258	LG03	6928935
1582	4090	0.0025	LG09	17063685
1583	4097	-0.0052	LG17	16950745
1584	22348	0.0175	LG18	4567412
1585	22349	-0.0015	LG22	16115335
1586	19126	0.0215	LG02	11403166
1587	22615	-0.0049	LG15	16328025
1588	22340	0.0074	LG02	19082581
1589	23587	0.0061	LG06	24168683
1590	23584	-0.0052	LG01	11497482
1591	5730	0.0075	LG16	5110535
1592	11319	0.0185	LG10	17278254
1593	12205	-0.004	LG01	144969
1594	5739	0.0681	LG07	30391639
1595	15010	0.0058	LG11	8774566
1596	6462	0.0194	LG12	25449456
1597	12201	0.0975	LG09	14680579
1598	9801	0.1829	LG01	8078099
1599	7583	0.0236	LG22	17211593
1600	7747	0.0115	LG13	8626858
1601	22640	8e-04	LG09	17652604
1602	18166	0.0237	LG12	567544
1603	7749	-0.0045	LG11	25187021
1604	23879	0.0102	LG01	17874079
1605	15543	-0.0052	LG01	3923225
1606	14174	0.006	LG18	22110953
1607	8724	0.0035	LG04	17119035
1608	24153	0.0182	LG01	5987265
1609	20446	0.0685	LG09	11671951
1610	3929	-0.0022	LG13	6072318
1611	22508	-0.0054	LG02	19309451
1612	6729	0.0771	LG11	19415556
1613	4782	0.0708	LG16	29902249
1614	11886	0.0978	LG07	25941514
1615	19014	0.0064	LG11	24642299
1616	8095	-0.0056	LG04	33023845
1617	8267	0.0565	LG12	11939803
1618	12521	0.0407	LG08	19539358
1619	4148	-0.0059	LG21	18381376
1620	23694	0.0017	LG14	27086884
1621	4145	0.0281	LG12	23109552
1622	8260	0.0075	LG16	27304295
1623	4140	-0.0039	LG13	22202718
1624	14912	0.0187	LG21	2599462
1625	3855	-0.0045	LG21	19913962
1626	21851	0.1066	LG17	11697684
1627	3853	0.0048	LG03	19916664
1628	22085	0.0366	LG18	13692097
1629	8726	0.0544	LG14	17015235
1630	14426	0.0779	LG05	4935071
1631	19275	-0.006	LG03	25242684
1632	12069	0.0121	LG06	20237554
1633	19784	0.3016	LG11	19585086
1634	12064	-0.0034	LG08	10043041
1635	6094	0.03	LG12	8466885
1636	16571	0.1181	LG06	7867244
1637	10350	-0.0057	LG03	7068423
1638	6658	0.0535	LG15	22394483
1639	6657	0.0767	LG03	7628668
1640	12664	0.0397	LG15	5039497
1641	19650	0.2167	LG21	20367923
1642	19651	0.042	LG14	5180737
1643	15548	0.1498	LG01	13549939
1644	10806	-0.0049	LG02	21825178
1645	16179	0.0172	LG03	27266677
1646	20990	0.003	LG07	21131169
1647	198	-0.008	LG10	12542466
1648	21844	-0.0047	LG01	12649886
1649	14545	0.1079	LG11	28187496
1650	17552	0.0689	LG19	178221
1651	21666	0.0184	LG18	19530417
1652	19879	0.0072	LG07	27702248
1653	4556	-0.0052	LG09	1872502
1654	4557	-0.0055	LG04	3826017
1655	6388	-0.0047	LG22	4388180
1656	4550	0.0177	LG12	17753872
1657	21061	0.1143	LG09	3779676
1658	15494	0.0818	LG05	18979819
1659	21996	0.0063	LG21	4890359
1660	19513	0.0068	LG18	17677192
1661	11687	0.0173	LG05	13038479
1662	11686	0.0218	LG19	20003266
1663	17898	0.0136	LG06	24099530
1664	14070	-0.0011	LG03	13845404
1665	11443	0.0206	LG21	5151457
1666	2382	0.0147	LG23	570487
1667	17237	-0.0029	LG21	2997516
1668	24801	0.012	LG14	27298761
1669	20544	0.0592	LG12	6086824
1670	5002	0.0045	LG10	1370047
1671	10334	-0.0055	LG13	17465274
1672	2762	-0.003	LG22	122447
1673	20625	0.0251	LG14	3709595
1674	20624	0.008	LG18	13659026
1675	9159	0.0118	LG10	6204018
1676	9158	0.0311	LG11	6826719
1677	22899	0.352	LG22	10850682
1678	9489	0.0326	LG09	10420914
1679	24168	0.038	LG11	20084116
1680	17132	-0.0046	LG03	11263632
1681	17134	0.04	LG03	14854029
1682	11304	0.0039	LG02	4112741
1683	12242	-0.0037	LG18	18874747
1684	6275	-0.0054	LG02	8423715
1685	6274	0.037	LG12	13367814
1686	16790	0.0073	LG23	6321701
1687	16791	-0.004	LG10	25140041
1688	6279	-0.0032	LG20	4903810
1689	4426	0.1116	LG10	4400003
1690	25129	0.0066	LG17	588319
1691	1845	0.0778	LG03	16345097
1692	6077	0.0059	LG01	16099585
1693	12087	0.0024	LG03	25954272
1694	4958	-0.0033	LG10	22107920
1695	22705	0.0697	LG04	17429463
1696	12082	0.0282	LG01	19122718
1697	12083	0.0114	LG13	13895706
1698	4956	0.0615	LG11	10490527
1699	2160	-0.0041	LG12	18822680
1700	9731	0.0394	LG14	23757247
1701	14032	0.0372	LG03	7893897
1702	16718	-0.0051	LG07	27965978
1703	9738	0.1795	LG13	8668477
1704	20486	-5e-04	LG23	1216584
1705	21336	0.0614	LG17	5556158
1706	13430	0.062	LG14	25158945
1707	7345	0.0978	LG05	10239778
1708	3298	-0.0029	LG21	12713994
1709	7341	-0.0019	LG01	25623962
1710	1906	0.0139	LG02	19009588
1711	1907	0.0768	LG10	17098895
1712	10024	0.024	LG05	2172020
1713	5133	0.0828	LG12	19492744
1714	24232	0.0097	LG23	11789069
1715	21339	0.0395	LG04	10785561
1716	13207	0.0135	LG09	19949567
1717	21596	0.029	LG18	2607432
1718	13209	0.0134	LG15	12653317
1719	17512	0.0386	LG22	4444450
1720	22355	-0.0058	LG14	25322554
1721	6	0.0159	LG10	5565406
1722	12334	0.0096	LG04	3825929
1723	20964	0.0173	LG15	19751967
1724	12331	-1e-04	LG04	18954802
1725	15907	0.065	LG09	9465117
1726	14783	-0.003	LG19	19801598
1727	13162	0.0645	LG01	4650983
1728	20551	0.0631	LG16	27618250
1729	13163	0.0016	LG09	23918871
1730	7000	0.093	LG04	11009190
1731	20559	0.0518	LG01	8160450
1732	14140	-0.0061	LG06	7517417
1733	10245	0.0409	LG14	12893504
1734	18687	0	LG14	25020971
1735	21537	-0.0043	LG22	11444989
1736	5227	-0.0048	LG23	17985491
1737	18512	0.0178	LG21	15913059
1738	8936	8e-04	LG23	7449359
1739	14814	0.013	LG01	4757332
1740	18517	-0.0025	LG07	16558501
1741	18514	0.0419	LG13	20554528
1742	14810	0.0033	LG07	12619906
1743	15557	0.0178	LG02	9912739
1744	15140	-2e-04	LG06	5825366
1745	15145	-0.0057	LG13	3341126
1746	22423	0.0176	LG20	19010849
1747	15780	-0.007	LG23	5975215
1748	6890	-0.0077	LG11	11780929
1749	3061	0.1208	LG19	12728793
1750	17947	-0.0041	LG14	25735447
1751	7171	-0.0048	LG07	16286288
1752	3066	0.0033	LG16	5085357
1753	7173	-0.0054	LG01	18990205
1754	14360	0.0074	LG11	20090953
1755	14491	0.0073	LG23	16153727
1756	18331	0.0389	LG22	4794432
1757	1053	0.042	LG13	11331788
1758	1054	0.1216	LG06	19898749
1759	16393	0.0092	LG22	17716788
1760	1059	-0.0037	LG01	27624343
1761	1693	-0.0028	LG08	10243819
1762	20425	0.0054	LG05	6497308
1763	618	-8e-04	LG14	2325174
1764	18678	0.0183	LG16	26034933
1765	4317	0.0877	LG08	21516625
1766	612	0.018	LG21	15008260
1767	613	-0.0049	LG22	6028173
1768	12884	0.0413	LG14	17957451
1769	616	0.0085	LG14	1538720
1770	1275	0.0998	LG01	19119404
1771	12881	0.0201	LG03	22108213
1772	8798	0.0736	LG10	24193411
1773	14594	-0.0039	LG09	7829697
1774	24936	0.0157	LG01	2977826
1775	8242	0.0094	LG01	7621451
1776	15061	0.0619	LG12	11994413
1777	24485	-0.003	LG15	25286539
1778	8241	0.0427	LG13	17644845
1779	8246	-0.0064	LG15	19655061
1780	11049	-0.0013	LG10	12577783
1781	9819	-0.0049	LG13	197290
1782	14765	-0.0058	LG18	17770724
1783	14760	0.079	LG11	5530610
1784	14762	0.0025	LG05	16361882
1785	3116	0.2038	LG02	12426111
1786	21046	0.0198	LG03	18033092
1787	2371	-0.0053	LG03	8761931
1788	1473	0.0339	LG11	27198631
1789	15965	0.0204	LG03	7238280
1790	1474	-0.003	LG12	7753631
1791	8649	0.0162	LG01	18885301
1792	10172	0.0459	LG09	3075444
1793	15306	6e-04	LG21	5307455
1794	23026	7e-04	LG20	5077173
1795	8641	0.0087	LG11	17280494
1796	1306	0.0345	LG13	11880001
1797	23203	0.1176	LG02	18131841
1798	17919	-0.0042	LG05	9434848
1799	19853	0.0789	LG16	4413742
1800	23758	0.0016	LG16	21133818
1801	22376	0.0614	LG01	18270121
1802	23590	0.1241	LG21	18263949
1803	23592	0.027	LG08	26200561
1804	23593	0.0062	LG08	11824764
1805	5744	-0.0055	LG23	5048977
1806	15752	0.1071	LG16	7650464
1807	13934	0.0065	LG22	12595462
1808	4226	0.0775	LG09	24607602
1809	490	0.0291	LG14	1523992
1810	14213	0.0381	LG21	6057118
1811	11307	0.024	LG09	12988378
1812	24	0.2176	LG20	9392547
1813	5584	0.0074	LG01	15478086
1814	5580	0.0261	LG14	8286307
1815	22739	4e-04	LG05	11633495
1816	9833	0.0226	LG17	10130791
1817	12406	-0.0044	LG07	26600311
1818	24796	-0.0027	LG10	13900062
1819	17912	0.0262	LG09	23034645
1820	23115	0.002	LG22	16243903
1821	21492	0.2217	LG14	10086345
1822	7759	0.0071	LG09	19279622
1823	23112	0.0502	LG02	19178339
1824	7755	0.0183	LG11	25803771
1825	7754	0.0572	LG23	22966482
1826	18698	-0.0031	LG17	2748516
1827	13773	0.0022	LG19	17987535
1828	10304	-0.0067	LG02	21825266
1829	3939	0.0801	LG17	12450113
1830	19466	0.0016	LG06	22609209
1831	3931	-0.007	LG11	5295900
1832	8330	-0.0022	LG14	4242362
1833	8336	0.0564	LG01	3590892
1834	21239	0.1142	LG09	19366042
1835	8334	0.1544	LG07	8045347
1836	11273	0.0313	LG02	17972205
1837	23374	-0.0053	LG13	17292407
1838	23371	0.0066	LG04	10599321
1839	19061	0.0551	LG20	5261601
1840	22323	0.2568	LG17	16498976
1841	15212	0.0128	LG05	21327788
1842	21866	0.0052	LG11	21490805
1843	19066	0.2919	LG20	3439763
1844	17417	0.065	LG12	12250103
1845	4132	0.016	LG01	8475035
1846	4133	0.2397	LG04	24866885
1847	17128	0.0084	LG19	19855741
1848	15218	-0.0053	LG13	15160240
1849	24464	0.0141	LG13	5444037
1850	3843	0.1422	LG01	7799052
1851	5697	0.0044	LG14	28878426
1852	3849	0.0102	LG15	22242308
1853	5699	0.0199	LG14	8137819
1854	13626	0.0613	LG16	13642303
1855	25357	-0.0024	LG12	5774404
1856	19201	0.0055	LG11	4663213
1857	22794	-0.0051	LG15	24809886
1858	22791	3e-04	LG20	406559
1859	16098	-0.0083	LG23	11428544
1860	24895	-0.0059	LG18	4762248
1861	22104	0.0142	LG04	28268549
1862	22407	-0.0021	LG14	19237839
1863	15973	-0.0043	LG08	4711955
1864	4045	0.0561	LG04	19808416
1865	13756	0.0998	LG23	7751151
1866	4040	0.0512	LG08	10912553
1867	12652	0.0234	LG02	2196715
1868	6660	0.0243	LG13	12796553
1869	12657	0.0026	LG03	19125456
1870	18253	0.0187	LG12	23861769
1871	24891	0.0451	LG19	2930447
1872	10878	-4e-04	LG02	11133801
1873	17870	-0.0015	LG08	13840335
1874	21600	-0.0055	LG08	7171130
1875	19666	0.0564	LG21	20790620
1876	5962	-0.0058	LG10	5834804
1877	10872	0.0812	LG13	2826437
1878	5966	0.0385	LG11	3737428
1879	19660	-0.0028	LG11	12511791
1880	16325	-0.0054	LG14	3425971
1881	24808	-0.0059	LG02	2862479
1882	16897	4e-04	LG12	7887658
1883	25538	0.1236	LG12	15479366
1884	16898	0.1533	LG06	23015385
1885	21833	0.1839	LG21	20406551
1886	17230	0.0046	LG09	11767563
1887	4549	-0.0026	LG17	7290454
1888	22930	0.0071	LG04	34615017
1889	19720	0.0223	LG14	7840851
1890	19683	0.0032	LG13	13024843
1891	19682	0.0665	LG09	24358659
1892	4541	-0.0061	LG21	3250882
1893	13432	-0.0041	LG23	8664423
1894	19689	-0.0033	LG06	3616089
1895	19329	0.0257	LG03	24955295
1896	24307	0.0552	LG10	18499922
1897	23354	0.0417	LG09	4655851
1898	11691	-0.0038	LG09	8580099
1899	13258	0.0964	LG05	23305723
1900	10906	-0.0047	LG04	9318400
1901	11459	-0.0068	LG09	19421069
1902	16803	0.1178	LG08	8068226
1903	22694	0.108	LG03	8422642
1904	24935	-0.0041	LG16	20705280
1905	24934	0.0182	LG01	22930946
1906	2370	-0.0061	LG05	6913864
1907	6735	0.0044	LG18	13764485
1908	17436	0.0049	LG17	7310136
1909	3594	-0.0017	LG14	5903591
1910	5035	0.0171	LG22	16170968
1911	8231	-0.0037	LG05	21184752
1912	5030	0.0351	LG22	15046804
1913	5031	-0.0019	LG07	12728851
1914	12600	0.0263	LG23	16671202
1915	8507	0.065	LG10	15259978
1916	1872	0.074	LG10	21232603
1917	13321	-6e-04	LG02	21828564
1918	13323	0.012	LG06	15013362
1919	7913	-0.0018	LG10	22408604
1920	25225	0.0088	LG11	8123880
1921	7910	0.0182	LG14	6573265
1922	7915	0.045	LG06	1682281
1923	974	0.0399	LG15	18002768
1924	15531	0.1851	LG20	13226742
1925	23986	-0.0046	LG07	11698160
1926	2118	-0.0015	LG16	25894782
1927	183	0.0082	LG19	12157293
1928	19750	0.0171	LG02	6566985
1929	187	0.0839	LG12	25008487
1930	15925	0.0305	LG01	26825871
1931	2110	-0.0019	LG02	15714736
1932	21934	-1e-04	LG07	18657038
1933	189	-0.0061	LG03	25718099
1934	19923	0.0233	LG08	20933711
1935	20837	0.0625	LG18	599341
1936	2623	-0.006	LG19	2707850
1937	14020	0.0393	LG11	21264705
1938	2621	-0.0038	LG04	378962
1939	17046	0.0936	LG16	10104528
1940	8606	0.0828	LG18	18859511
1941	20835	0.0158	LG22	15230255
1942	20128	0.1053	LG06	176690
1943	20945	0.0624	LG10	19366755
1944	9582	-0.0046	LG06	16749471
1945	10620	-0.0061	LG19	1053140
1946	9585	0.0049	LG11	11440099
1947	1911	0.2221	LG21	3578040
1948	10012	-6e-04	LG02	8567215
1949	19739	-0.0073	LG16	17279586
1950	3284	0.0334	LG07	9539930
1951	10015	0.0016	LG10	15810510
1952	13211	0.003	LG04	32864667
1953	860	-9e-04	LG15	8162379
1954	22937	0.073	LG07	23094487
1955	22961	-0.0053	LG10	9917591
1956	13702	-0.0042	LG13	13876524
1957	2752	0.0218	LG14	29071558
1958	10497	0.0045	LG12	3555248
1959	10495	0.0063	LG04	30851725
1960	2029	-0.0064	LG16	1408228
1961	10276	0.0805	LG05	19239849
1962	9393	0.0229	LG16	12409656
1963	14979	0.0382	LG17	8156150
1964	885	-0.0012	LG10	5851100
1965	888	0.0134	LG19	5854828
1966	14972	0.0633	LG03	23204521
1967	10477	0.0744	LG01	18299147
1968	10476	-0.0054	LG13	10039372
1969	20543	-0.0065	LG21	3250970
1970	20017	-0.0052	LG15	8397570
1971	9050	0.0421	LG13	14493837
1972	9054	0.0537	LG19	14616405
1973	14153	0.0174	LG08	1137956
1974	14592	-0.0065	LG22	14345474
1975	24062	1e-04	LG18	13591321
1976	21546	0.006	LG12	18266357
1977	11872	-0.0064	LG16	8113974
1978	22898	0.1787	LG14	28147577
1979	14804	0.0085	LG14	9932846
1980	13104	0.0168	LG18	13752109
1981	13107	-0.0028	LG11	13398459
1982	13100	0.0363	LG05	5100690
1983	19437	0.0775	LG01	4662687
1984	18306	0.0866	LG20	14082430
1985	20552	0.3488	LG02	7704733
1986	772	0.01	LG12	19202962
1987	24098	0.1002	LG14	11755005
1988	18659	-0.0031	LG14	2164166
1989	15171	0.0701	LG23	9283213
1990	18308	0.0226	LG01	22419255
1991	14379	0.0115	LG01	3282792
1992	7104	0.0764	LG09	11767651
1993	2973	0.097	LG01	27732633
1994	14371	1e-04	LG19	2649246
1995	6860	0.0138	LG18	4956850
1996	2977	-0.0062	LG03	25242772
1997	2974	-0.0017	LG14	9719363
1998	20424	0.0062	LG18	12678763
1999	1047	0.1146	LG09	6946806
2000	23706	0.0406	LG03	23466014
2001	21302	0.1383	LG14	14635342
2002	5413	0.0671	LG03	29071150
2003	1689	0.0015	LG13	21043471
2004	18782	-0.0067	LG06	23908378
2005	18780	-0.0043	LG02	16247404
2006	19990	-7e-04	LG06	10021608
2007	4301	-0.0045	LG01	18990497
2008	8252	0.0066	LG13	1229103
2009	17941	0.0172	LG16	9896654
2010	1266	-0.0066	LG08	20768613
2011	18012	-0.0022	LG12	22709819
2012	8789	-0.0054	LG01	11152405
2013	11054	0.017	LG01	22931034
2014	11059	0.0341	LG05	6974071
2015	24471	0.023	LG21	6153504
2016	3129	-0.0044	LG14	10030230
2017	3120	-0.0012	LG18	1987451
2018	3121	5e-04	LG10	12858006
2019	7610	-0.006	LG02	19846598
2020	23944	0.0016	LG07	14383434
2021	1469	0.0106	LG20	12562983
2022	23000	4e-04	LG03	24732451
2023	15997	0.0203	LG14	9216980
2024	15991	0.0012	LG13	5583437
2025	1463	0.0141	LG14	16098739
2026	15748	0.0241	LG08	10446991
2027	19541	0.0018	LG20	9594475
2028	1311	0.0821	LG09	12622187
2029	21738	0.0296	LG04	7663467
2030	5753	0.0818	LG01	11309141
2031	12434	9e-04	LG02	18018124
2032	6443	-6e-04	LG19	20268119
2033	12431	0.04	LG11	27862706
2034	6913	0.0281	LG22	19647984
2035	13923	-0.0022	LG01	28259281
2036	4230	0.0405	LG04	23389886
2037	5590	0.0193	LG15	16949205
2038	20997	0.0163	LG18	17575333
2039	12520	0.0192	LG20	9309314
2040	23150	0.0121	LG11	2463269
2041	18840	0.0369	LG12	5561882
2042	18841	0.1093	LG06	6656691
2043	23168	0.0083	LG11	13620304
2044	20908	0.0957	LG15	8329374
2045	7726	0.0049	LG06	14765352
2046	3948	-0.0058	LG09	5671531
2047	22563	0.0158	LG08	11820497
2048	13693	0.2201	LG19	18386627
2049	3940	0.11	LG06	7867156
2050	19475	0.1444	LG11	14782518
2051	315	0.0427	LG13	21280470
2052	6709	0.0037	LG02	8318815
2053	23308	0.0188	LG09	11265092
2054	8327	0.1417	LG06	13589351
2055	8322	0.0827	LG09	14038013
2056	24673	0.0036	LG01	12331744
2057	19076	-0.0038	LG16	28100272
2058	12506	-0.0049	LG21	17973510
2059	23827	0.0024	LG15	12270324
2060	15229	0.0307	LG17	10830659
2061	12508	0.0369	LG08	5800155
2062	4126	-0.0056	LG04	28825553
2063	7431	0.0106	LG12	3326685
2064	5685	0.0046	LG09	4495270
2065	24478	0.0025	LG18	19330205
2066	22788	1e-04	LG18	11495314
2067	22789	0.0972	LG15	23061083
2068	10498	0.138	LG23	16901532
2069	22783	0.0394	LG06	17151219
2070	6677	0.0074	LG19	5644692
2071	12641	1e-04	LG03	5337885
2072	23413	0.0327	LG16	26990205
2073	6672	6e-04	LG04	31308425
2074	22145	-0.003	LG11	9814031
2075	12648	0.0157	LG09	20115383
2076	23785	0.0213	LG09	15134525
2077	23549	-0.0051	LG20	887076
2078	4058	-0.0034	LG06	18751866
2079	22092	0.1609	LG09	13245403
2080	19679	0.0821	LG19	12150283
2081	5973	-0.0055	LG17	6461537
2082	16151	0.095	LG11	9208997
2083	10860	0.0641	LG03	10767775
2084	6218	0.053	LG01	18938963
2085	16157	0.0241	LG23	19649645
2086	19502	0.0021	LG22	17169193
2087	19856	0.1049	LG05	19867310
2088	21826	0.0198	LG19	19574950
2089	15293	0.0154	LG20	22046387
2090	25035	-0.005	LG23	13028725
2091	23618	-0.0041	LG19	7131019
2092	23093	0.0021	LG11	27289201
2093	25032	0.0202	LG07	28063039
2094	10813	0.038	LG12	1339414
2095	23156	0.0185	LG23	19718731
2096	16522	0.0015	LG01	16029166
2097	13880	0.0023	LG11	27245517
2098	23095	-6e-04	LG18	17155554
2099	8690	-0.0043	LG19	14692145
2100	8288	0.0203	LG13	18629424
2101	2368	0.0169	LG08	26184505
2102	24080	0.0223	LG04	19300842
2103	2366	0.014	LG21	21010013
2104	17335	-0.0019	LG15	25184354
2105	11422	-0.0046	LG18	13594708
2106	7290	0.0084	LG08	7585018
2107	9131	0.003	LG20	2330881
2108	17442	-0.0042	LG09	18023941
2109	9135	0.0176	LG06	12182054
2110	9134	7e-04	LG21	5010586
2111	7298	-0.0019	LG13	1297768
2112	16166	-8e-04	LG06	11464080
2113	10316	0.0199	LG22	16614805
2114	7929	0.0984	LG11	5422480
2115	4440	0.0778	LG22	15103048
2116	4442	-0.0044	LG13	14527982
2117	13352	-0.0017	LG16	2319360
2118	3728	-0.0015	LG05	18541764
2119	16425	0.0137	LG07	27583603
2120	25252	-0.0037	LG16	18107414
2121	16422	0.0198	LG10	18439664
2122	964	-0.0082	LG07	28218086
2123	20546	0.0701	LG15	8724721
2124	966	0.0613	LG13	18698689
2125	13650	0.0102	LG23	14136677
2126	960	0.0185	LG12	10174457
2127	962	-0.0028	LG23	22332615
2128	4689	-0.0048	LG02	19993451
2129	11736	0.1865	LG04	23393908
2130	10954	5e-04	LG14	13316350
2131	23633	-0.0045	LG16	11778376
2132	2100	0.0016	LG17	4283147
2133	6051	0.0594	LG11	21094436
2134	11738	0.0349	LG05	17317386
2135	10006	1e-04	LG13	9576401
2136	5116	0.0026	LG20	5151301
2137	20154	0.049	LG01	19065023
2138	20158	0.0992	LG04	25712430
2139	5118	0.0085	LG12	4298590
2140	20796	0.0331	LG11	10174407
2141	20795	0.069	LG21	3588758
2142	20794	0.0415	LG01	6675702
2143	17066	-0.0021	LG06	24966019
2144	9229	0.1476	LG08	14187458
2145	9596	0.0266	LG01	11383360
2146	9590	0.0158	LG17	14394793
2147	9593	-0.0058	LG12	17830910
2148	20798	0.0338	LG09	10682829
2149	20462	0.0061	LG22	10749043
2150	17597	0.0452	LG14	7665891
2151	3434	-0.002	LG10	6003116
2152	22955	0.0291	LG12	18576679
2153	3437	0.0029	LG12	23290112
2154	10488	0.1795	LG05	5151374
2155	4596	0.074	LG08	1761739
2156	4849	-7e-04	LG15	17083022
2157	24824	0.0328	LG14	18241278
2158	12352	0.0296	LG04	25253747
2159	15150	0.0812	LG03	7669281
2160	4841	-0.0049	LG16	6040999
2161	10260	0.1045	LG10	4477635
2162	14572	0.0104	LG06	3819643
2163	10263	0.1012	LG12	5229610
2164	24147	0.007	LG12	24341605
2165	21411	0.0594	LG15	17013389
2166	899	-0.0048	LG23	11912788
2167	14902	0.0471	LG21	20674646
2168	14906	0.043	LG06	18358526
2169	5201	0.0552	LG23	17880932
2170	20572	2e-04	LG02	19225999
2171	20570	0.0064	LG02	3848141
2172	10462	0.0117	LG14	11822248
2173	21671	0.0015	LG22	16784220
2174	10460	0.0239	LG13	6966466
2175	9043	-0.0061	LG03	19476998
2176	5208	-0.0028	LG01	2044448
2177	11992	0.0016	LG12	19963181
2178	11994	-0.0051	LG13	8744832
2179	21558	0.0162	LG21	22420803
2180	3547	0.0421	LG17	4126590
2181	3541	0.0615	LG13	24575544
2182	24071	0.1021	LG11	12101375
2183	24077	0.0201	LG18	153762
2184	24467	0.0061	LG07	15454584
2185	11849	0.0256	LG09	12564139
2186	8915	0.0034	LG20	7955725
2187	11843	-0.001	LG16	8907544
2188	10086	0.0759	LG14	26250657
2189	11191	-0.004	LG05	20436363
2190	2967	-0.0073	LG15	15149144
2191	2966	0.2003	LG01	28089763
2192	14342	0.082	LG09	141924
2193	14341	0.0046	LG14	29162427
2194	18641	-0.006	LG20	6528477
2195	18318	0.0136	LG22	3971952
2196	18319	0.0397	LG09	21889342
2197	19046	0.004	LG07	25485765
2198	15165	0.1088	LG16	22293396
2199	765	0.1457	LG01	16350985
2200	17643	0.0051	LG17	10830571
2201	7117	-0.0066	LG03	5072653
2202	24148	0.0828	LG02	9902304
2203	6878	0.0875	LG15	20381790
2204	3043	0.0174	LG21	21161935
2205	18796	-0.0062	LG07	20918202
2206	25511	-0.0012	LG18	12211572
2207	1078	0.0021	LG14	1738653
2208	18793	0.0271	LG20	12594969
2209	19045	0.0355	LG02	11101487
2210	20372	0.004	LG20	5687024
2211	1073	-0.006	LG10	2603183
2212	23486	0.0118	LG11	16266066
2213	14803	0.0555	LG20	11246237
2214	17149	0.1691	LG21	2315611
2215	21073	0.0032	LG12	4069175
2216	15488	0.0259	LG18	19946164
2217	19183	-0.0044	LG01	4056640
2218	25016	0.0275	LG23	8661380
2219	20490	0.0222	LG03	25668424
2220	17644	-0.0048	LG11	24432463
2221	18534	-0.0041	LG18	12493817
2222	1094	0.0136	LG01	8989975
2223	1091	-0.0028	LG04	987643
2224	1092	-1e-04	LG20	20701546
2225	4336	0.0346	LG11	6123685
2226	18528	-0.0019	LG14	1687979
2227	4332	-0.006	LG23	3521287
2228	671	-0.0057	LG23	17377949
2229	18835	0.051	LG20	23406232
2230	13774	0.0114	LG16	24085921
2231	3138	0.194	LG20	13442555
2232	18002	0.0763	LG02	5475402
2233	14741	0.023	LG21	6153416
2234	17856	0.0178	LG08	4176493
2235	18523	-0.0066	LG18	5958731
2236	7604	-0.0065	LG07	24657611
2237	24265	-0.0051	LG23	8127529
2238	13552	0.0097	LG21	15321811
2239	22895	0.0305	LG03	24988455
2240	1323	-0.0041	LG20	6539707
2241	11343	0.0376	LG23	6939864
2242	9850	-0.0035	LG04	4223942
2243	9852	-0.0062	LG21	10137258
2244	9853	0.0073	LG03	22734972
2245	6454	2e-04	LG16	1542135
2246	5766	0.05	LG18	22502477
2247	6458	0.0286	LG11	20093783
2248	5765	0.1625	LG21	7389806
2249	4206	-0.0031	LG10	9793217
2250	4207	0.013	LG21	9732870
2251	15185	-0.0054	LG18	18731251
2252	5569	0.1532	LG01	23205145
2253	19772	-0.0067	LG17	4161952
2254	5560	0.0374	LG13	17284812
2255	5562	0.2971	LG20	3274663
2256	11222	-0.006	LG19	7639504
2257	1254	-0.0026	LG20	20099558
2258	1253	0.0827	LG22	11919118
2259	7731	0.0333	LG19	11089861
2260	7730	0.0071	LG15	12292251
2261	7736	0.1539	LG13	6632801
2262	7735	-0.0057	LG06	18310874
2263	23148	-0.0063	LG06	4104193
2264	15326	0.017	LG15	21253119
2265	23345	0.0012	LG02	4533055
2266	15248	-0.0046	LG18	18337469
2267	19193	-3e-04	LG15	17580160
2268	3957	0.0397	LG07	823426
2269	19194	0.0436	LG15	20966393
2270	11210	0.0189	LG11	25211807
2271	11211	0.0234	LG23	7329873
2272	18309	-0.0014	LG01	4438940
2273	25588	0.0258	LG23	15469782
2274	23313	-0.0079	LG05	19510123
2275	15323	0.025	LG18	1928483
2276	24219	0.2271	LG16	8745678
2277	8194	0.2388	LG09	4886819
2278	15234	0.0688	LG10	15260066
2279	12515	0.0358	LG04	18612120
2280	12516	0.0096	LG09	20438490
2281	15232	0.006	LG01	1020445
2282	19899	0.0056	LG16	15751143
2283	15701	0.0153	LG06	10563813
2284	24440	0.0106	LG07	18792489
2285	7890	0.0124	LG14	13284482
2286	7421	0.0181	LG19	3097487
2287	19118	0.0439	LG05	14061436
2288	20263	0.0012	LG12	29713
2289	11479	0.2181	LG01	24916735
2290	16520	0.0449	LG15	14334485
2291	8199	-0.0059	LG09	14464715
2292	25334	0.0107	LG04	19650453
2293	12564	0.0249	LG07	27817675
2294	23950	0.0887	LG22	4037329
2295	6604	0.0196	LG18	1703870
2296	6606	0.0446	LG11	28332595
2297	7109	-0.0043	LG09	5317086
2298	6608	0.0379	LG14	4655642
2299	6609	-0.0072	LG04	6791037
2300	4062	-0.0029	LG19	1676774
2301	4066	0.0121	LG20	8942881
2302	11506	0.0122	LG12	24036984
2303	11504	0.007	LG01	24263046
2304	11505	-0.0014	LG15	4956975
2305	24597	0.0032	LG13	9929672
2306	11500	0.037	LG07	22421100
2307	982	0.0571	LG05	18446161
2308	5781	0.0023	LG14	5998727
2309	17837	-0.0024	LG18	13681410
2310	3601	-0.0061	LG17	8319369
2311	19537	-8e-04	LG18	11863017
2312	3606	0.1892	LG07	29181476
2313	16180	-0.0039	LG23	10509126
2314	13276	-0.0019	LG01	13203369
2315	25028	-0.0043	LG09	4635842
2316	16637	0.0042	LG09	4910828
2317	12184	-0.0041	LG19	15296445
2318	12182	0.0265	LG10	11702412
2319	22889	0.0486	LG15	19171896
2320	12746	-0.0055	LG06	5825278
2321	25204	0.053	LG01	23131382
2322	24451	6e-04	LG14	4188617
2323	17328	0.0669	LG05	11002377
2324	17329	0.0016	LG01	20190450
2325	10921	-8e-04	LG18	12320425
2326	25205	0.0382	LG21	9534400
2327	19222	0.0812	LG12	19916291
2328	19996	-0.0054	LG01	25476068
2329	17320	0.093	LG14	26201708
2330	111	-0.0041	LG02	19524547
2331	10928	-0.0053	LG23	8351205
2332	11437	0.0337	LG01	4662599
2333	16942	-0.0017	LG08	19115287
2334	7283	0.0799	LG23	18658490
2335	17102	0.0459	LG13	19423592
2336	1048	-0.0052	LG13	21014787
2337	7286	-0.0065	LG01	21876491
2338	21788	-0.0084	LG17	14129644
2339	9456	0.0175	LG01	12895039
2340	22918	0.1086	LG09	11494887
2341	9102	0.0316	LG14	7840939
2342	9100	0.0773	LG16	12442275
2343	4453	0.0171	LG03	9773441
2344	16989	-0.0047	LG01	20244651
2345	13341	0.0158	LG06	10553940
2346	4459	0.0733	LG09	19494289
2347	4458	0.082	LG22	8231118
2348	16457	-0.0052	LG15	3946906
2349	16456	-0.0018	LG05	4768937
2350	2135	0.0149	LG21	10135760
2351	951	-0.0023	LG22	3422278
2352	12291	0.0623	LG05	14410867
2353	952	-0.0029	LG16	15094047
2354	12295	0.0335	LG15	20811419
2355	12294	0.0167	LG19	4553077
2356	6028	0.1881	LG21	10135672
2357	17216	0.0303	LG07	29626247
2358	11725	-0.0065	LG04	19611569
2359	11722	0.1764	LG12	22026053
2360	24867	-0.0069	LG13	15382442
2361	24866	0.0121	LG01	21344701
2362	24868	0.0261	LG06	17520164
2363	23451	0.008	LG15	12323986
2364	2648	0.0645	LG17	5506104
2365	20140	0.2379	LG11	18447554
2366	20144	0.0566	LG05	14401240
2367	10079	0.1954	LG14	25560788
2368	20148	0.0063	LG03	28122202
2369	2646	0.0096	LG03	727009
2370	2647	0.0345	LG03	8603218
2371	20781	0.0168	LG15	10765691
2372	9218	0.0331	LG20	23516462
2373	22947	-0.006	LG11	3409526
2374	17074	-0.0069	LG01	13460605
2375	9213	-0.0044	LG11	27848202
2376	9210	-0.0033	LG18	5958819
2377	9216	0.061	LG06	92177
2378	9215	-0.007	LG09	12807500
2379	3428	0.0168	LG11	3481234
2380	13308	0.0088	LG06	6089527
2381	22282	-0.0028	LG14	2687638
2382	17586	1e-04	LG13	9571485
2383	3420	-0.0014	LG21	3313349
2384	17582	-0.002	LG12	6410601
2385	13422	0.0341	LG14	9809082
2386	12161	-0.006	LG02	704956
2387	4588	-0.0053	LG12	24207382
2388	6333	-0.0044	LG20	1257328
2389	25090	0.0429	LG01	19484176
2390	4582	0.0815	LG04	6571110
2391	14176	0.0166	LG06	9604337
2392	10299	0.0175	LG06	4083575
2393	12483	-0.0065	LG12	17033148
2394	10295	-0.0056	LG12	23243263
2395	14913	-0.0029	LG23	8352641
2396	10291	-0.0063	LG10	6547702
2397	1855	-0.0033	LG02	23270633
2398	9675	0.0406	LG14	20158765
2399	20568	0.0074	LG15	22021243
2400	9673	0.047	LG02	549312
2401	25199	0.0132	LG15	25487648
2402	9679	0.0305	LG08	11452987
2403	25555	0.0063	LG05	89763
2404	24680	0.0097	LG07	28196913
2405	3553	0.1011	LG04	30956415
2406	21762	-0.005	LG20	8139735
2407	10580	-0.0044	LG10	20152067
2408	13168	0.0111	LG05	20205229
2409	10585	0.0491	LG04	22250919
2410	18621	0.0226	LG15	16439929
2411	23511	0.0178	LG16	4694470
2412	11850	0.0041	LG08	6819791
2413	11851	0.0405	LG22	2223692
2414	8907	0.0403	LG23	15164927
2415	8902	0.0121	LG13	6992877
2416	719	0.0233	LG11	14396040
2417	2917	-0.0049	LG14	24703575
2418	716	0.0746	LG10	23520241
2419	1794	0.0413	LG09	24143400
2420	24309	-0.0042	LG21	9666423
2421	18047	0.0312	LG21	15162360
2422	7128	0.0104	LG09	1204897
2423	17917	0.0076	LG23	6910701
2424	7127	0.0843	LG20	22112286
2425	6846	0.0174	LG23	10359919
2426	15756	0.0078	LG11	27938726
2427	6845	-0.0054	LG18	15567870
2428	22655	0.0757	LG19	18454080
2429	25025	0.0207	LG15	25017358
2430	11052	-0.0059	LG05	8177311
2431	20364	0.097	LG14	8805051
2432	1066	0.0173	LG15	25606927
2433	18250	-0.0052	LG11	22636036
2434	18159	0.033	LG06	23485475
2435	13010	0.0214	LG05	15083235
2436	1660	5e-04	LG18	7683702
2437	9726	0.021	LG20	6963568
2438	594	-0.0056	LG20	21987431
2439	6597	-0.0046	LG14	17715921
2440	18524	0.0341	LG02	20466907
2441	24277	-0.0036	LG13	14988666
2442	24270	0.0151	LG13	5273122
2443	12982	-0.0057	LG04	22046280
2444	2824	0.0055	LG13	18962061
2445	18070	0.1147	LG12	18432995
2446	2826	-0.0058	LG13	18593933
2447	18330	-0.0064	LG10	5843219
2448	2820	0.0784	LG15	17496341
2449	14593	-0.0027	LG06	13656731
2450	14591	0.0023	LG23	20521916
2451	5417	0.0823	LG07	20640020
2452	17860	0.0547	LG21	20577949
2453	17867	-0.0044	LG08	1124351
2454	7637	0.0463	LG04	33296125
2455	20284	0.0844	LG02	5625109
2456	19450	0.0694	LG05	20850964
2457	1407	-0.0044	LG23	12976106
2458	4214	0.0112	LG21	9121607
2459	1339	0.0288	LG14	17204107
2460	4213	0.0119	LG06	237908
2461	4212	0.0447	LG04	33598863
2462	11951	-0.0061	LG18	22543425
2463	440	0.0371	LG03	27467841
2464	13908	0.0064	LG19	9585128
2465	13909	0.008	LG14	9933392
2466	10139	0.0012	LG18	10073218
2467	23099	0.1246	LG16	9663803
2468	25620	-0.0039	LG10	17690500
2469	9840	0.0103	LG04	3791168
2470	15407	0.032	LG06	21582654
2471	9845	0.0189	LG13	18630044
2472	19756	-0.006	LG04	17689844
2473	5770	5e-04	LG06	9501622
2474	6938	0.0228	LG15	8293172
2475	8124	-0.0072	LG09	23766555
2476	5775	0.0201	LG05	19917386
2477	8693	-0.0057	LG07	26942791
2478	5776	0.0029	LG23	1598146
2479	1933	-0.0062	LG21	12444588
2480	39	0.0597	LG09	17882115
2481	7703	-0.0025	LG21	19625156
2482	5577	-0.006	LG09	23969744
2483	5576	4e-04	LG06	7858844
2484	5572	0.0026	LG11	25112679
2485	24194	-0.005	LG03	23926965
2486	18312	0.0195	LG17	4416937
2487	21454	0.0274	LG09	7105409
2488	3096	0.1639	LG01	1380478
2489	644	0.0111	LG20	4187239
2490	647	0.0396	LG22	19872092
2491	3095	0.0048	LG07	10800502
2492	21453	0.0629	LG06	6580009
2493	19022	0.0246	LG21	9959989
2494	23143	0.1023	LG09	12593181
2495	14473	0.1325	LG15	4360609
2496	14719	0.0947	LG16	24993048
2497	24484	-0.0054	LG13	16647584
2498	23321	0.0609	LG16	21739038
2499	14475	0.0206	LG19	12036721
2500	19181	0.0097	LG18	18862777
2501	331	0.0079	LG14	21214207
2502	24979	0.084	LG23	246818
2503	3057	-0.0061	LG05	18929714
2504	4100	-0.0051	LG21	15218089
2505	4103	0.0283	LG01	19759592
2506	25151	0.0413	LG04	33904455
2507	4108	0.028	LG16	27795973
2508	25289	-0.003	LG11	26514142
2509	12568	0.024	LG23	3548982
2510	17738	0.0413	LG05	23403828
2511	22761	0.0109	LG20	20067363
2512	15240	0.0026	LG01	7286931
2513	10756	-7e-04	LG15	21461663
2514	12567	0.0607	LG09	10421002
2515	12566	-0.006	LG09	2484464
2516	7412	0.0045	LG18	21670328
2517	22303	0.087	LG07	17494008
2518	22304	-0.007	LG14	6109311
2519	24454	-6e-04	LG21	6228229
2520	22434	-0.0029	LG04	15803099
2521	22436	-0.0051	LG13	23914789
2522	22437	-0.0017	LG01	6834192
2523	22430	0.1663	LG07	27902353
2524	22431	-0.0057	LG05	10067172
2525	16535	0.0166	LG15	15737628
2526	17615	0.0029	LG22	17373299
2527	12622	0.0257	LG14	2527534
2528	12623	0.1791	LG03	23860880
2529	844	0.0214	LG14	25532106
2530	6617	0.0216	LG22	4318361
2531	22126	0.1149	LG19	12047075
2532	10840	0.0331	LG17	2067492
2533	4079	-0.0061	LG15	21346221
2534	13769	2e-04	LG03	16947873
2535	10675	0.0075	LG23	19071795
2536	10849	0.0404	LG05	20154474
2537	13766	0.0409	LG01	26270788
2538	8898	0.0186	LG07	9012236
2539	11537	0.0403	LG22	19413456
2540	11535	0.1393	LG11	27770790
2541	22862	-0.0011	LG07	17602063
2542	19458	0.0308	LG16	30927774
2543	23562	0.1024	LG07	9752923
2544	19528	-0.0056	LG20	19494671
2545	3639	-0.0051	LG17	7633583
2546	19526	0.0425	LG01	24606463
2547	16580	-0.0028	LG05	11076551
2548	3630	-0.006	LG01	28032467
2549	13501	0.0289	LG19	2930535
2550	12190	0.0932	LG03	15406459
2551	24483	-0.0039	LG14	23231740
2552	12194	-0.0015	LG02	15563819
2553	4613	0.0113	LG05	23973460
2554	16620	0.1179	LG04	18616085
2555	11406	0.1806	LG07	27267119
2556	12758	-0.0058	LG23	18804744
2557	9691	-0.0063	LG11	21257364
2558	12756	-0.0058	LG01	15941922
2559	16190	-0.0063	LG04	29395045
2560	24274	0.1149	LG07	15237616
2561	19231	0.0052	LG14	25976208
2562	4617	-0.0046	LG09	16838649
2563	22022	-0.0014	LG22	11180967
2564	21296	-0.003	LG02	8900071
2565	10933	-0.0059	LG13	23401812
2566	9119	0.0125	LG14	8731210
2567	25273	-0.0051	LG13	18720674
2568	9449	0.2896	LG15	13018839
2569	17993	0.0168	LG07	28876115
2570	15652	0.0757	LG15	22012140
2571	17462	0.0076	LG01	19558080
2572	17461	-0.0055	LG23	1562639
2573	3708	0.0419	LG13	1535521
2574	1889	0.0177	LG22	17138763
2575	22246	0.153	LG09	16119065
2576	16441	-0.003	LG01	17478244
2577	12288	0.053	LG06	18486795
2578	17660	0.1776	LG01	9866994
2579	1881	-0.0044	LG12	11484342
2580	23508	0.0624	LG03	2759358
2581	9825	0.0117	LG01	12866887
2582	11400	0.2572	LG01	5957030
2583	4660	-0.0058	LG07	15879034
2584	943	0.0312	LG08	17866162
2585	4911	-0.0073	LG20	24092274
2586	21801	0.0535	LG01	3842286
2587	11711	-0.0066	LG01	14052789
2588	15354	0.0422	LG11	19828160
2589	11717	-0.0059	LG05	22040377
2590	21807	0.0438	LG11	26732894
2591	6033	-0.0028	LG10	23278050
2592	6031	0.2756	LG15	4924703
2593	12432	0.1579	LG20	8137103
2594	9205	0.0066	LG11	11238044
2595	5171	0.0231	LG04	27557653
2596	10061	0.0924	LG08	15659186
2597	5176	-0.0058	LG16	27148342
2598	9203	-0.0017	LG11	12511703
2599	5174	0.2391	LG09	10347416
2600	10068	0.0228	LG11	1638789
2601	5754	-0.0013	LG04	5682240
2602	3416	0.0403	LG19	15655291
2603	3417	0.0243	LG14	11676361
2604	3413	0.0459	LG22	10670043
2605	9987	0.0012	LG18	16244437
2606	17001	-0.0035	LG09	17110637
2607	21376	-0.0038	LG16	18669407
2608	17004	0.1717	LG22	9292673
2609	25593	0.0691	LG12	7469856
2610	8534	0.0137	LG20	10902826
2611	14932	-0.0053	LG06	24003056
2612	10660	0.061	LG05	20217032
2613	9980	0.0223	LG09	17129352
2614	10662	0.0104	LG14	6109399
2615	9681	0.0353	LG04	1199563
2616	4863	0.0098	LG03	27837891
2617	9682	0.0394	LG16	21936621
2618	13485	-0.0053	LG16	9342132
2619	9684	0.0216	LG06	16217777
2620	6329	-0.004	LG23	21886964
2621	13486	-0.0053	LG01	3357702
2622	9061	-0.0028	LG12	8785295
2623	16806	0.1978	LG09	11496944
2624	10284	5e-04	LG15	22995467
2625	10285	-9e-04	LG07	14894969
2626	9667	-4e-04	LG07	30125689
2627	9664	0.0022	LG07	2897347
2628	10445	0.0106	LG23	22081947
2629	21720	0.0085	LG01	12649886
2630	10440	0.0317	LG18	9448091
2631	20517	-0.0024	LG18	19923264
2632	9668	0.0308	LG09	15119144
2633	18804	0.0063	LG19	19636844
2634	20688	0.0187	LG21	15905567
2635	10732	-0.0038	LG20	10708777
2636	3561	0.1785	LG18	2208393
2637	13152	-0.0061	LG18	22541017
2638	3564	-0.006	LG19	5505825
2639	20402	-5e-04	LG06	24374929
2640	10839	0.0289	LG15	20569522
2641	18808	0.0576	LG14	27046103
2642	21779	0.0624	LG14	10097824
2643	4484	0.0062	LG05	3970822
2644	8979	-0.004	LG21	13555372
2645	20400	0.0612	LG15	7408576
2646	10595	-0.0057	LG18	19191660
2647	10598	0.0324	LG23	11912700
2648	13399	-0.0071	LG20	18123036
2649	6567	0.1102	LG04	5614539
2650	21798	0.0064	LG23	17398726
2651	705	0.0108	LG13	17217650
2652	700	0.0207	LG21	9085847
2653	7139	0.0366	LG04	26379247
2654	88	-0.0059	LG15	17142273
2655	5614	0.0077	LG11	23808690
2656	20351	0.032	LG11	24512227
2657	11889	-0.0045	LG20	23418653
2658	20195	0.1085	LG01	4436797
2659	20197	0.0177	LG07	21773059
2660	25271	0.0651	LG06	3646888
2661	19632	0.1008	LG07	24868754
2662	5310	-0.0021	LG23	15000836
2663	20198	0.0178	LG13	17432380
2664	8805	0.0123	LG06	19987845
2665	14293	0.0071	LG02	4229502
2666	13020	0.2883	LG01	6378884
2667	23580	0.0472	LG08	10125644
2668	8803	0.0073	LG08	8178775
2669	18248	0.0092	LG10	4304858
2670	8808	0.0225	LG18	9852172
2671	1655	0.0687	LG11	24272512
2672	6583	0.0014	LG10	2465467
2673	24003	-0.0058	LG12	4069263
2674	8758	-0.0043	LG06	12398312
2675	8759	0.0111	LG15	24908542
2676	8208	0.0255	LG08	8756918
2677	8209	0.0417	LG16	8038342
2678	8204	0.0747	LG19	20764017
2679	8205	-0.0053	LG03	8108048
2680	589	-0.0057	LG05	2535105
2681	12990	0.035	LG09	7893287
2682	17875	0.032	LG18	21708197
2683	7627	-0.0059	LG23	9303595
2684	12994	0.0246	LG11	20525096
2685	7620	0.0192	LG23	18579738
2686	3155	0.0384	LG11	10611402
2687	18063	0.0228	LG21	5119377
2688	11081	0.0049	LG10	22122129
2689	17879	0.024	LG10	2293277
2690	2830	-0.0058	LG07	23332711
2691	14729	0.1132	LG12	18146976
2692	20222	-0.001	LG01	15949701
2693	3396	0.0173	LG06	25314954
2694	14720	0.0828	LG01	14360204
2695	19940	0.0068	LG16	28505558
2696	13476	-0.0021	LG09	16123768
2697	14727	0.0155	LG17	18986709
2698	16360	0.0528	LG03	7374030
2699	15269	0.0391	LG01	7489971
2700	24009	0.0248	LG05	12735878
2701	1349	-0.0053	LG22	16461504
2702	23556	-0.0063	LG01	8703318
2703	23550	-0.0088	LG15	19942101
2704	13379	0.0405	LG22	21235782
2705	13979	0.0262	LG05	14406847
2706	9878	0.0319	LG04	28655265
2707	18111	0.0213	LG10	2525180
2708	6926	0.0199	LG15	8356855
2709	9870	0.0044	LG01	25537657
2710	7711	0.0245	LG11	2322577
2711	11154	0.0354	LG13	20413713
2712	17666	0.0495	LG08	11504924
2713	7715	-0.006	LG03	14049056
2714	5541	-0.0044	LG11	10611314
2715	24510	-0.0045	LG21	7237527
2716	24279	0.0378	LG19	18761611
2717	1503	-0.0015	LG21	15279223
2718	8596	0.0013	LG13	3111762
2719	8597	0.0523	LG10	16803083
2720	23152	0.0259	LG22	6027789
2721	3086	-0.0023	LG16	5738820
2722	8590	0.037	LG04	25049798
2723	23331	0.0962	LG20	14544825
2724	8375	0.0068	LG03	11594755
2725	22698	0.1433	LG09	7438914
2726	22206	0.0802	LG12	21990158
2727	5894	-0.002	LG01	5179409
2728	8572	0.0568	LG03	20677019
2729	11234	0.0814	LG16	11625756
2730	13802	-0.0059	LG18	13884781
2731	3885	0.0472	LG03	23804757
2732	3887	0.0987	LG06	14278663
2733	11569	0.112	LG03	10321098
2734	17779	0.0327	LG05	18648134
2735	15560	-0.003	LG23	19944389
2736	12570	0.0171	LG04	15462653
2737	15251	0.1215	LG20	5763678
2738	13575	0.0422	LG06	6229225
2739	22648	0.0368	LG01	4342933
2740	22336	-0.0031	LG20	12477427
2741	22332	0.0353	LG08	19098019
2742	22331	-0.0055	LG16	3984059
2743	16965	0.0087	LG08	5811721
2744	19083	-0.0041	LG09	16022854
2745	19081	0.077	LG03	7238162
2746	25087	-0.0051	LG15	19506489
2747	16059	-0.0042	LG21	20400508
2748	25009	-0.0031	LG20	3492816
2749	16504	0.0216	LG06	23022030
2750	19731	0.0092	LG20	1842228
2751	16053	-0.0054	LG04	6544967
2752	22687	0.028	LG17	4417025
2753	11209	-0.0048	LG09	23570711
2754	11521	0.0135	LG06	11046781
2755	12615	0.0174	LG23	17463133
2756	941	0.1803	LG23	16779334
2757	23421	0.0025	LG05	7123980
2758	22689	0.0283	LG16	18669495
2759	16706	0.1045	LG03	8053761
2760	15017	0.0199	LG12	6450207
2761	11564	0.0393	LG19	11774672
2762	4002	0.0079	LG03	8053673
2763	4003	0.0615	LG01	24038892
2764	4004	0.0077	LG15	7912926
2765	21802	0.0387	LG09	609295
2766	9894	0.1218	LG01	23601228
2767	24734	0.0017	LG22	19495640
2768	3973	-0.0057	LG06	17505582
2769	3972	-6e-04	LG11	8894347
2770	19425	0.1112	LG03	10767687
2771	23211	0.0507	LG07	26183959
2772	9898	-0.002	LG04	20122738
2773	19559	0.0179	LG16	4031997
2774	22710	0.1027	LG12	10828140
2775	24874	-0.0043	LG01	6163947
2776	19551	0.026	LG06	5223455
2777	21016	-0.0057	LG07	23507934
2778	3623	0.0014	LG02	12024231
2779	3622	-0.0041	LG21	18382081
2780	13991	0.0211	LG06	2695268
2781	19885	0.0608	LG17	11215274
2782	19884	-9e-04	LG16	30787223
2783	22084	0.0266	LG17	10466061
2784	22061	0	LG22	11222389
2785	16612	0.1053	LG10	1560210
2786	22068	0.4035	LG17	4492434
2787	16616	0.0561	LG13	1620642
2788	16615	0.0171	LG21	22174957
2789	2331	0.0044	LG06	15803151
2790	2332	-0.0065	LG02	11144818
2791	11413	0.0098	LG02	22543785
2792	2334	0.0613	LG04	13791139
2793	2335	0.0708	LG12	6026045
2794	11417	0.0165	LG07	23619683
2795	12762	0.0165	LG22	14755659
2796	17185	0.0299	LG09	13511279
2797	15794	0.0839	LG19	13824086
2798	17816	0.0048	LG06	237035
2799	25483	0.1571	LG20	3304869
2800	16292	0.0103	LG08	9791342
2801	16291	0.0295	LG01	14215233
2802	6883	-0.004	LG03	14829943
2803	16474	-0.0016	LG04	14767734
2804	15791	0.0193	LG01	141695
2805	25269	0.0915	LG09	3155786
2806	12979	-0.0051	LG17	11969763
2807	21905	-0.0041	LG16	28586581
2808	21907	-0.0049	LG18	13803198
2809	13369	-0.005	LG17	6882621
2810	16277	0.0387	LG02	21057505
2811	19956	0.0792	LG12	9597045
2812	16270	0.024	LG11	3234999
2813	17677	0.0251	LG12	5846753
2814	4473	0.1057	LG12	4009809
2815	4472	0.0538	LG07	806594
2816	24994	-0.0034	LG21	12031059
2817	17670	0.1376	LG07	25484701
2818	4909	0.0489	LG01	24794728
2819	22364	0.0258	LG22	19950094
2820	21482	0.0189	LG18	5106734
2821	12972	0.0077	LG16	17979586
2822	4905	0.0698	LG03	11011877
2823	13563	0.1	LG14	11822336
2824	4671	0.0054	LG13	16647496
2825	12971	2e-04	LG09	5313858
2826	24841	0.0031	LG16	2273141
2827	5688	-0.0064	LG03	6697589
2828	7395	0.0162	LG07	30555580
2829	20249	0.2385	LG11	21054680
2830	7391	0.0387	LG06	22765329
2831	7390	-0.0061	LG02	8993371
2832	5148	-0.0023	LG20	19627680
2833	24348	0.0143	LG03	9050793
2834	22445	-0.006	LG22	8819750
2835	17959	0.0028	LG09	16869465
2836	3405	0.0878	LG20	9196469
2837	126	0.0266	LG01	26277273
2838	17016	0.0237	LG02	12664574
2839	7537	0.0124	LG16	24064939
2840	20760	-0.005	LG08	15110370
2841	16872	0.0209	LG02	20006957
2842	24772	0.0945	LG03	27111842
2843	12384	0.2433	LG09	22398721
2844	7086	0.0192	LG12	20716376
2845	4878	0.0027	LG05	11387138
2846	24774	0.0804	LG17	7625576
2847	6312	0.014	LG12	26603732
2848	2069	-0.002	LG07	17433168
2849	17165	0.017	LG18	21972144
2850	6314	-0.0044	LG21	17634614
2851	6315	0.0072	LG16	4018052
2852	2792	0.0112	LG09	14618268
2853	9168	0.0721	LG19	9468369
2854	6318	0.0185	LG22	4155074
2855	6319	0.015	LG15	19420916
2856	13531	-0.005	LG22	14090530
2857	14115	0.0369	LG23	1801745
2858	20245	0.0178	LG01	14915282
2859	9097	0.045	LG18	18493608
2860	10691	0.04	LG15	8792435
2861	25322	-0.0057	LG21	9733879
2862	9308	0.0526	LG04	32661853
2863	10431	0.0806	LG08	10365018
2864	9658	0.0194	LG12	21292189
2865	10435	0.0172	LG06	24850560
2866	17708	-0.0055	LG15	13907715
2867	13142	0.0399	LG01	8383158
2868	20691	0.0853	LG15	7901474
2869	20770	-0.0044	LG13	20742960
2870	4495	0.0149	LG18	14023647
2871	4492	0.064	LG14	9933392
2872	4491	0.061	LG08	10633171
2873	9789	0.0199	LG15	20443398
2874	24342	0.0617	LG14	9467759
2875	15351	0.0397	LG17	9439339
2876	4499	0.0046	LG20	2829965
2877	15887	0.0172	LG17	6752963
2878	6823	0.0016	LG13	5583349
2879	15735	0.0036	LG02	11907621
2880	15881	0.0178	LG08	26492037
2881	16968	0.0181	LG06	17047164
2882	2934	-0.006	LG05	19374392
2883	18615	0.0195	LG08	12122177
2884	11899	0.0823	LG16	16177834
2885	18581	0.0138	LG21	21143845
2886	11895	-0.0052	LG10	16877062
2887	6441	-0.0045	LG02	8567129
2888	19011	0.1781	LG19	19746275
2889	20186	0.0016	LG20	4366727
2890	23947	0.016	LG07	17608211
2891	16800	4e-04	LG04	17712984
2892	14930	-0.0012	LG17	6469854
2893	8816	0.0046	LG17	6318548
2894	8813	0.0149	LG07	18222159
2895	14287	0.0029	LG10	7429779
2896	18276	-0.003	LG09	1894085
2897	13036	0.0063	LG11	190717
2898	18273	0.1	LG13	19032406
2899	16963	0.0194	LG21	7542984
2900	579	-0.0063	LG20	5032562
2901	18726	0.01	LG08	25130632
2902	11092	0.0464	LG06	11334310
2903	18050	0.0026	LG10	1115331
2904	8747	-7e-04	LG19	10319156
2905	8746	0.0144	LG16	30888212
2906	571	0.2428	LG08	11071974
2907	8212	0.0058	LG13	9273834
2908	8217	-0.0039	LG18	1681718
2909	14344	0.0249	LG01	2557271
2910	15774	0.0212	LG14	7268942
2911	15645	0.1953	LG07	21003278
2912	15646	0.0091	LG12	5579243
2913	12963	-0.0055	LG06	4294118
2914	3161	0.0529	LG08	15130801
2915	7096	-0.0032	LG15	17339557
2916	5431	0.0871	LG23	5415195
2917	14730	-0.0068	LG15	23235641
2918	17311	0.0321	LG04	1015872
2919	20230	0.0407	LG16	20860046
2920	16087	0.1467	LG08	21531046
2921	730	-0.0057	LG17	10130879
2922	734	0.0123	LG13	25259416
2923	739	0.0189	LG23	14881136
2924	9565	0.0478	LG20	6360309
2925	23520	0.1391	LG20	19109947
2926	23100	3e-04	LG08	5415753
2927	8100	0.0023	LG07	11428517
2928	8103	-0.0049	LG08	667242
2929	23529	0.0479	LG01	22426003
2930	23528	-0.0041	LG04	34498084
2931	463	0.042	LG21	9638567
2932	15398	9e-04	LG15	18062209
2933	15393	0.0625	LG01	20244563
2934	9865	0.0776	LG21	10935303
2935	11146	0.0596	LG20	10708865
2936	11144	0.0029	LG22	17277163
2937	23180	-0.0047	LG17	10475862
2938	11140	-0.0071	LG01	11291570
2939	14421	-0.0017	LG08	663256
2940	24504	-0.0052	LG05	11587563
2941	1519	0.015	LG11	19513503
2942	12277	0.0198	LG20	4368395
2943	21920	0.0127	LG21	21956905
2944	17312	0.0227	LG04	21518848
2945	13818	-0.0037	LG16	9080244
2946	10844	0.0119	LG08	9797973
2947	23788	0.0508	LG06	19578433
2948	5882	0.0177	LG09	10461569
2949	12544	0.0146	LG06	16294851
2950	12810	0.1259	LG11	7562224
2951	23863	0.0286	LG03	8123980
2952	13813	0.0147	LG09	7158850
2953	8568	0.0118	LG01	14990824
2954	6554	0.0615	LG05	4972861
2955	16011	-4e-04	LG18	4992066
2956	15066	-8e-04	LG20	8309667
2957	15060	0.2147	LG11	4509609
2958	15069	0.0811	LG03	20311656
2959	22328	0.0506	LG23	688488
2960	7479	0.0212	LG07	16236256
2961	3186	1e-04	LG19	9805870
2962	24433	0.0135	LG21	13109523
2963	22596	0.062	LG15	17133549
2964	19729	0.1639	LG11	9699702
2965	16046	0.0206	LG04	8899634
2966	19725	0.0027	LG17	11204349
2967	16517	0.0915	LG23	9899809
2968	22690	0.0677	LG18	8787872
2969	11552	0.0249	LG15	14987505
2970	15002	0.0427	LG10	18594202
2971	6631	0.0199	LG14	15779407
2972	6635	0.0375	LG07	21047437
2973	6637	-0.0039	LG18	15123738
2974	11176	-0.0056	LG07	27362617
2975	16153	0.1103	LG18	12549315
2976	4013	0.1225	LG04	33514896
2977	4010	0.0359	LG03	13761867
2978	7501	0.061	LG08	13128416
2979	7509	0.065	LG03	1901276
2980	9888	0.0033	LG08	19299110
2981	17971	0.1365	LG23	20868446
2982	17523	0.0356	LG21	16251869
2983	19543	0.0155	LG15	19969306
2984	25450	0.0711	LG03	24305530
2985	16880	0.027	LG17	18049624
2986	12775	-0.0041	LG21	8664788
2987	12771	0.0248	LG01	7923920
2988	19854	-3e-04	LG19	14775984
2989	23178	-0.0034	LG09	20841659
2990	2327	0.0015	LG17	1002493
2991	4702	0.0106	LG09	9449210
2992	13631	0.1214	LG05	19888628
2993	2329	0.0342	LG16	24549889
2994	23858	0.0032	LG19	12740514
2995	10441	-0.0048	LG21	10658867
2996	12425	0.0615	LG15	18613652
2997	16280	0.0139	LG10	9631682
2998	10953	0.017	LG21	14345198
2999	10951	0.0169	LG08	16407110
3000	287	-0.0018	LG18	6244277
3001	21174	-0.0026	LG12	22865901
3002	3761	0.0063	LG03	20306369
3003	25297	0.0508	LG17	4720139
3004	25296	-0.0039	LG18	17573131
3005	25293	0.0136	LG09	10421422
3006	25139	3e-04	LG17	2245860
3007	263	-0.0051	LG09	19977194
3008	11509	0.0459	LG05	3589620
3009	16264	0.0027	LG05	3973528
3010	8872	0.011	LG06	12940079
3011	21089	-0.0062	LG10	4739467
3012	19943	0.1224	LG11	5432424
3013	17391	0.0079	LG02	19424468
3014	21772	-0.0044	LG17	6468420
3015	24980	0.0116	LG21	14333627
3016	17392	0.0061	LG08	19037683
3017	24986	-0.0028	LG22	10906649
3018	25103	0.0082	LG17	9311094
3019	17480	0.0075	LG16	30396062
3020	2498	0.0268	LG23	2830661
3021	10966	0.0598	LG10	10433055
3022	2491	0.042	LG17	12103417
3023	4643	-0.0025	LG13	5556883
3024	4646	0.0479	LG05	19743630
3025	13556	-0.0044	LG07	545999
3026	4644	0.0896	LG05	11293151
3027	12895	0.0158	LG20	1297463
3028	2258	0.0348	LG13	7099455
3029	11770	0.0231	LG12	5439863
3030	11774	-0.0048	LG13	799439
3031	2251	-0.0044	LG23	15597949
3032	13583	0.0054	LG03	17439369
3033	22931	6e-04	LG01	14391336
3034	22688	-0.0068	LG14	20409170
3035	10738	0.0334	LG20	24076299
3036	23740	0.0091	LG15	4420759
3037	5151	-0.0043	LG14	12928347
3038	5155	0.0449	LG20	13444345
3039	10730	0.1556	LG13	12192317
3040	7875	0.1423	LG07	11452690
3041	117	-0.0039	LG16	670282
3042	7870	0.0171	LG06	6309938
3043	13090	0.0422	LG01	2507110
3044	19910	-0.0024	LG16	12218491
3045	20753	0.0662	LG07	27066137
3046	22842	-0.0061	LG23	5489707
3047	22913	-0.0064	LG19	16321589
3048	7879	0.1747	LG10	19467967
3049	2780	0.3479	LG01	11869646
3050	23445	0.0168	LG13	8744355
3051	16865	0.0174	LG23	16865370
3052	12394	0.0182	LG07	27314143
3053	16861	-0.0061	LG23	1366855
3054	21185	0.017	LG03	12326269
3055	9461	-0.0056	LG05	18045280
3056	23748	0.0232	LG07	546087
3057	12155	0.1075	LG14	24906321
3058	2071	0.0157	LG11	19958497
3059	6306	-0.003	LG22	5816842
3060	11609	0.1617	LG20	677054
3061	2075	0.0761	LG05	21654489
3062	10134	0.0183	LG22	18177595
3063	10136	0.0139	LG04	19736434
3064	20532	0.0011	LG21	5502111
3065	11954	-0.0051	LG10	2256027
3066	9085	0.0633	LG20	18816719
3067	9082	0.0348	LG09	20408663
3068	10429	-0.0012	LG05	2555026
3069	17737	0.0423	LG05	11138867
3070	9645	0.0605	LG01	10419488
3071	9316	0.0176	LG04	30729475
3072	17739	0.102	LG13	9164472
3073	10421	0.2347	LG08	9228751
3074	9640	-0.0067	LG18	3955603
3075	21590	0.0693	LG11	5432942
3076	7271	2e-04	LG15	4420847
3077	7275	0.0292	LG01	22595118
3078	22863	0.1384	LG04	11033438
3079	3501	0.0327	LG21	12112127
3080	2672	0.072	LG01	26278837
3081	2677	0.0168	LG21	9477851
3082	15274	0.0145	LG15	5888323
3083	12803	-0.0028	LG09	6289788
3084	9611	0.1176	LG09	16641125
3085	6835	-0.006	LG16	27854868
3086	2922	0.067	LG11	24771036
3087	25622	0.0176	LG12	20249556
3088	5333	0.0132	LG14	17190035
3089	18599	0.0061	LG13	9325469
3090	10552	-0.003	LG21	7506255
3091	5337	-0.0029	LG11	12475090
3092	5336	0.1034	LG06	20059538
3093	24135	-9e-04	LG13	6936637
3094	18591	-0.0027	LG13	15078131
3095	14635	-7e-04	LG02	20550530
3096	1983	0.0114	LG13	11362580
3097	1638	-0.0067	LG04	14007496
3098	11313	0.1303	LG14	11519823
3099	8820	-0.0044	LG05	23467616
3100	15098	-0.0047	LG22	4547122
3101	8778	-0.0065	LG02	19375815
3102	20057	0.0509	LG04	15803187
3103	2813	0.0336	LG15	16004593
3104	15378	0.0059	LG18	153762
3105	561	0.0411	LG09	10073918
3106	7643	0.0106	LG04	27733899
3107	24920	0.0094	LG05	19158882
3108	7647	-0.0046	LG19	4764986
3109	14702	0.0049	LG14	8731298
3110	11420	0.0309	LG08	17026926
3111	24226	0.0784	LG11	13148494
3112	3172	-0.0014	LG02	14430240
3113	3175	-0.0055	LG18	5047498
3114	23361	-0.0044	LG22	12129202
3115	15650	0.017	LG09	16091715
3116	7081	0.0057	LG04	2557433
3117	20248	0.0458	LG07	29864471
3118	21961	0.031	LG07	29591336
3119	3379	0.0073	LG14	24722870
3120	7089	-5e-04	LG14	9364782
3121	20242	-0.0039	LG22	7133742
3122	3373	0.0641	LG08	8966991
3123	5423	0.0362	LG09	19422752
3124	17332	0.0051	LG02	12300457
3125	721	0.066	LG14	12869166
3126	19592	-0.0033	LG03	20800363
3127	4392	0.0147	LG03	11832920
3128	2587	0.0026	LG14	202833
3129	1160	0.0818	LG15	17477533
3130	1162	0.0174	LG04	31408269
3131	6492	0.0042	LG19	5269679
3132	4242	-0.0045	LG16	24526804
3133	6498	-0.0056	LG16	22280826
3134	5524	0.0279	LG03	18033180
3135	4396	0.0175	LG13	7298301
3136	15473	0.0174	LG07	18504448
3137	6467	-0.0064	LG17	6538332
3138	6947	0.0082	LG20	16306049
3139	15474	-0.0064	LG15	17483500
3140	6944	0.1207	LG05	18764110
3141	11170	0.0259	LG13	20663798
3142	10648	-0.0046	LG05	11265067
3143	5491	0.017	LG12	6650537
3144	1568	0.0173	LG12	23698751
3145	20898	0.0982	LG03	6721773
3146	13701	0.0062	LG12	18405059
3147	23055	0.0053	LG01	13348517
3148	1560	0.2006	LG15	15461179
3149	8484	3e-04	LG22	19029332
3150	1294	0.0363	LG22	6705225
3151	1567	0.0562	LG15	17339469
3152	24025	-0.0056	LG16	28685001
3153	12555	0.0627	LG23	12601838
3154	8554	0.024	LG23	4965463
3155	23626	-0.0055	LG21	16886724
3156	12559	6e-04	LG23	21947173
3157	23624	-0.0017	LG02	19001001
3158	17118	-0.0011	LG02	20711926
3159	23190	-0.0016	LG07	6942938
3160	23191	-0.005	LG04	19725654
3161	8002	-0.002	LG08	7093665
3162	4398	0.2106	LG06	18998161
3163	24402	0.0151	LG13	10552644
3164	5637	0.0166	LG16	27428629
3165	5633	0.0207	LG23	7996770
3166	3197	0.0423	LG08	24846203
3167	3196	0.0625	LG22	19156479
3168	3195	0.0265	LG07	13297888
3169	16834	-0.0042	LG07	28130284
3170	3193	-0.0018	LG08	4803505
3171	8486	0.0023	LG10	22526695
3172	13355	0.0812	LG11	13376613
