Locus	fst	chromosome	position
15791	0.0193	LG01	141695
12205	-0.004	LG01	144969
15232	0.006	LG01	1020445
13670	-0.0018	LG01	1022687
3096	0.1639	LG01	1380478
16742	0	LG01	1741024
23271	0.0878	LG01	2020904
5208	-0.0028	LG01	2044448
13090	0.0422	LG01	2507110
14344	0.0249	LG01	2557271
3917	0.0046	LG01	2734304
24936	0.0157	LG01	2977826
25135	0.038	LG01	3189475
14379	0.0115	LG01	3282792
13486	-0.0053	LG01	3357702
9350	0.0224	LG01	3570289
8336	0.0564	LG01	3590892
1617	0.0091	LG01	3728784
21801	0.0535	LG01	3842286
15543	-0.0052	LG01	3923225
19183	-0.0044	LG01	4056640
18328	-0.0012	LG01	4337363
22648	0.0368	LG01	4342933
1773	-0.002	LG01	4343021
20195	0.1085	LG01	4436797
6409	-0.0039	LG01	4436885
18309	-0.0014	LG01	4438940
24083	0.028	LG01	4439028
13162	0.0645	LG01	4650983
11437	0.0337	LG01	4662599
19437	0.0775	LG01	4662687
16955	0.0502	LG01	4680553
14814	0.013	LG01	4757332
5894	-0.002	LG01	5179409
14329	-0.0046	LG01	5404659
13937	-3e-04	LG01	5901020
14234	0.0846	LG01	5909093
11400	0.2572	LG01	5957030
24153	0.0182	LG01	5987265
8445	-0.0046	LG01	6120990
4739	0.0555	LG01	6163089
24874	-0.0043	LG01	6163947
16209	0.0229	LG01	6164035
15217	-0.0053	LG01	6363572
13020	0.2883	LG01	6378884
20794	0.0415	LG01	6675702
22437	-0.0017	LG01	6834192
17825	-8e-04	LG01	6887258
15240	0.0026	LG01	7286931
15269	0.0391	LG01	7489971
8242	0.0094	LG01	7621451
10366	0.0358	LG01	7718267
3843	0.1422	LG01	7799052
24178	0.0221	LG01	7923832
12771	0.0248	LG01	7923920
9801	0.1829	LG01	8078099
1190	-0.0014	LG01	8092422
20559	0.0518	LG01	8160450
13142	0.0399	LG01	8383158
4132	0.016	LG01	8475035
8218	-0.0056	LG01	8477564
23556	-0.0063	LG01	8703318
1094	0.0136	LG01	8989975
15675	0.2322	LG01	8990063
5482	6e-04	LG01	9010262
7545	0.1019	LG01	9399694
1713	0.0065	LG01	9493971
23449	-0.0044	LG01	9519370
1393	0.0494	LG01	9598261
8312	-0.0058	LG01	9665796
17660	0.1776	LG01	9866994
9645	0.0605	LG01	10419488
2455	0.0243	LG01	10925525
8789	-0.0054	LG01	11152405
11140	-0.0071	LG01	11291570
5753	0.0818	LG01	11309141
9596	0.0266	LG01	11383360
17561	0.0023	LG01	11481567
23584	-0.0052	LG01	11497482
22978	2e-04	LG01	11703390
1602	0.1611	LG01	11804307
2780	0.3479	LG01	11869646
13506	0.0054	LG01	12222620
24673	0.0036	LG01	12331744
21844	-0.0047	LG01	12649886
21720	0.0085	LG01	12649886
9825	0.0117	LG01	12866887
9456	0.0175	LG01	12895039
17342	-0.0061	LG01	13165795
13276	-0.0019	LG01	13203369
7855	-0.0039	LG01	13272763
1176	0.0277	LG01	13275503
23055	0.0053	LG01	13348517
17074	-0.0069	LG01	13460605
19716	0.1045	LG01	13543599
15548	0.1498	LG01	13549939
7573	0.059	LG01	13566886
253	-0.0055	LG01	13663746
11711	-0.0066	LG01	14052789
24779	0.2302	LG01	14182553
16291	0.0295	LG01	14215233
14720	0.0828	LG01	14360204
22931	6e-04	LG01	14391336
20245	0.0178	LG01	14915282
8568	0.0118	LG01	14990824
6220	0.0833	LG01	15305774
5584	0.0074	LG01	15478086
16036	0.0072	LG01	15698538
5925	-0.0031	LG01	15884506
12756	-0.0058	LG01	15941922
20222	-0.001	LG01	15949701
16522	0.0015	LG01	16029166
6077	0.0059	LG01	16099585
15053	0.0318	LG01	16100804
765	0.1457	LG01	16350985
21518	0.3148	LG01	16668458
2990	0.0452	LG01	17231504
24372	-0.0049	LG01	17254201
6225	-0.005	LG01	17343059
23717	0.1294	LG01	17410032
16441	-0.003	LG01	17478244
3473	0.0101	LG01	17544233
7823	-0.0062	LG01	17686137
15708	0.0064	LG01	17762848
23879	0.0102	LG01	17874079
3794	-0.0033	LG01	17891914
13135	0.0385	LG01	17894333
4365	-0.0037	LG01	18164746
22376	0.0614	LG01	18270121
10477	0.0744	LG01	18299147
18099	0.0399	LG01	18634387
8649	0.0162	LG01	18885301
6218	0.053	LG01	18938963
7173	-0.0054	LG01	18990205
4301	-0.0045	LG01	18990497
20154	0.049	LG01	19065023
1275	0.0998	LG01	19119404
12082	0.0282	LG01	19122718
6687	0.0335	LG01	19131955
25090	0.0429	LG01	19484176
17462	0.0076	LG01	19558080
4103	0.0283	LG01	19759592
20926	0.0018	LG01	19851693
9000	-0.0049	LG01	20164805
17329	0.0016	LG01	20190450
1730	0.0137	LG01	20219379
15393	0.0625	LG01	20244563
16989	-0.0047	LG01	20244651
3223	0.0681	LG01	21052003
18566	0.0836	LG01	21078734
21583	0.0196	LG01	21139714
24866	0.0121	LG01	21344701
19900	0.0594	LG01	21474610
10039	0.0178	LG01	21639498
7286	-0.0065	LG01	21876491
10399	0.0017	LG01	22235777
12877	-0.006	LG01	22265414
16033	0.0242	LG01	22274751
1037	0.0419	LG01	22314645
9965	0.0195	LG01	22419167
18308	0.0226	LG01	22419255
23529	0.0479	LG01	22426003
7275	0.0292	LG01	22595118
24934	0.0182	LG01	22930946
11054	0.017	LG01	22931034
2866	0.0042	LG01	23087036
25204	0.053	LG01	23131382
9277	0.0109	LG01	23131469
5569	0.1532	LG01	23205145
13275	0.0571	LG01	23209262
9894	0.1218	LG01	23601228
22373	0.0215	LG01	23816773
4003	0.0615	LG01	24038892
17121	0.1319	LG01	24067024
11504	0.007	LG01	24263046
3776	0.0952	LG01	24455925
19526	0.0425	LG01	24606463
4909	0.0489	LG01	24794728
11479	0.2181	LG01	24916735
9421	0.0256	LG01	24972595
19996	-0.0054	LG01	25476068
8948	-0.0033	LG01	25476939
9870	0.0044	LG01	25537657
19340	-0.0024	LG01	25547121
7341	-0.0019	LG01	25623962
16833	0.0178	LG01	25695043
13766	0.0409	LG01	26270788
126	0.0266	LG01	26277273
2672	0.072	LG01	26278837
9996	-0.0063	LG01	26278925
23915	0.0145	LG01	26446274
6410	0.0324	LG01	26825592
15925	0.0305	LG01	26825871
1059	-0.0037	LG01	27624343
2973	0.097	LG01	27732633
3630	-0.006	LG01	28032467
2966	0.2003	LG01	28089763
13923	-0.0022	LG01	28259281
9530	0.0382	LG02	486766
9673	0.047	LG02	549312
5748	0.0268	LG02	558992
12161	-0.006	LG02	704956
22330	-0.0037	LG02	1459777
2227	0.0108	LG02	1753025
12720	0.034	LG02	1753113
23643	0.0435	LG02	2178449
12652	0.0234	LG02	2196715
24808	-0.0059	LG02	2862479
8450	1e-04	LG02	2934383
14890	0.0184	LG02	3068799
19616	0.0027	LG02	3134816
5650	0.0109	LG02	3684400
20570	0.0064	LG02	3848141
11304	0.0039	LG02	4112741
14293	0.0071	LG02	4229502
17606	-0.0056	LG02	4524449
23345	0.0012	LG02	4533055
10191	0.0046	LG02	5034803
13038	-0.0062	LG02	5142106
18002	0.0763	LG02	5475402
16683	0.0127	LG02	5502143
15713	-0.0012	LG02	5557301
13249	0.0446	LG02	5557389
20284	0.0844	LG02	5625109
21377	0.0178	LG02	5810716
8277	0.039	LG02	5947585
9741	0.0394	LG02	5980256
803	0.0071	LG02	6015120
19750	0.0171	LG02	6566985
19094	0.0292	LG02	6619151
6195	-0.0055	LG02	6622660
11378	0.0059	LG02	7657629
20552	0.3488	LG02	7704733
6709	0.0037	LG02	8318815
6275	-0.0054	LG02	8423715
6441	-0.0045	LG02	8567129
10012	-6e-04	LG02	8567215
14655	-0.0045	LG02	8606584
21296	-0.003	LG02	8900071
7390	-0.0061	LG02	8993371
24148	0.0828	LG02	9902304
12065	0.0169	LG02	9912651
15557	0.0178	LG02	9912739
3016	-0.004	LG02	10295723
17073	0.0231	LG02	10365156
23838	0.044	LG02	11039942
19045	0.0355	LG02	11101487
10878	-4e-04	LG02	11133801
2332	-0.0065	LG02	11144818
20452	-0.0032	LG02	11371678
19126	0.0215	LG02	11403166
6887	0.0376	LG02	11466154
8305	0.0026	LG02	11675992
8547	0.0825	LG02	11866579
15735	0.0036	LG02	11907621
3623	0.0014	LG02	12024231
17332	0.0051	LG02	12300457
3116	0.2038	LG02	12426111
17016	0.0237	LG02	12664574
2196	0.0873	LG02	13700077
25143	0.0349	LG02	14101530
3172	-0.0014	LG02	14430240
4836	-0.0056	LG02	14934973
6156	-6e-04	LG02	15037451
12194	-0.0015	LG02	15563819
2110	-0.0019	LG02	15714736
5196	-0.0047	LG02	16247316
18780	-0.0043	LG02	16247404
695	0.0689	LG02	16820235
15109	0.0911	LG02	16919317
3791	0.1614	LG02	16926107
246	0.0047	LG02	17086725
11273	0.0313	LG02	17972205
12434	9e-04	LG02	18018124
23203	0.1176	LG02	18131841
8045	-0.0042	LG02	18447659
21277	0.1602	LG02	18598638
23624	-0.0017	LG02	19001001
1906	0.0139	LG02	19009588
22340	0.0074	LG02	19082581
23112	0.0502	LG02	19178339
20572	2e-04	LG02	19225999
17985	9e-04	LG02	19239438
22508	-0.0054	LG02	19309451
8778	-0.0065	LG02	19375815
17391	0.0079	LG02	19424468
111	-0.0041	LG02	19524547
22131	0.0721	LG02	19717408
7610	-0.006	LG02	19846598
4689	-0.0048	LG02	19993451
16872	0.0209	LG02	20006957
19598	0.1359	LG02	20048778
18524	0.0341	LG02	20466907
14635	-7e-04	LG02	20550530
2733	0.0891	LG02	20586675
17118	-0.0011	LG02	20711926
16277	0.0387	LG02	21057505
10577	0.0011	LG02	21140684
17040	-0.0028	LG02	21265012
10806	-0.0049	LG02	21825178
10304	-0.0067	LG02	21825266
13321	-6e-04	LG02	21828564
5851	0.007	LG02	21921687
10227	-0.0075	LG02	21921775
21078	0.0569	LG02	22029483
10374	0.0091	LG02	22089412
18887	0.0113	LG02	22522394
11413	0.0098	LG02	22543785
8704	0.0026	LG02	22597571
23617	-0.0059	LG02	22626275
7806	0.0911	LG02	22686739
12145	-0.0033	LG02	22837555
22707	0.0219	LG02	23145300
1855	-0.0033	LG02	23270633
166	-0.0022	LG02	23270721
3828	-0.0067	LG02	23363691
20586	-0.006	LG02	23733031
24985	0.0024	LG02	23924006
4832	0.0124	LG03	525362
12892	0.0052	LG03	714072
2646	0.0096	LG03	727009
24288	-0.005	LG03	788105
11905	0.1207	LG03	970105
3879	0.0059	LG03	1306194
7509	0.065	LG03	1901276
25446	-0.0065	LG03	2401735
5924	-0.005	LG03	2481805
6147	-0.0068	LG03	2759270
23508	0.0624	LG03	2759358
11166	0.1102	LG03	2817506
6971	0.1882	LG03	2817594
25516	-0.0072	LG03	3136901
5079	0.0385	LG03	3440963
8316	-0.0056	LG03	4477954
7117	-0.0066	LG03	5072653
12641	1e-04	LG03	5337885
13796	-0.0014	LG03	5379523
19441	0.0032	LG03	5484346
13850	0.0497	LG03	5549748
5688	-0.0064	LG03	6697589
20898	0.0982	LG03	6721773
23215	0.1258	LG03	6928935
10350	-0.0057	LG03	7068423
1287	0.1042	LG03	7081654
7327	0.0899	LG03	7200162
19081	0.077	LG03	7238162
15965	0.0204	LG03	7238280
21613	0.0066	LG03	7275254
16360	0.0528	LG03	7374030
6657	0.0767	LG03	7628668
15903	0.1184	LG03	7655613
15150	0.0812	LG03	7669281
14032	0.0372	LG03	7893897
4002	0.0079	LG03	8053673
16706	0.1045	LG03	8053761
8205	-0.0053	LG03	8108048
23863	0.0286	LG03	8123980
22694	0.108	LG03	8422642
6431	0.0773	LG03	8422729
7975	0.0263	LG03	8603130
2647	0.0345	LG03	8603218
2371	-0.0053	LG03	8761931
24348	0.0143	LG03	9050793
4453	0.0171	LG03	9773441
22679	-0.0064	LG03	10176528
11569	0.112	LG03	10321098
24370	-0.0054	LG03	10352186
19425	0.1112	LG03	10767687
10860	0.0641	LG03	10767775
7485	-0.0064	LG03	10832030
4905	0.0698	LG03	11011877
3799	0.0172	LG03	11143943
17132	-0.0046	LG03	11263632
10685	-0.0029	LG03	11289964
8375	0.0068	LG03	11594755
23475	0.0993	LG03	11682954
4392	0.0147	LG03	11832920
11290	-0.0048	LG03	12068762
4815	-0.0029	LG03	12288968
21185	0.017	LG03	12326269
5902	0.0179	LG03	12836004
3312	-0.002	LG03	13069918
4010	0.0359	LG03	13761867
14070	-0.0011	LG03	13845404
7715	-0.006	LG03	14049056
7322	-0.0013	LG03	14577642
6883	-0.004	LG03	14829943
17134	0.04	LG03	14854029
169	0.017	LG03	15330761
18438	0.0544	LG03	15357577
22800	0.0454	LG03	15388181
12190	0.0932	LG03	15406459
20715	-0.0046	LG03	16306928
1845	0.0778	LG03	16345097
24600	-0.0066	LG03	16874492
13769	2e-04	LG03	16947873
13583	0.0054	LG03	17439369
23544	0.0171	LG03	17774929
21046	0.0198	LG03	18033092
5524	0.0279	LG03	18033180
3750	-0.0072	LG03	18130551
21244	0.287	LG03	18402039
12657	0.0026	LG03	19125456
206	-0.0047	LG03	19138705
9043	-0.0061	LG03	19476998
10413	0.0076	LG03	19637006
19255	-0.0044	LG03	19837223
13291	-0.003	LG03	19837311
3853	0.0048	LG03	19916664
24082	0.0392	LG03	20155853
3761	0.0063	LG03	20306369
15069	0.0811	LG03	20311656
21327	0.0909	LG03	20363142
1451	-0.0046	LG03	20425799
1995	0.0267	LG03	20433399
1957	-1e-04	LG03	20523113
2995	0.023	LG03	20582299
8572	0.0568	LG03	20677019
101	0.043	LG03	20685759
7164	0.0392	LG03	20693275
19592	-0.0033	LG03	20800363
13063	0.0016	LG03	21034670
25164	0.0344	LG03	21493309
12881	0.0201	LG03	22108213
6768	0.0076	LG03	22113564
9864	0.0167	LG03	22541811
9853	0.0073	LG03	22734972
14972	0.0633	LG03	23204521
6429	-0.0048	LG03	23213450
18535	-0.0066	LG03	23373618
15442	-0.0055	LG03	23446575
23706	0.0406	LG03	23466014
6993	0.1095	LG03	23801182
3885	0.0472	LG03	23804757
12623	0.1791	LG03	23860880
24194	-0.005	LG03	23926965
4025	0.0059	LG03	24223878
25450	0.0711	LG03	24305530
1193	-0.001	LG03	24543439
9704	0.0541	LG03	24677592
23000	4e-04	LG03	24732451
17454	0.07	LG03	24732539
2148	0.1325	LG03	24816799
15677	0.0705	LG03	24849640
19329	0.0257	LG03	24955295
19881	0.0344	LG03	24958507
22895	0.0305	LG03	24988455
19275	-0.006	LG03	25242684
2977	-0.0062	LG03	25242772
20490	0.0222	LG03	25668424
11162	0.0017	LG03	25703336
189	-0.0061	LG03	25718099
12087	0.0024	LG03	25954272
23029	-0.0049	LG03	26493285
5804	0.0233	LG03	27076011
24772	0.0945	LG03	27111842
18415	-7e-04	LG03	27141255
16179	0.0172	LG03	27266677
4747	0.0177	LG03	27467753
440	0.0371	LG03	27467841
1218	-0.0042	LG03	27647413
4863	0.0098	LG03	27837891
18994	0.0789	LG03	27850690
10222	0	LG03	27941905
14459	0.0166	LG03	28067721
20148	0.0063	LG03	28122202
2446	-0.0062	LG03	29018446
5413	0.0671	LG03	29071150
19975	-0.0015	LG03	29149035
15927	0.0136	LG03	29283876
2621	-0.0038	LG04	378962
1091	-0.0028	LG04	987643
17311	0.0321	LG04	1015872
9681	0.0353	LG04	1199563
7074	0.1271	LG04	1318831
221	0.0333	LG04	1318919
9776	-0.0067	LG04	1846805
7081	0.0057	LG04	2557433
9840	0.0103	LG04	3791168
12334	0.0096	LG04	3825929
4557	-0.0055	LG04	3826017
9850	-0.0035	LG04	4223942
16944	0.0798	LG04	4758407
6567	0.1102	LG04	5614539
5754	-0.0013	LG04	5682240
16053	-0.0054	LG04	6544967
11627	-9e-04	LG04	6571022
4582	0.0815	LG04	6571110
6609	-0.0072	LG04	6791037
21738	0.0296	LG04	7663467
21624	-0.0051	LG04	8536219
16046	0.0206	LG04	8899634
10906	-0.0047	LG04	9318400
5824	-0.0056	LG04	9835263
17533	0.0134	LG04	9999171
23371	0.0066	LG04	10599321
21339	0.0395	LG04	10785561
7000	0.093	LG04	11009190
22863	0.1384	LG04	11033438
6995	0.0613	LG04	11127341
220	0.0081	LG04	13609089
2334	0.0613	LG04	13791139
1638	-0.0067	LG04	14007496
1138	0.0085	LG04	14058546
16474	-0.0016	LG04	14767734
9992	-0.0071	LG04	14860399
9714	0.0195	LG04	15238228
12768	0.1179	LG04	15333523
12570	0.0171	LG04	15462653
19718	-0.003	LG04	15786063
22434	-0.0029	LG04	15803099
20057	0.0509	LG04	15803187
21419	-0.006	LG04	15849042
12952	0.1652	LG04	15935786
20735	0.0268	LG04	16801618
1122	-8e-04	LG04	16838600
20255	0.0118	LG04	17092539
8724	0.0035	LG04	17119035
15910	0.0171	LG04	17189095
22705	0.0697	LG04	17429463
6182	0.006	LG04	17601862
23845	0.0065	LG04	17671956
19756	-0.006	LG04	17689844
16800	4e-04	LG04	17712984
17357	0.0287	LG04	18182664
2176	0.0309	LG04	18406174
6519	-0.006	LG04	18598746
12515	0.0358	LG04	18612120
16620	0.1179	LG04	18616085
8018	0.0118	LG04	18659305
12331	-1e-04	LG04	18954802
24080	0.0223	LG04	19300842
19761	0.0593	LG04	19319412
11725	-0.0065	LG04	19611569
25334	0.0107	LG04	19650453
25372	0.0458	LG04	19654495
23191	-0.005	LG04	19725654
10136	0.0139	LG04	19736434
4045	0.0561	LG04	19808416
9898	-0.002	LG04	20122738
164	0.1096	LG04	20273388
7142	-0.002	LG04	20628733
17312	0.0227	LG04	21518848
7962	5e-04	LG04	22010636
12982	-0.0057	LG04	22046280
10585	0.0491	LG04	22250919
23795	-0.0073	LG04	22412121
20413	-0.0037	LG04	22474367
4373	-0.0059	LG04	22943548
6522	0.0794	LG04	23060319
4230	0.0405	LG04	23389886
11736	0.1865	LG04	23393908
8499	0.2254	LG04	23394825
3694	0.004	LG04	23536033
2033	-0.0055	LG04	24372151
4133	0.2397	LG04	24866885
2154	0.0486	LG04	24968352
20574	-0.004	LG04	25004497
8590	0.037	LG04	25049798
12352	0.0296	LG04	25253747
1499	-0.0051	LG04	25352161
23840	0.0336	LG04	25459757
13845	0.0082	LG04	25562752
4777	0.0263	LG04	25625757
20158	0.0992	LG04	25712430
7139	0.0366	LG04	26379247
18193	0.017	LG04	26465366
23999	0.0085	LG04	26670688
11896	-0.003	LG04	26693499
17909	-0.0063	LG04	27400513
5171	0.0231	LG04	27557653
7643	0.0106	LG04	27733899
20561	0.0422	LG04	28036248
22104	0.0142	LG04	28268549
9878	0.0319	LG04	28655265
15456	0.0167	LG04	28674444
4126	-0.0056	LG04	28825553
21625	-0.0028	LG04	29329140
16190	-0.0063	LG04	29395045
4998	0.0231	LG04	29833176
6956	0.1526	LG04	29887394
10713	-0.0051	LG04	30555991
23705	-0.0031	LG04	30578350
4898	0.0107	LG04	30578438
9316	0.0176	LG04	30729475
10495	0.0063	LG04	30851725
10022	-0.0029	LG04	30922281
3553	0.1011	LG04	30956415
14472	-0.0044	LG04	30956502
1392	0.0385	LG04	31306420
6672	6e-04	LG04	31308425
1162	0.0174	LG04	31408269
19740	-0.0052	LG04	32561118
9308	0.0526	LG04	32661853
13211	0.003	LG04	32864667
8095	-0.0056	LG04	33023845
7637	0.0463	LG04	33296125
825	0.0031	LG04	33313977
4013	0.1225	LG04	33514896
4212	0.0447	LG04	33598863
25151	0.0413	LG04	33904455
23528	-0.0041	LG04	34498084
3875	0.0173	LG04	34503689
22930	0.0071	LG04	34615017
25555	0.0063	LG05	89763
17084	0.0202	LG05	348214
10024	0.024	LG05	2172020
589	-0.0057	LG05	2535105
10429	-0.0012	LG05	2555026
18975	0.0152	LG05	2579067
5071	0.041	LG05	2633866
11818	0.1183	LG05	2648540
14659	0.0071	LG05	2828095
10567	0.0972	LG05	2974965
16947	0.0028	LG05	3136987
8703	0.0203	LG05	3371670
11509	0.0459	LG05	3589620
17252	0.0163	LG05	3682253
4484	0.0062	LG05	3970822
16264	0.0027	LG05	3973528
14300	0.0233	LG05	4212380
16456	-0.0018	LG05	4768937
14426	0.0779	LG05	4935071
6554	0.0615	LG05	4972861
13100	0.0363	LG05	5100690
15588	0.0758	LG05	5118449
10488	0.1795	LG05	5151374
23427	0.0806	LG05	5411902
12116	0.0289	LG05	5496922
14064	0.1587	LG05	5914975
20425	0.0054	LG05	6497308
14657	0.0215	LG05	6497396
2370	-0.0061	LG05	6913864
11059	0.0341	LG05	6974071
23421	0.0025	LG05	7123980
8098	-0.0047	LG05	7346643
16370	-0.0011	LG05	7643714
11052	-0.0059	LG05	8177311
12823	-0.003	LG05	9109345
23990	0.0277	LG05	9266375
17919	-0.0042	LG05	9434848
17944	0.0616	LG05	9577848
24751	0.0014	LG05	9794993
6807	0.0588	LG05	9917870
22431	-0.0057	LG05	10067172
4761	0.0252	LG05	10222929
7345	0.0978	LG05	10239778
8048	-0.0021	LG05	10285673
15308	0.2888	LG05	10331545
109	-0.0052	LG05	10536052
13066	0.0172	LG05	10679060
1968	0.0088	LG05	10680722
25641	-0.0034	LG05	10857600
17328	0.0669	LG05	11002377
16580	-0.0028	LG05	11076551
18979	-0.001	LG05	11124903
18355	0.0425	LG05	11138778
17737	0.0423	LG05	11138867
2046	-0.0049	LG05	11189734
10648	-0.0046	LG05	11265067
4644	0.0896	LG05	11293151
4878	0.0027	LG05	11387138
8027	0.0131	LG05	11481749
15382	0.3606	LG05	11546705
24504	-0.0052	LG05	11587563
22739	4e-04	LG05	11633495
10882	0.0036	LG05	11668653
18925	0.0045	LG05	11763208
24009	0.0248	LG05	12735878
13081	0.0151	LG05	12942571
11687	0.0173	LG05	13038479
10965	0.0333	LG05	13105253
15300	5e-04	LG05	13640918
20381	-0.0057	LG05	14027035
19118	0.0439	LG05	14061436
17629	0.0167	LG05	14114194
20144	0.0566	LG05	14401240
13979	0.0262	LG05	14406847
13846	-9e-04	LG05	14410779
12291	0.0623	LG05	14410867
13010	0.0214	LG05	15083235
21290	0.0284	LG05	16180064
14762	0.0025	LG05	16361882
11483	-0.0047	LG05	16568600
10838	0.0018	LG05	17222349
20929	0.0486	LG05	17283664
11738	0.0349	LG05	17317386
17363	1e-04	LG05	17877788
16695	-0.005	LG05	17929251
25170	3e-04	LG05	17962009
9461	-0.0056	LG05	18045280
23233	0.0179	LG05	18045368
1454	0.0096	LG05	18200049
982	0.0571	LG05	18446161
3728	-0.0015	LG05	18541764
17779	0.0327	LG05	18648134
1961	0.0979	LG05	18759149
6944	0.1207	LG05	18764110
22737	0.0162	LG05	18809175
3057	-0.0061	LG05	18929714
15494	0.0818	LG05	18979819
19937	0.0339	LG05	18997330
24920	0.0094	LG05	19158882
10276	0.0805	LG05	19239849
2934	-0.006	LG05	19374392
23313	-0.0079	LG05	19510123
4646	0.0479	LG05	19743630
19856	0.1049	LG05	19867310
13631	0.1214	LG05	19888628
5775	0.0201	LG05	19917386
534	0.0047	LG05	20110056
10849	0.0404	LG05	20154474
13168	0.0111	LG05	20205229
10660	0.061	LG05	20217032
22541	0.0311	LG05	20236929
11191	-0.004	LG05	20436363
5600	0.0426	LG05	20613309
1962	-0.0014	LG05	20623937
19450	0.0694	LG05	20850964
297	0.0311	LG05	20858577
24976	-0.0056	LG05	20961741
18694	-0.0044	LG05	21068872
20449	0.0086	LG05	21122347
8231	-0.0037	LG05	21184752
14897	0.1347	LG05	21210136
9174	0.0887	LG05	21240325
15212	0.0128	LG05	21327788
17718	0.0291	LG05	21496059
18637	0.0694	LG05	21652083
2075	0.0761	LG05	21654489
5469	0.0828	LG05	21906804
15139	-0.0058	LG05	21923875
11717	-0.0059	LG05	22040377
8849	0.0196	LG05	22279915
14824	0.016	LG05	22503857
24371	0.0784	LG05	22689648
13258	0.0964	LG05	23305723
17738	0.0413	LG05	23403828
8820	-0.0044	LG05	23467616
13192	0.0098	LG05	23756830
4613	0.0113	LG05	23973460
20744	-0.0034	LG05	23975122
9216	0.061	LG06	92177
20128	0.1053	LG06	176690
17816	0.0048	LG06	237035
14626	0.0503	LG06	237123
4213	0.0119	LG06	237908
4727	-3e-04	LG06	489796
12701	0.0738	LG06	653437
9299	-0.0036	LG06	683028
12123	0.0197	LG06	1575634
7915	0.045	LG06	1682281
13991	0.0211	LG06	2695268
24966	-0.0058	LG06	2752792
10823	-0.0056	LG06	3377386
20756	0.0022	LG06	3568242
19689	-0.0033	LG06	3616089
10386	-0.0049	LG06	3618928
25271	0.0651	LG06	3646888
14572	0.0104	LG06	3819643
10299	0.0175	LG06	4083575
14955	0.3657	LG06	4090145
23148	-0.0063	LG06	4104193
12963	-0.0055	LG06	4294118
25630	0.0066	LG06	4486576
6069	-0.0014	LG06	5096580
19551	0.026	LG06	5223455
9967	0.002	LG06	5507919
9502	0.077	LG06	5572616
6260	-0.0031	LG06	5630445
12746	-0.0055	LG06	5825278
15140	-2e-04	LG06	5825366
3734	-0.0056	LG06	5926292
13308	0.0088	LG06	6089527
13575	0.0422	LG06	6229225
7870	0.0171	LG06	6309938
927	0.0372	LG06	6420980
21453	0.0629	LG06	6580009
23753	0.0698	LG06	6601593
15573	-0.0084	LG06	6638277
18841	0.1093	LG06	6656691
11663	-0.0042	LG06	6786952
4799	1e-04	LG06	6902120
5610	0.1157	LG06	6965868
9369	0.0168	LG06	7049845
14140	-0.0061	LG06	7517417
18743	0.0309	LG06	7692783
20101	0.0081	LG06	7734851
5576	4e-04	LG06	7858844
3940	0.11	LG06	7867156
16571	0.1181	LG06	7867244
2522	0.0419	LG06	8028686
21614	0.0321	LG06	8028774
21699	-0.0063	LG06	8243548
6342	-0.003	LG06	8779893
13537	0.0818	LG06	8949504
5770	5e-04	LG06	9501622
14176	0.0166	LG06	9604337
19990	-7e-04	LG06	10021608
13341	0.0158	LG06	10553940
15701	0.0153	LG06	10563813
381	-0.0069	LG06	10890799
11521	0.0135	LG06	11046781
11092	0.0464	LG06	11334310
16166	-8e-04	LG06	11464080
15332	-0.0056	LG06	11688414
9135	0.0176	LG06	12182054
8758	-0.0043	LG06	12398312
813	0.0151	LG06	12873880
20021	0.0085	LG06	12932691
8872	0.011	LG06	12940079
5077	0.0133	LG06	12954935
8327	0.1417	LG06	13589351
14593	-0.0027	LG06	13656731
24665	-0.004	LG06	14270724
3887	0.0987	LG06	14278663
7726	0.0049	LG06	14765352
13323	0.012	LG06	15013362
25368	0.0136	LG06	15060175
20867	0.0821	LG06	15224176
2331	0.0044	LG06	15803151
9684	0.0216	LG06	16217777
12544	0.0146	LG06	16294851
9582	-0.0046	LG06	16749471
16968	0.0181	LG06	17047164
21921	0.0739	LG06	17047252
23650	0.1448	LG06	17098228
22783	0.0394	LG06	17151219
3973	-0.0057	LG06	17505582
24868	0.0261	LG06	17520164
23346	0.033	LG06	17719747
13547	0.033	LG06	17746245
7735	-0.0057	LG06	18310874
14906	0.043	LG06	18358526
12288	0.053	LG06	18486795
4058	-0.0034	LG06	18751866
4398	0.2106	LG06	18998161
23788	0.0508	LG06	19578433
5232	0.0209	LG06	19843692
1054	0.1216	LG06	19898749
8805	0.0123	LG06	19987845
5336	0.1034	LG06	20059538
12069	0.0121	LG06	20237554
4191	-0.004	LG06	20741073
23765	0.0203	LG06	21333521
16839	-0.0027	LG06	21459832
15407	0.032	LG06	21582654
4887	-0.0044	LG06	22208449
23817	-0.006	LG06	22482622
19466	0.0016	LG06	22609209
5465	0.0175	LG06	22757568
7391	0.0387	LG06	22765329
14522	0.0344	LG06	22869084
8057	0.1195	LG06	22944848
16898	0.1533	LG06	23015385
16504	0.0216	LG06	23022030
24663	-0.0049	LG06	23081376
18159	0.033	LG06	23485475
7666	0.0219	LG06	23577967
12220	0.0338	LG06	23763699
18782	-0.0067	LG06	23908378
20465	0.0261	LG06	23946740
14932	-0.0053	LG06	24003056
4572	4e-04	LG06	24057453
17898	0.0136	LG06	24099530
23587	0.0061	LG06	24168683
20402	-5e-04	LG06	24374929
10435	0.0172	LG06	24850560
17066	-0.0021	LG06	24966019
3396	0.0173	LG06	25314954
16904	0.1112	LG07	241251
13556	-0.0044	LG07	545999
23748	0.0232	LG07	546087
4472	0.0538	LG07	806594
3957	0.0397	LG07	823426
23248	-0.0058	LG07	1151010
23457	-0.0028	LG07	2323253
9664	0.0022	LG07	2897347
13732	0.0182	LG07	4878672
15536	-0.0034	LG07	5891920
8890	-0.004	LG07	6489881
16410	-0.0013	LG07	6570170
23190	-0.0016	LG07	6942938
13652	0.0606	LG07	7326289
7763	-0.0044	LG07	7478136
8334	0.1544	LG07	8045347
6882	0.0777	LG07	8078705
63	0.0092	LG07	8250504
10210	0.0272	LG07	8879525
8898	0.0186	LG07	9012236
17318	-0.0034	LG07	9159743
17835	0.0031	LG07	9383414
11760	0.038	LG07	9519203
14667	0.016	LG07	9537995
3284	0.0334	LG07	9539930
23562	0.1024	LG07	9752923
3095	0.0048	LG07	10800502
9434	0.0026	LG07	10877021
11576	0.0041	LG07	10877109
12578	-0.003	LG07	10968252
8100	0.0023	LG07	11428517
14999	0.0191	LG07	11429270
7875	0.1423	LG07	11452690
23986	-0.0046	LG07	11698160
15934	0.0068	LG07	11782849
10215	-0.0051	LG07	11803415
13198	0.0162	LG07	11977671
25059	0.0828	LG07	12195992
20885	-0.0058	LG07	12288312
2520	0.0138	LG07	12362085
14810	0.0033	LG07	12619906
5031	-0.0019	LG07	12728851
2735	0.0177	LG07	13236326
3195	0.0265	LG07	13297888
1555	0.0315	LG07	13431477
14640	0.1323	LG07	13545769
23944	0.0016	LG07	14383434
1737	0.0274	LG07	14640691
25567	0.0027	LG07	14745633
10999	0.0155	LG07	14769705
14546	-0.0054	LG07	14831843
22166	-0.0072	LG07	14854682
10285	-9e-04	LG07	14894969
24274	0.1149	LG07	15237616
4637	0.1249	LG07	15411923
24467	0.0061	LG07	15454584
21874	0.0685	LG07	15564103
4660	-0.0058	LG07	15879034
17141	0.0053	LG07	16146679
7479	0.0212	LG07	16236256
925	-0.0047	LG07	16246230
7171	-0.0048	LG07	16286288
6697	0.003	LG07	16303464
18517	-0.0025	LG07	16558501
17036	-0.006	LG07	16603045
14474	0.036	LG07	17381364
2069	-0.002	LG07	17433168
22303	0.087	LG07	17494008
22862	-0.0011	LG07	17602063
23947	0.016	LG07	17608211
7458	-0.0011	LG07	17761824
17631	1e-04	LG07	17895354
18619	-0.006	LG07	18183680
8813	0.0149	LG07	18222159
15473	0.0174	LG07	18504448
19904	-0.0067	LG07	18504536
24287	2e-04	LG07	18609422
21934	-1e-04	LG07	18657038
4150	0.0955	LG07	18790673
24440	0.0106	LG07	18792489
19785	0.127	LG07	19665494
21829	0.004	LG07	19738440
11943	0.0251	LG07	20442784
5417	0.0823	LG07	20640020
13935	0.0577	LG07	20916719
18796	-0.0062	LG07	20918202
12962	0.0832	LG07	20991578
2319	0.0023	LG07	20997192
15645	0.1953	LG07	21003278
6534	0.0516	LG07	21020158
6635	0.0375	LG07	21047437
12380	0.0369	LG07	21047525
16164	-0.0037	LG07	21075373
23908	0.0072	LG07	21130324
20990	0.003	LG07	21131169
20197	0.0177	LG07	21773059
11768	0.0373	LG07	21989855
11902	0.1696	LG07	22046260
22276	0.0127	LG07	22340068
11500	0.037	LG07	22421100
22937	0.073	LG07	23094487
16168	0.0182	LG07	23331870
2830	-0.0058	LG07	23332711
1490	-0.0031	LG07	23424347
3798	0.0455	LG07	23461249
21016	-0.0057	LG07	23507934
11417	0.0165	LG07	23619683
20163	-0.0062	LG07	24305226
7604	-0.0065	LG07	24657611
19632	0.1008	LG07	24868754
6357	0.1786	LG07	25230566
17670	0.1376	LG07	25484701
19046	0.004	LG07	25485765
11886	0.0978	LG07	25941514
3307	0.0022	LG07	26173439
23211	0.0507	LG07	26183959
12406	-0.0044	LG07	26600311
24833	0.0233	LG07	26668142
12946	0.0392	LG07	26921264
8693	-0.0057	LG07	26942791
20753	0.0662	LG07	27066137
1258	0.0175	LG07	27182155
11488	0.0096	LG07	27215381
11406	0.1806	LG07	27267119
12394	0.0182	LG07	27314143
20472	-0.0059	LG07	27329202
11176	-0.0056	LG07	27362617
19020	0.0082	LG07	27371063
16425	0.0137	LG07	27583603
4514	0.0837	LG07	27682138
19879	0.0072	LG07	27702248
12564	0.0249	LG07	27817675
22430	0.1663	LG07	27902353
16718	-0.0051	LG07	27965978
25032	0.0202	LG07	28063039
16834	-0.0042	LG07	28130284
24680	0.0097	LG07	28196913
964	-0.0082	LG07	28218086
7313	-0.0062	LG07	28218174
1036	0.0033	LG07	28626276
19685	0.0024	LG07	28686518
17993	0.0168	LG07	28876115
11566	-0.0051	LG07	28941938
3606	0.1892	LG07	29181476
21961	0.031	LG07	29591336
17216	0.0303	LG07	29626247
20248	0.0458	LG07	29864471
23402	0.1027	LG07	30073509
4381	0.0236	LG07	30092491
9667	-4e-04	LG07	30125689
5739	0.0681	LG07	30391639
7395	0.0162	LG07	30555580
19372	0.0074	LG07	30915399
7058	0.0382	LG08	559820
14421	-0.0017	LG08	663256
8103	-0.0049	LG08	667242
17867	-0.0044	LG08	1124351
14153	0.0174	LG08	1137956
200	0.0265	LG08	1227839
174	0.044	LG08	1312422
4596	0.074	LG08	1761739
19342	-0.0044	LG08	3742817
17856	0.0178	LG08	4176493
15973	-0.0043	LG08	4711955
3193	-0.0018	LG08	4803505
16186	0.0265	LG08	4941063
23100	3e-04	LG08	5415753
22626	0.0133	LG08	5588163
3207	0.0148	LG08	5648759
12508	0.0369	LG08	5800155
16965	0.0087	LG08	5811721
16238	-0.0041	LG08	5811809
20526	0.0172	LG08	5973861
7046	-0.0032	LG08	6188289
3244	0.1408	LG08	6495561
6771	0.3631	LG08	6712888
820	0.0283	LG08	6783271
11850	0.0041	LG08	6819791
16032	0.3551	LG08	6862619
21540	0.0039	LG08	6956890
11257	0.0628	LG08	7044519
15024	0.0082	LG08	7070777
8002	-0.002	LG08	7093665
21600	-0.0055	LG08	7171130
5623	1e-04	LG08	7239686
7290	0.0084	LG08	7585018
16803	0.1178	LG08	8068226
19587	0.037	LG08	8178687
8803	0.0073	LG08	8178775
22900	0.1762	LG08	8301243
16134	0.0246	LG08	8305901
14537	0.0507	LG08	8319432
11132	0.0134	LG08	8582009
8208	0.0255	LG08	8756918
15112	0.0249	LG08	8912517
3373	0.0641	LG08	8966991
10421	0.2347	LG08	9228751
5060	0.0012	LG08	9590391
16292	0.0103	LG08	9791342
10844	0.0119	LG08	9797973
12064	-0.0034	LG08	10043041
23580	0.0472	LG08	10125644
1693	-0.0028	LG08	10243819
18900	-0.0031	LG08	10347890
10431	0.0806	LG08	10365018
545	-0.0016	LG08	10413548
15748	0.0241	LG08	10446991
24825	0.0773	LG08	10604355
4491	0.061	LG08	10633171
18628	0.0489	LG08	10815737
21539	-0.0051	LG08	10823636
16698	8e-04	LG08	10896352
4040	0.0512	LG08	10912553
16165	0.0197	LG08	10923168
571	0.2428	LG08	11071974
2506	0.0329	LG08	11296393
7865	0.0082	LG08	11365031
9679	0.0305	LG08	11452987
13723	0.0162	LG08	11504836
17666	0.0495	LG08	11504924
22563	0.0158	LG08	11820497
23593	0.0062	LG08	11824764
16121	0.0772	LG08	11993549
18615	0.0195	LG08	12122177
4368	0.0648	LG08	12744936
23293	0.0035	LG08	12844372
7501	0.061	LG08	13128416
256	0.0592	LG08	13184454
227	-0.0059	LG08	13650675
24384	0.0084	LG08	13756394
17870	-0.0015	LG08	13840335
1098	-4e-04	LG08	13960352
9229	0.1476	LG08	14187458
23395	0.0442	LG08	14187546
1821	0.021	LG08	14640764
20760	-0.005	LG08	15110370
3161	0.0529	LG08	15130801
10061	0.0924	LG08	15659186
25277	0.0602	LG08	15781964
5450	0.1014	LG08	15826307
10951	0.0169	LG08	16407110
7974	0.0417	LG08	16567202
11420	0.0309	LG08	17026926
24993	-6e-04	LG08	17575533
9284	0.0218	LG08	17713996
943	0.0312	LG08	17866162
13241	0.0413	LG08	18014083
11759	0.3559	LG08	18102613
18889	-0.0057	LG08	18146524
6229	0.0224	LG08	18383781
7807	-0.0065	LG08	18470173
2234	-0.0028	LG08	18949206
17392	0.0061	LG08	19037683
22332	0.0353	LG08	19098019
16942	-0.0017	LG08	19115287
9888	0.0033	LG08	19299110
12521	0.0407	LG08	19539358
8997	-0.0058	LG08	20043558
1266	-0.0066	LG08	20768613
19923	0.0233	LG08	20933711
2851	-5e-04	LG08	21068744
4317	0.0877	LG08	21516625
16087	0.1467	LG08	21531046
13724	0.0032	LG08	21563933
18702	-0.0045	LG08	21564021
373	-4e-04	LG08	21935513
9940	-0.0036	LG08	22367438
17885	-0.005	LG08	23012265
16205	0.0166	LG08	23333714
9419	0.0176	LG08	24203128
22526	-4e-04	LG08	24326107
23159	0.0598	LG08	24547395
22824	0.0275	LG08	24757841
21470	0.004	LG08	24761922
4609	0.0094	LG08	24762010
3197	0.0423	LG08	24846203
18726	0.01	LG08	25130632
7522	0.0063	LG08	25397751
2368	0.0169	LG08	26184505
23592	0.027	LG08	26200561
15881	0.0178	LG08	26492037
14342	0.082	LG09	141924
21802	0.0387	LG09	609295
7128	0.0104	LG09	1204897
11018	0.2876	LG09	1255390
4556	-0.0052	LG09	1872502
3651	0.1084	LG09	1872590
18276	-0.003	LG09	1894085
12566	-0.006	LG09	2484464
20522	0.0869	LG09	2507199
10172	0.0459	LG09	3075444
25269	0.0915	LG09	3155786
18196	0.0849	LG09	3577647
21061	0.1143	LG09	3779676
7151	0.0645	LG09	4221656
20726	0.1099	LG09	4436715
5685	0.0046	LG09	4495270
25028	-0.0043	LG09	4635842
23354	0.0417	LG09	4655851
3683	0.0623	LG09	4680682
8194	0.2388	LG09	4886819
16637	0.0042	LG09	4910828
12971	2e-04	LG09	5313858
7109	-0.0043	LG09	5317086
3948	-0.0058	LG09	5671531
21120	0.1516	LG09	6147938
12803	-0.0028	LG09	6289788
15471	0.0605	LG09	6468150
5011	0.0558	LG09	6468238
415	-5e-04	LG09	6944185
1047	0.1146	LG09	6946806
20890	0.0563	LG09	7053543
19199	-0.0037	LG09	7053631
21454	0.0274	LG09	7105409
13813	0.0147	LG09	7158850
22698	0.1433	LG09	7438914
14594	-0.0039	LG09	7829697
12990	0.035	LG09	7893287
20036	0.0588	LG09	7937542
14042	0.0177	LG09	8580009
11691	-0.0038	LG09	8580099
13279	-0.0028	LG09	9396740
4702	0.0106	LG09	9449210
7514	-0.0029	LG09	9462378
15907	0.065	LG09	9465117
5853	0.0649	LG09	9910448
561	0.0411	LG09	10073918
12713	-0.0057	LG09	10266318
5174	0.2391	LG09	10347416
9489	0.0326	LG09	10420914
12567	0.0607	LG09	10421002
25293	0.0136	LG09	10421422
5882	0.0177	LG09	10461569
20798	0.0338	LG09	10682829
19371	0.0421	LG09	10689203
9576	0.0745	LG09	10727534
18401	-0.0022	LG09	10862292
11848	0.0852	LG09	11140996
23308	0.0188	LG09	11265092
617	0.0012	LG09	11297440
18757	-1e-04	LG09	11297595
22918	0.1086	LG09	11494887
16806	0.1978	LG09	11496944
15462	0.0036	LG09	11582028
20446	0.0685	LG09	11671951
17230	0.0046	LG09	11767563
7104	0.0764	LG09	11767651
12017	0.1133	LG09	12286191
11849	0.0256	LG09	12564139
23143	0.1023	LG09	12593181
20265	0.0474	LG09	12622101
1311	0.0821	LG09	12622187
9215	-0.007	LG09	12807500
22806	0.0016	LG09	12871481
11307	0.024	LG09	12988378
22092	0.1609	LG09	13245403
7328	0.2717	LG09	13296658
24117	0.0626	LG09	13296746
17185	0.0299	LG09	13511279
17702	0.0285	LG09	13518924
21686	0.0268	LG09	13925989
410	0.0222	LG09	13926079
7314	0.0744	LG09	13953137
8322	0.0827	LG09	14038013
8199	-0.0059	LG09	14464715
2792	0.0112	LG09	14618268
12201	0.0975	LG09	14680579
15311	-0.0023	LG09	14890489
9668	0.0308	LG09	15119144
23785	0.0213	LG09	15134525
7818	0.0285	LG09	15474554
19083	-0.0041	LG09	16022854
15650	0.017	LG09	16091715
22246	0.153	LG09	16119065
13476	-0.0021	LG09	16123768
14260	0.1216	LG09	16137299
13129	-0.0041	LG09	16518082
9611	0.1176	LG09	16641125
4617	-0.0046	LG09	16838649
17959	0.0028	LG09	16869465
1582	0.0039	LG09	16940306
4090	0.0025	LG09	17063685
17001	-0.0035	LG09	17110637
9980	0.0223	LG09	17129352
17038	0.0119	LG09	17129440
16009	0.0166	LG09	17406696
21118	0.1708	LG09	17644011
5451	0.0149	LG09	17652516
22640	8e-04	LG09	17652604
9966	-0.0045	LG09	17673401
22488	0.0199	LG09	17756102
4960	0.0018	LG09	17810629
39	0.0597	LG09	17882115
17442	-0.0042	LG09	18023941
8603	0.0017	LG09	18435106
379	-0.0014	LG09	18491323
16667	0.0278	LG09	19262015
7759	0.0071	LG09	19279622
21239	0.1142	LG09	19366042
11459	-0.0068	LG09	19421069
5423	0.0362	LG09	19422752
9545	0.3913	LG09	19485278
4459	0.0733	LG09	19494289
18188	0.0014	LG09	19813932
13207	0.0135	LG09	19949567
263	-0.0051	LG09	19977194
3031	0.0037	LG09	20025730
12648	0.0157	LG09	20115383
9082	0.0348	LG09	20408663
12516	0.0096	LG09	20438490
13461	-0.0041	LG09	20559077
23178	-0.0034	LG09	20841659
19360	0.0019	LG09	21644883
5980	-0.0034	LG09	21886663
18319	0.0397	LG09	21889342
12384	0.2433	LG09	22398721
20337	0.0126	LG09	22425930
17912	0.0262	LG09	23034645
9387	-0.0058	LG09	23454920
23136	0.0013	LG09	23542273
2895	0.0197	LG09	23542361
19310	-0.0053	LG09	23544030
11209	-0.0048	LG09	23570711
17968	0.0673	LG09	23570799
20068	0.0638	LG09	23628908
8124	-0.0072	LG09	23766555
13163	0.0016	LG09	23918871
5577	-0.006	LG09	23969744
1794	0.0413	LG09	24143400
19682	0.0665	LG09	24358659
20117	-0.0022	LG09	24359231
11638	2e-04	LG09	24432292
4226	0.0775	LG09	24607602
15567	0.0138	LG09	25085449
9359	0.163	LG10	1083496
18050	0.0026	LG10	1115331
5928	0.0112	LG10	1369959
5002	0.0045	LG10	1370047
16612	0.1053	LG10	1560210
11954	-0.0051	LG10	2256027
17879	0.024	LG10	2293277
6583	0.0014	LG10	2465467
9252	-0.0034	LG10	2489942
18111	0.0213	LG10	2525180
1073	-0.006	LG10	2603183
17351	0.0016	LG10	2645492
18923	0.0563	LG10	2954019
22771	0.0109	LG10	3784167
7781	-0.0063	LG10	4151887
18248	0.0092	LG10	4304858
22011	0.0416	LG10	4306943
4426	0.1116	LG10	4400003
10260	0.1045	LG10	4477635
15607	0.0048	LG10	4566193
25250	0.0018	LG10	4629105
21089	-0.0062	LG10	4739467
10995	-0.0045	LG10	5381301
6	0.0159	LG10	5565406
13295	-0.0024	LG10	5590510
5962	-0.0058	LG10	5834804
18330	-0.0064	LG10	5843219
244	0.0058	LG10	5851012
885	-0.0012	LG10	5851100
3434	-0.002	LG10	6003116
9159	0.0118	LG10	6204018
10291	-0.0063	LG10	6547702
10396	0.0136	LG10	7240187
14287	0.0029	LG10	7429779
7214	0.0295	LG10	7431430
4620	0.0404	LG10	7813485
7791	-0.0047	LG10	7813573
18629	0.0175	LG10	8019257
21204	0.1176	LG10	8516939
12584	0.2024	LG10	8871767
16280	0.0139	LG10	9631682
4206	-0.0031	LG10	9793217
3753	-0.0032	LG10	9860946
22961	-0.0053	LG10	9917591
10966	0.0598	LG10	10433055
92	0.0104	LG10	10496043
12725	-0.0039	LG10	10819623
21971	-0.006	LG10	10867159
8033	0.0018	LG10	10895467
13125	-4e-04	LG10	11392859
12182	0.0265	LG10	11702412
198	-0.008	LG10	12542466
11049	-0.0013	LG10	12577783
11546	0.0048	LG10	12653334
20081	0.0251	LG10	12658536
13791	0.041	LG10	12697932
3121	5e-04	LG10	12858006
9755	0.019	LG10	13377165
12945	0.0032	LG10	13448653
24796	-0.0027	LG10	13900062
17990	-0.003	LG10	13900150
15313	0.0037	LG10	14212835
23615	-0.0027	LG10	14722708
4083	0.0238	LG10	15139047
3015	0.0028	LG10	15163654
8507	0.065	LG10	15259978
15234	0.0688	LG10	15260066
15009	-0.0052	LG10	15663397
10015	0.0016	LG10	15810510
8525	0.1815	LG10	16367116
4251	-0.0058	LG10	16638251
8597	0.0523	LG10	16803083
14526	0.0593	LG10	16803171
11895	-0.0052	LG10	16877062
1907	0.0768	LG10	17098895
19023	0.0934	LG10	17098983
11319	0.0185	LG10	17278254
13301	0.2084	LG10	17347191
4171	-0.0015	LG10	17543844
25620	-0.0039	LG10	17690500
17760	0.0104	LG10	18095577
16422	0.0198	LG10	18439664
24307	0.0552	LG10	18499922
15002	0.0427	LG10	18594202
18366	0.0034	LG10	18594290
9538	0.1024	LG10	18851597
20945	0.0624	LG10	19366755
20920	0.0709	LG10	19404682
9452	0.0246	LG10	19417830
7879	0.1747	LG10	19467967
16245	-0.0021	LG10	19765296
3248	0.0754	LG10	20021617
10580	-0.0044	LG10	20152067
19564	9e-04	LG10	20345887
1872	0.074	LG10	21232603
19088	0.1154	LG10	21485544
2558	-0.004	LG10	22020828
4958	-0.0033	LG10	22107920
11081	0.0049	LG10	22122129
7913	-0.0018	LG10	22408604
8486	0.0023	LG10	22526695
11	-1e-04	LG10	22879220
2705	0.0161	LG10	22879308
25444	0.2183	LG10	22997820
6033	-0.0028	LG10	23278050
23146	0.0672	LG10	23430455
716	0.0746	LG10	23520241
8798	0.0736	LG10	24193411
16791	-0.004	LG10	25140041
13036	0.0063	LG11	190717
12107	-0.0062	LG11	599330
21313	-0.0057	LG11	852857
1027	0.0713	LG11	880476
12726	0.0394	LG11	1323218
10068	0.0228	LG11	1638789
5807	0.0307	LG11	1821055
19228	-0.0084	LG11	2128700
7711	0.0245	LG11	2322577
3258	0.0171	LG11	2454027
23150	0.0121	LG11	2463269
11282	0.0328	LG11	2541278
8526	0.0145	LG11	2619748
4154	0.0283	LG11	2619748
18879	0.0523	LG11	2695805
21335	-8e-04	LG11	2991166
756	0.0152	LG11	3127754
16270	0.024	LG11	3234999
22947	-0.006	LG11	3409526
3428	0.0168	LG11	3481234
10978	0.0286	LG11	3709479
5966	0.0385	LG11	3737428
24196	7e-04	LG11	3832245
18571	-0.0045	LG11	4312750
23094	-0.0046	LG11	4350264
15060	0.2147	LG11	4509609
19201	0.0055	LG11	4663213
7940	0.1489	LG11	4935309
11069	-0.0056	LG11	5204595
3931	-0.007	LG11	5295900
18322	7e-04	LG11	5422392
7929	0.0984	LG11	5422480
19943	0.1224	LG11	5432424
21590	0.0693	LG11	5432942
14760	0.079	LG11	5530610
19964	-0.0045	LG11	5576643
7769	0.1434	LG11	5638643
15954	0.101	LG11	5805730
8196	0.065	LG11	5950474
2468	0.0173	LG11	6043896
4336	0.0346	LG11	6123685
12889	-0.0054	LG11	6356698
9158	0.0311	LG11	6826719
5281	0.0756	LG11	7506208
12810	0.1259	LG11	7562224
1547	0.0182	LG11	7746059
25225	0.0088	LG11	8123880
752	0.019	LG11	8223689
15010	0.0058	LG11	8774566
3972	-6e-04	LG11	8894347
21509	0.012	LG11	8929232
19037	-0.0062	LG11	9019282
16151	0.095	LG11	9208997
19729	0.1639	LG11	9699702
13895	0.0346	LG11	9770660
22145	-0.003	LG11	9814031
18762	0.025	LG11	9890924
25638	0.0473	LG11	9896436
4344	-0.0049	LG11	9920661
12254	-0.0026	LG11	10063725
20796	0.0331	LG11	10174407
4956	0.0615	LG11	10490527
8192	0.037	LG11	10551327
5541	-0.0044	LG11	10611314
3155	0.0384	LG11	10611402
10886	0.0825	LG11	10701151
15114	0.0163	LG11	11123840
7942	0.0788	LG11	11237956
9205	0.0066	LG11	11238044
17087	-0.0046	LG11	11366771
23927	-0.006	LG11	11392893
9585	0.0049	LG11	11440099
6797	-1e-04	LG11	11597003
6890	-0.0077	LG11	11780929
21789	1e-04	LG11	11847676
8536	0.0343	LG11	11875912
4834	0.0554	LG11	12058857
24071	0.1021	LG11	12101375
4188	0.0294	LG11	12127935
5337	-0.0029	LG11	12475090
9203	-0.0017	LG11	12511703
19660	-0.0028	LG11	12511791
24226	0.0784	LG11	13148494
5984	0.0206	LG11	13375051
13355	0.0812	LG11	13376613
13107	-0.0028	LG11	13398459
23168	0.0083	LG11	13620304
15855	0.0016	LG11	13815890
719	0.0233	LG11	14396040
20923	-0.0052	LG11	14468605
2225	0.1235	LG11	14495794
19475	0.1444	LG11	14782518
2604	0.0487	LG11	14815925
16257	0.0228	LG11	15142617
13598	0.0815	LG11	15810155
19263	0.0074	LG11	15974041
17726	6e-04	LG11	16223640
23486	0.0118	LG11	16266066
21360	0.0736	LG11	16819948
10828	0.039	LG11	16821051
25416	0.1077	LG11	16875369
11019	0.0548	LG11	17081030
1963	-0.0062	LG11	17081118
8493	0.0249	LG11	17108879
8641	0.0087	LG11	17280494
13052	0.0157	LG11	18447466
20140	0.2379	LG11	18447554
4837	-0.0065	LG11	18564220
1978	0.1211	LG11	18595849
3266	0	LG11	18795306
25284	0.0432	LG11	18813106
9191	-0.0061	LG11	18886155
19830	0.001	LG11	18942693
6729	0.0771	LG11	19415556
1519	0.015	LG11	19513503
19784	0.3016	LG11	19585086
15354	0.0422	LG11	19828160
2071	0.0157	LG11	19958497
7028	0.022	LG11	20055468
24168	0.038	LG11	20084116
14360	0.0074	LG11	20090953
6458	0.0286	LG11	20093783
24941	-0.002	LG11	20323618
12994	0.0246	LG11	20525096
11482	0.1195	LG11	20660135
2153	0.0118	LG11	20773096
20249	0.2385	LG11	21054680
6051	0.0594	LG11	21094436
9691	-0.0063	LG11	21257364
14020	0.0393	LG11	21264705
12493	0.0584	LG11	21490717
21866	0.0052	LG11	21490805
22851	-0.0057	LG11	21940307
8152	0.0058	LG11	22005892
5464	0.0041	LG11	22086835
20666	-0.006	LG11	22294272
3039	0.0564	LG11	22402420
19641	0.0283	LG11	22415326
3756	-0.0032	LG11	22468503
18250	-0.0052	LG11	22636036
8135	-0.0023	LG11	22730482
19035	0.0049	LG11	23667786
5614	0.0077	LG11	23808690
1655	0.0687	LG11	24272512
6158	0.0763	LG11	24273058
17644	-0.0048	LG11	24432463
10188	-0.0036	LG11	24474143
22637	-0.0045	LG11	24477451
20351	0.032	LG11	24512227
15829	0.0533	LG11	24629151
19014	0.0064	LG11	24642299
2922	0.067	LG11	24771036
11912	0.0194	LG11	25064455
5572	0.0026	LG11	25112679
7749	-0.0045	LG11	25187021
11210	0.0189	LG11	25211807
5042	0.0011	LG11	25334679
7755	0.0183	LG11	25803771
1157	-0.0066	LG11	26193891
53	0.0289	LG11	26240806
23448	0.0095	LG11	26240894
23014	-0.0059	LG11	26491712
25289	-0.003	LG11	26514142
15052	3e-04	LG11	26568958
9251	-0.0014	LG11	26642181
21807	0.0438	LG11	26732894
8670	0.0153	LG11	27130781
4361	0.0742	LG11	27160901
1473	0.0339	LG11	27198631
6377	-0.0044	LG11	27229186
13880	0.0023	LG11	27245517
5	0.1122	LG11	27261814
23093	0.0021	LG11	27289201
11535	0.1393	LG11	27770790
9213	-0.0044	LG11	27848202
12431	0.04	LG11	27862706
15756	0.0078	LG11	27938726
8190	-0.0046	LG11	28080960
14545	0.1079	LG11	28187496
6606	0.0446	LG11	28332595
24987	0.1686	LG11	28332759
20263	0.0012	LG12	29713
18166	0.0237	LG12	567544
10813	0.038	LG12	1339414
13841	-0.0048	LG12	3161131
25214	-0.0031	LG12	3235323
7431	0.0106	LG12	3326685
8055	0.1358	LG12	3340389
10497	0.0045	LG12	3555248
4473	0.1057	LG12	4009809
21073	0.0032	LG12	4069175
24003	-0.0058	LG12	4069263
780	0.0183	LG12	4213605
16343	0.0545	LG12	4298091
5118	0.0085	LG12	4298590
12852	0.2613	LG12	4520038
4568	0.0097	LG12	4779086
4740	0.102	LG12	4809150
10263	0.1012	LG12	5229610
11770	0.0231	LG12	5439863
18840	0.0369	LG12	5561882
15646	0.0091	LG12	5579243
19174	0.0301	LG12	5655789
25357	-0.0024	LG12	5774404
17677	0.0251	LG12	5846753
8168	6e-04	LG12	5940810
2335	0.0708	LG12	6026045
20544	0.0592	LG12	6086824
8064	-0.0026	LG12	6180142
4092	0.0038	LG12	6182711
17582	-0.002	LG12	6410601
23467	0.061	LG12	6428531
6144	-0.0057	LG12	6428619
15017	0.0199	LG12	6450207
5491	0.017	LG12	6650537
18015	0.0059	LG12	6667315
8278	-0.0052	LG12	6752117
7574	-0.0055	LG12	6911449
25593	0.0691	LG12	7469856
3833	0.005	LG12	7696087
13458	-0.006	LG12	7732046
1474	-0.003	LG12	7753631
16897	4e-04	LG12	7887658
15003	0.0202	LG12	8128215
6094	0.03	LG12	8466885
9061	-0.0028	LG12	8785295
17406	0.0066	LG12	8874489
19956	0.0792	LG12	9597045
11591	0.2423	LG12	9634261
12686	0.0153	LG12	9689646
960	0.0185	LG12	10174457
9363	0.0114	LG12	10454862
22710	0.1027	LG12	10828140
541	0.0091	LG12	10886813
1881	-0.0044	LG12	11484342
18478	0.0099	LG12	11760945
18821	0.0031	LG12	11902614
8267	0.0565	LG12	11939803
15061	0.0619	LG12	11994413
17417	0.065	LG12	12250103
13544	0.0499	LG12	12276684
10698	0.1588	LG12	12379590
12403	0.0178	LG12	12909587
6274	0.037	LG12	13367814
25538	0.1236	LG12	15479366
5622	0.0451	LG12	17015598
12483	-0.0065	LG12	17033148
16375	0.1429	LG12	17446219
4550	0.0177	LG12	17753872
9593	-0.0058	LG12	17830910
14729	0.1132	LG12	18146976
21546	0.006	LG12	18266357
13701	0.0062	LG12	18405059
18070	0.1147	LG12	18432995
22955	0.0291	LG12	18576679
522	0.0013	LG12	18820544
2160	-0.0041	LG12	18822680
772	0.01	LG12	19202962
19351	0.0199	LG12	19338527
5133	0.0828	LG12	19492744
10207	0.0067	LG12	19645674
19222	0.0812	LG12	19916291
7565	0.0934	LG12	19921439
11992	0.0016	LG12	19963181
12668	0.0619	LG12	20070737
25622	0.0176	LG12	20249556
98	-0.0041	LG12	20292473
5287	-0.0058	LG12	20595615
7086	0.0192	LG12	20716376
9979	0.0286	LG12	20945653
9658	0.0194	LG12	21292189
22206	0.0802	LG12	21990158
3304	0.1631	LG12	21990246
4411	0.0595	LG12	22019003
11722	0.1764	LG12	22026053
18012	-0.0022	LG12	22709819
21174	-0.0026	LG12	22865901
3480	-0.0031	LG12	23074809
4145	0.0281	LG12	23109552
5668	-0.0068	LG12	23159905
10295	-0.0056	LG12	23243263
3437	0.0029	LG12	23290112
18434	0.0031	LG12	23397580
6390	-0.0053	LG12	23443612
1568	0.0173	LG12	23698751
18253	0.0187	LG12	23861769
11506	0.0122	LG12	24036984
4588	-0.0053	LG12	24207382
24147	0.007	LG12	24341605
12851	0.0406	LG12	24393793
187	0.0839	LG12	25008487
17256	0.0213	LG12	25161246
11415	0.0114	LG12	25161775
15788	0.0409	LG12	25185115
6462	0.0194	LG12	25449456
14478	-0.0024	LG12	25449544
6312	0.014	LG12	26603732
167	0.0471	LG12	26759763
9896	-0.0039	LG12	26878070
9819	-0.0049	LG13	197290
12108	-0.0054	LG13	414978
404	0.0032	LG13	423107
14547	0.001	LG13	788032
11774	-0.0048	LG13	799439
4031	-0.0029	LG13	1193395
8252	0.0066	LG13	1229103
12028	0.0623	LG13	1250680
10029	0.0613	LG13	1297680
7298	-0.0019	LG13	1297768
15595	0.0144	LG13	1320012
22597	0.0274	LG13	1481646
23018	0.2536	LG13	1498281
3708	0.0419	LG13	1535521
19324	0.061	LG13	1620554
16616	0.0561	LG13	1620642
10872	0.0812	LG13	2826437
8596	0.0013	LG13	3111762
13514	0.0806	LG13	3195046
15145	-0.0057	LG13	3341126
13318	0.0457	LG13	3584634
8943	0.223	LG13	3879446
3062	-0.0044	LG13	4642806
17428	0.0205	LG13	5252675
24270	0.0151	LG13	5273122
19608	9e-04	LG13	5343568
24464	0.0141	LG13	5444037
4643	-0.0025	LG13	5556883
6823	0.0016	LG13	5583349
15991	0.0012	LG13	5583437
5052	-0.003	LG13	5592907
3929	-0.0022	LG13	6072318
7736	0.1539	LG13	6632801
24135	-9e-04	LG13	6936637
10460	0.0239	LG13	6966466
8902	0.0121	LG13	6992877
2258	0.0348	LG13	7099455
16752	0.0171	LG13	7127580
4396	0.0175	LG13	7298301
12055	-0.0063	LG13	7298389
11325	0.0114	LG13	7918800
7833	-0.0061	LG13	8128067
9165	-0.0066	LG13	8397560
7747	0.0115	LG13	8626858
9738	0.1795	LG13	8668477
13762	-0.0023	LG13	8670969
23445	0.0168	LG13	8744355
11994	-0.0051	LG13	8744832
17739	0.102	LG13	9164472
8212	0.0058	LG13	9273834
18599	0.0061	LG13	9325469
16482	5e-04	LG13	9438752
17586	1e-04	LG13	9571485
10006	1e-04	LG13	9576401
24597	0.0032	LG13	9929672
23503	0.0769	LG13	9971401
10476	-0.0054	LG13	10039372
24402	0.0151	LG13	10552644
18715	0.017	LG13	10560993
1053	0.042	LG13	11331788
1983	0.0114	LG13	11362580
16650	0.0629	LG13	11699849
1306	0.0345	LG13	11880001
10730	0.1556	LG13	12192317
1571	0.0066	LG13	12440085
6660	0.0243	LG13	12796553
19683	0.0032	LG13	13024843
11618	0.0404	LG13	13050029
8130	0.0016	LG13	13481551
367	0.115	LG13	13517959
364	0.1975	LG13	13518047
24543	0.0193	LG13	13571484
13702	-0.0042	LG13	13876524
12083	0.0114	LG13	13895706
9050	0.0421	LG13	14493837
8086	5e-04	LG13	14527894
4442	-0.0044	LG13	14527982
7957	0.0447	LG13	14587252
21653	-0.0065	LG13	14590679
5845	0.0465	LG13	14709344
14122	0.0093	LG13	14951265
13180	0.3378	LG13	14958633
24277	-0.0036	LG13	14988666
18591	-0.0027	LG13	15078131
15218	-0.0053	LG13	15160240
20056	0.0073	LG13	15343655
24867	-0.0069	LG13	15382442
24267	0.066	LG13	15858481
20593	0.0059	LG13	16159441
4575	-0.0053	LG13	16159529
11119	-0.0042	LG13	16168416
23728	-1e-04	LG13	16358386
7183	-0.0029	LG13	16489759
4671	0.0054	LG13	16647496
24484	-0.0054	LG13	16647584
7489	0.0388	LG13	16655985
9166	0.0092	LG13	16972178
7301	0.0349	LG13	17075597
705	0.0108	LG13	17217650
5560	0.0374	LG13	17284812
23374	-0.0053	LG13	17292407
20198	0.0178	LG13	17432380
10334	-0.0055	LG13	17465274
11579	0.0439	LG13	17644758
8241	0.0427	LG13	17644845
16227	0.0527	LG13	17695584
1572	-0.003	LG13	17972384
25063	-0.0053	LG13	18266311
2826	-0.0058	LG13	18593933
8288	0.0203	LG13	18629424
9845	0.0189	LG13	18630044
7570	0.0048	LG13	18649897
966	0.0613	LG13	18698689
25273	-0.0051	LG13	18720674
7775	-0.0049	LG13	18791841
23792	0.0139	LG13	18856816
2824	0.0055	LG13	18962061
14869	0.0168	LG13	19009416
18273	0.1	LG13	19032406
7803	-0.0026	LG13	19032494
17102	0.0459	LG13	19423592
16005	0.0055	LG13	19499378
2390	0.1101	LG13	19759312
14889	0.0049	LG13	19821728
4522	0.0048	LG13	19927564
1228	0.0117	LG13	20016866
7027	-0.0049	LG13	20020878
11154	0.0354	LG13	20413713
18514	0.0419	LG13	20554528
18586	-0.0029	LG13	20555449
3339	0.1201	LG13	20637133
11170	0.0259	LG13	20663798
20770	-0.0044	LG13	20742960
15104	0.0083	LG13	20808605
23009	0.0476	LG13	20869043
1048	-0.0052	LG13	21014787
14505	0.0182	LG13	21021074
1689	0.0015	LG13	21043471
315	0.0427	LG13	21280470
6693	0.0035	LG13	22157376
4140	-0.0039	LG13	22202718
5441	-0.0028	LG13	22392008
10933	-0.0059	LG13	23401812
11116	0.0437	LG13	23508205
20257	0.0097	LG13	23629689
23883	-0.0051	LG13	23701508
22436	-0.0051	LG13	23914789
10960	0.0373	LG13	24575456
3541	0.0615	LG13	24575544
8295	0.2795	LG13	24899963
7768	0.0097	LG13	25049770
734	0.0123	LG13	25259416
2587	0.0026	LG14	202833
13384	0.0353	LG14	445467
8847	0.1091	LG14	1030467
13418	0.036	LG14	1300871
11003	0.019	LG14	1334127
490	0.0291	LG14	1523992
616	0.0085	LG14	1538720
18528	-0.0019	LG14	1687979
1078	0.0021	LG14	1738653
23334	0.0194	LG14	1850852
17625	-0.0058	LG14	1955317
9770	0.0527	LG14	1996083
21704	0.0067	LG14	2137806
18659	-0.0031	LG14	2164166
618	-8e-04	LG14	2325174
24167	0.1058	LG14	2490084
12622	0.0257	LG14	2527534
22282	-0.0028	LG14	2687638
16814	0.1725	LG14	2926912
23723	0.0089	LG14	2993108
6353	0.0355	LG14	3355942
16325	-0.0054	LG14	3425971
20625	0.0251	LG14	3709595
25091	-0.006	LG14	3830858
5711	0.0908	LG14	3978548
24451	6e-04	LG14	4188617
8330	-0.0022	LG14	4242362
25561	0.1248	LG14	4334416
13188	0.0437	LG14	4639051
6608	0.0379	LG14	4655642
1975	-0.001	LG14	5051097
19651	0.042	LG14	5180737
1970	0.0403	LG14	5451290
9717	-0.0013	LG14	5541915
21726	-0.0046	LG14	5603751
3594	-0.0017	LG14	5903591
5781	0.0023	LG14	5998727
14517	0.016	LG14	6015956
10410	0.1982	LG14	6016044
22304	-0.007	LG14	6109311
10662	0.0104	LG14	6109399
7910	0.0182	LG14	6573265
21403	-0.0047	LG14	6790576
815	0.001	LG14	7114942
2204	0.0064	LG14	7233760
20732	0.0976	LG14	7233848
15774	0.0212	LG14	7268942
17597	0.0452	LG14	7665891
19720	0.0223	LG14	7840851
9102	0.0316	LG14	7840939
20215	0.0077	LG14	7929568
20609	0.057	LG14	8091522
5699	0.0199	LG14	8137819
2425	0.0385	LG14	8286219
5580	0.0261	LG14	8286307
15239	0.0715	LG14	8514359
14839	0.1008	LG14	8562765
9119	0.0125	LG14	8731210
14702	0.0049	LG14	8731298
20364	0.097	LG14	8805051
15997	0.0203	LG14	9216980
7089	-5e-04	LG14	9364782
24342	0.0617	LG14	9467759
2974	-0.0017	LG14	9719363
8389	0.0091	LG14	9808133
388	0.0534	LG14	9808221
13422	0.0341	LG14	9809082
16215	0.0504	LG14	9813679
14804	0.0085	LG14	9932846
13909	0.008	LG14	9933392
4492	0.064	LG14	9933392
23487	0.096	LG14	9953277
3129	-0.0044	LG14	10030230
21492	0.2217	LG14	10086345
21779	0.0624	LG14	10097824
1441	0.148	LG14	10322868
7690	0.0077	LG14	11180651
11313	0.1303	LG14	11519823
3417	0.0243	LG14	11676361
7203	0.016	LG14	11703918
24098	0.1002	LG14	11755005
10462	0.0117	LG14	11822248
13563	0.1	LG14	11822336
15327	0.0272	LG14	12142906
8461	0.0053	LG14	12165644
4989	0.0395	LG14	12252629
14864	0.0216	LG14	12377418
8388	-0.003	LG14	12461609
721	0.066	LG14	12869166
10245	0.0409	LG14	12893504
5151	-0.0043	LG14	12928347
7890	0.0124	LG14	13284482
10954	5e-04	LG14	13316350
10715	0.0074	LG14	13820701
21302	0.1383	LG14	14635342
15316	0.0044	LG14	14880637
17654	0.0477	LG14	14918702
2861	0.0197	LG14	15397625
4185	0.0167	LG14	15778586
6631	0.0199	LG14	15779407
1463	0.0141	LG14	16098739
25130	0.0121	LG14	16964736
8726	0.0544	LG14	17015235
5333	0.0132	LG14	17190035
1339	0.0288	LG14	17204107
4402	0.0038	LG14	17552012
6597	-0.0046	LG14	17715921
25649	-0.0068	LG14	17836411
3832	-0.0058	LG14	17957361
12884	0.0413	LG14	17957451
10218	-0.0041	LG14	18095079
24824	0.0328	LG14	18241278
11354	-0.0034	LG14	18914944
22407	-0.0021	LG14	19237839
12948	0.0822	LG14	19332362
9675	0.0406	LG14	20158765
22476	0	LG14	20170436
22688	-0.0068	LG14	20409170
4088	0.0059	LG14	20885177
331	0.0079	LG14	21214207
14492	0.0073	LG14	21336299
8046	0.0072	LG14	21864304
3102	0.1748	LG14	22294077
11749	0.0063	LG14	22298004
1002	0.1366	LG14	22855271
1159	-0.0157	LG14	22877258
20664	0.0299	LG14	22972927
8885	0.017	LG14	23077035
14266	0.0632	LG14	23110841
148	-0.0059	LG14	23216958
24483	-0.0039	LG14	23231740
20714	0.0039	LG14	23463317
6270	-0.0013	LG14	23746030
9731	0.0394	LG14	23757247
12869	-0.0058	LG14	24287175
1936	0.0123	LG14	24505155
3524	-0.0057	LG14	24505243
2917	-0.0049	LG14	24703575
3379	0.0073	LG14	24722870
17977	0.0022	LG14	24906233
12155	0.1075	LG14	24906321
9506	0.0343	LG14	25014414
18687	0	LG14	25020971
13430	0.062	LG14	25158945
4754	0.0292	LG14	25213748
22355	-0.0058	LG14	25322554
844	0.0214	LG14	25532106
10079	0.1954	LG14	25560788
17947	-0.0041	LG14	25735447
3228	0.0901	LG14	25824909
10821	0.0146	LG14	25883171
19231	0.0052	LG14	25976208
6360	0.1188	LG14	26156845
17320	0.093	LG14	26201708
10086	0.0759	LG14	26250657
7952	-0.0019	LG14	26291480
2429	0.0166	LG14	26890038
18808	0.0576	LG14	27046103
23694	0.0017	LG14	27086884
20070	-0.0014	LG14	27100953
15623	-0.0026	LG14	27104520
7698	-0.0048	LG14	27129721
24801	0.012	LG14	27298761
17490	0.0559	LG14	27420218
7953	0.0121	LG14	27471012
4760	-3e-04	LG14	27989426
1712	0.0094	LG14	28035100
22898	0.1787	LG14	28147577
12866	0.0121	LG14	28684850
5697	0.0044	LG14	28878426
3341	0.0029	LG14	28893155
2752	0.0218	LG14	29071558
14341	0.0046	LG14	29162427
18404	0.0741	LG15	31666
8727	0.1289	LG15	1282872
7559	0.0044	LG15	1919932
12099	0.0135	LG15	2399558
16457	-0.0052	LG15	3946906
10539	0.1404	LG15	4351655
14473	0.1325	LG15	4360609
23740	0.0091	LG15	4420759
7271	2e-04	LG15	4420847
7370	-0.006	LG15	4576668
12738	0.2326	LG15	4776604
6031	0.2756	LG15	4924703
11505	-0.0014	LG15	4956975
12664	0.0397	LG15	5039497
2175	0.0095	LG15	5358650
15274	0.0145	LG15	5888323
3523	-8e-04	LG15	5955032
18075	-0.0045	LG15	6218214
11947	0.0188	LG15	7306164
1722	-0.0056	LG15	7404476
6244	-0.0057	LG15	7405534
20400	0.0612	LG15	7408576
8527	0.0151	LG15	7756968
14502	0.0467	LG15	7810607
9579	0.0291	LG15	7844392
20691	0.0853	LG15	7901474
4004	0.0077	LG15	7912926
23412	-0.0065	LG15	8051383
12921	0.0801	LG15	8126093
860	-9e-04	LG15	8162379
6938	0.0228	LG15	8293172
20908	0.0957	LG15	8329374
18934	0.0383	LG15	8332754
6926	0.0199	LG15	8356855
20588	0.0166	LG15	8372922
20017	-0.0052	LG15	8397570
832	-0.0059	LG15	8433971
15850	0.0216	LG15	8529809
20546	0.0701	LG15	8724721
10691	0.04	LG15	8792435
1589	-0.0062	LG15	8882522
16354	0.0125	LG15	9284234
23903	-0.0051	LG15	9410969
19158	0.011	LG15	9445017
1031	-0.0044	LG15	10603181
4729	-0.0049	LG15	10706163
20781	0.0168	LG15	10765691
23685	0.0723	LG15	10818312
17217	0.0894	LG15	10839639
11486	0.0488	LG15	10839727
10076	0.0106	LG15	10908966
8601	0.0104	LG15	10911179
13316	0.0182	LG15	11097840
18858	0.1027	LG15	11572233
23929	0.1037	LG15	11597683
18662	0.001	LG15	12265718
23827	0.0024	LG15	12270324
7730	0.0071	LG15	12292251
9187	7e-04	LG15	12299422
23451	0.008	LG15	12323986
13209	0.0134	LG15	12653317
6969	0.0061	LG15	12665066
9449	0.2896	LG15	13018839
17708	-0.0055	LG15	13907715
16480	0.002	LG15	14087189
16520	0.0449	LG15	14334485
19965	5e-04	LG15	14387770
19393	0.1966	LG15	14447479
5264	-0.0051	LG15	14481775
9228	0.0115	LG15	14543912
11552	0.0249	LG15	14987505
2967	-0.0073	LG15	15149144
1560	0.2006	LG15	15461179
16535	0.0166	LG15	15737628
2813	0.0336	LG15	16004593
16599	0.0107	LG15	16275261
22615	-0.0049	LG15	16328025
10742	-0.0064	LG15	16381554
18621	0.0226	LG15	16439929
5590	0.0193	LG15	16949205
21411	0.0594	LG15	17013389
12206	0.0054	LG15	17049341
4849	-7e-04	LG15	17083022
22596	0.062	LG15	17133549
88	-0.0059	LG15	17142273
1567	0.0562	LG15	17339469
7096	-0.0032	LG15	17339557
1160	0.0818	LG15	17477533
15474	-0.0064	LG15	17483500
2820	0.0784	LG15	17496341
14510	0.005	LG15	17519019
19193	-3e-04	LG15	17580160
22839	0.0278	LG15	17946990
13082	0.0563	LG15	18002680
974	0.0399	LG15	18002768
15398	9e-04	LG15	18062209
19971	-0.0055	LG15	18510285
12709	-0.0054	LG15	18555128
4894	-1e-04	LG15	18587678
12425	0.0615	LG15	18613652
13314	0.0068	LG15	18692986
18089	0.0144	LG15	18910824
22889	0.0486	LG15	19171896
20061	0.0068	LG15	19363735
6319	0.015	LG15	19420916
25087	-0.0051	LG15	19506489
4824	0.0046	LG15	19559265
11386	0.0226	LG15	19591012
8246	-0.0064	LG15	19655061
20964	0.0173	LG15	19751967
5679	-0.0059	LG15	19847386
23550	-0.0088	LG15	19942101
19543	0.0155	LG15	19969306
20895	-0.0079	LG15	19993255
6878	0.0875	LG15	20381790
9789	0.0199	LG15	20443398
10839	0.0289	LG15	20569522
24029	0.0139	LG15	20569610
6417	0.097	LG15	20574788
12295	0.0335	LG15	20811419
19194	0.0436	LG15	20966393
15326	0.017	LG15	21253119
4079	-0.0061	LG15	21346221
20672	0.0334	LG15	21374181
10756	-7e-04	LG15	21461663
14166	-0.0058	LG15	21897538
20023	0.0168	LG15	21939601
15652	0.0757	LG15	22012140
20568	0.0074	LG15	22021243
20649	0.0174	LG15	22198330
3849	0.0102	LG15	22242308
6658	0.0535	LG15	22394483
240	-0.0027	LG15	22676655
7193	0.0094	LG15	22684695
10284	5e-04	LG15	22995467
3484	0.0737	LG15	23057730
22789	0.0972	LG15	23061083
9354	0.0411	LG15	23136934
14730	-0.0068	LG15	23235641
12070	0.0032	LG15	23757783
11133	-0.0028	LG15	24264749
13607	0.106	LG15	24471470
20473	0.0034	LG15	24761398
2850	0.0048	LG15	24809063
22794	-0.0051	LG15	24809886
8759	0.0111	LG15	24908542
16966	0.0203	LG15	25007035
25025	0.0207	LG15	25017358
2539	0.0082	LG15	25129974
6526	0.0017	LG15	25143238
12956	0.0609	LG15	25165052
17335	-0.0019	LG15	25184354
12025	0.0011	LG15	25246517
24485	-0.003	LG15	25286539
25199	0.0132	LG15	25487648
21071	0.0275	LG15	25544457
1066	0.0173	LG15	25606927
19391	0.0202	LG15	26295688
142	0.001	LG16	348177
19554	0.1314	LG16	415421
117	-0.0039	LG16	670282
13221	-0.0037	LG16	670370
2029	-0.0064	LG16	1408228
6454	2e-04	LG16	1542135
7227	-0.0068	LG16	2099638
24841	0.0031	LG16	2273141
13352	-0.0017	LG16	2319360
11646	0.1388	LG16	3719647
21633	0.1075	LG16	3885750
22331	-0.0055	LG16	3984059
6315	0.0072	LG16	4018052
19559	0.0179	LG16	4031997
18297	-0.0045	LG16	4251988
22295	0.2347	LG16	4288722
19853	0.0789	LG16	4413742
23511	0.0178	LG16	4694470
3066	0.0033	LG16	5085357
5730	0.0075	LG16	5110535
2844	0.0021	LG16	5617631
3086	-0.0023	LG16	5738820
4841	-0.0049	LG16	6040999
13600	0.0985	LG16	6622274
15752	0.1071	LG16	7650464
22999	0.085	LG16	7683559
8209	0.0417	LG16	8038342
11872	-0.0064	LG16	8113974
23279	0.0424	LG16	8142193
24219	0.2271	LG16	8745678
11843	-0.001	LG16	8907544
20525	-0.0019	LG16	8921702
13083	0.0355	LG16	8943019
6403	0.0061	LG16	8943107
13818	-0.0037	LG16	9080244
13485	-0.0053	LG16	9342132
23099	0.1246	LG16	9663803
17941	0.0172	LG16	9896654
19864	0.4168	LG16	10083819
17046	0.0936	LG16	10104528
13533	0.0171	LG16	10109648
22286	0.0448	LG16	10185157
24284	-0.0044	LG16	10938452
14405	0.0135	LG16	11024455
11234	0.0814	LG16	11625756
23633	-0.0045	LG16	11778376
20742	0.0954	LG16	11890175
19910	-0.0024	LG16	12218491
6970	0.1135	LG16	12280659
9393	0.0229	LG16	12409656
9100	0.0773	LG16	12442275
3338	-0.0068	LG16	12671455
15528	0.1767	LG16	13025420
19146	0.123	LG16	13115937
9162	0.0029	LG16	13623596
13626	0.0613	LG16	13642303
2149	0.0177	LG16	13928206
17255	-0.0039	LG16	14444680
20078	0.048	LG16	14766717
952	-0.0029	LG16	15094047
2997	0.0632	LG16	15198287
11129	0.0476	LG16	15293227
19899	0.0056	LG16	15751143
19735	0.3033	LG16	15806212
11899	0.0823	LG16	16177834
24886	0.1993	LG16	16745561
3331	0.059	LG16	17157144
19739	-0.0073	LG16	17279586
5722	0.0208	LG16	17321653
10414	-0.0048	LG16	17455883
12972	0.0077	LG16	17979586
7571	0.0349	LG16	18094498
25252	-0.0037	LG16	18107414
21376	-0.0038	LG16	18669407
22689	0.0283	LG16	18669495
3827	0.0081	LG16	18742865
9144	0.0469	LG16	19012335
3348	0.0131	LG16	19834425
348	-0.003	LG16	19876759
21107	-0.0054	LG16	20463948
24935	-0.0041	LG16	20705280
20230	0.0407	LG16	20860046
23758	0.0016	LG16	21133818
22657	0.3305	LG16	21317227
391	0.0017	LG16	21523873
23321	0.0609	LG16	21739038
9682	0.0394	LG16	21936621
1596	0.0177	LG16	22145857
6498	-0.0056	LG16	22280826
15165	0.1088	LG16	22293396
11476	-0.0053	LG16	23192284
7450	-0.0049	LG16	23321770
10342	-0.0038	LG16	23334848
3659	-0.0068	LG16	23334936
15235	-0.0023	LG16	23745057
14852	0.0176	LG16	23792477
4192	0.0224	LG16	23885047
7537	0.0124	LG16	24064939
13774	0.0114	LG16	24085921
20399	0	LG16	24136086
20719	-0.0067	LG16	24193447
4242	-0.0045	LG16	24526804
13725	-0.0023	LG16	24533622
2329	0.0342	LG16	24549889
11651	0.0671	LG16	24628805
14006	0.0273	LG16	24742755
13297	-0.0022	LG16	24748163
15168	-0.0026	LG16	24796159
8019	0.0806	LG16	24992183
14719	0.0947	LG16	24993048
12723	-0.0054	LG16	25058738
2118	-0.0015	LG16	25894782
18678	0.0183	LG16	26034933
10232	0.0131	LG16	26051334
16352	-0.0039	LG16	26257743
22719	-7e-04	LG16	26563582
18990	-0.0058	LG16	26741031
23413	0.0327	LG16	26990205
20085	0.0182	LG16	27127755
5176	-0.0058	LG16	27148342
5288	-2e-04	LG16	27216949
8260	0.0075	LG16	27304295
12218	-0.0066	LG16	27383916
5637	0.0166	LG16	27428629
20551	0.0631	LG16	27618250
1738	0.0033	LG16	27755689
4108	0.028	LG16	27795973
6835	-0.006	LG16	27854868
19994	0.0283	LG16	27979524
3865	0.0085	LG16	28094621
19076	-0.0038	LG16	28100272
3488	0.1004	LG16	28100360
17368	-4e-04	LG16	28129391
4032	-0.0037	LG16	28482320
19940	0.0068	LG16	28505558
21905	-0.0041	LG16	28586581
24025	-0.0056	LG16	28685001
4782	0.0708	LG16	29902249
23482	0.0495	LG16	29902337
24586	-0.0018	LG16	30057493
6525	0.0423	LG16	30168231
17480	0.0075	LG16	30396062
19884	-9e-04	LG16	30787223
8746	0.0144	LG16	30888212
13406	0.0244	LG16	30901281
19458	0.0308	LG16	30927774
376	-0.0056	LG17	491060
25129	0.0066	LG17	588319
22813	0.0368	LG17	945052
2327	0.0015	LG17	1002493
9922	0.0289	LG17	1142573
10840	0.0331	LG17	2067492
25139	3e-04	LG17	2245860
13333	0.3525	LG17	2707127
18698	-0.0031	LG17	2748516
3547	0.0421	LG17	4126590
19772	-0.0067	LG17	4161952
2100	0.0016	LG17	4283147
377	0.0024	LG17	4388510
12054	-0.0031	LG17	4393620
18312	0.0195	LG17	4416937
22687	0.028	LG17	4417025
22068	0.4035	LG17	4492434
25297	0.0508	LG17	4720139
23917	-0.0038	LG17	4750806
2648	0.0645	LG17	5506104
14559	0.0122	LG17	5508601
21336	0.0614	LG17	5556158
17325	-0.0061	LG17	6195355
8816	0.0046	LG17	6318548
5973	-0.0055	LG17	6461537
21772	-0.0044	LG17	6468420
14930	-0.0012	LG17	6469854
6467	-0.0064	LG17	6538332
9190	0.0179	LG17	6640394
15887	0.0172	LG17	6752963
13369	-0.005	LG17	6882621
4549	-0.0026	LG17	7290454
4893	-0.0056	LG17	7310048
17436	0.0049	LG17	7310136
1817	-0.002	LG17	7587295
11462	-0.0035	LG17	7614145
24774	0.0804	LG17	7625576
3639	-0.0051	LG17	7633583
14979	0.0382	LG17	8156150
3601	-0.0061	LG17	8319369
3680	0.0094	LG17	8605809
6426	0.0797	LG17	8751324
2082	-0.0044	LG17	8854605
25103	0.0082	LG17	9311094
13196	-0.0056	LG17	9348149
15351	0.0397	LG17	9439339
6533	0.0075	LG17	9465918
9833	0.0226	LG17	10130791
730	-0.0057	LG17	10130879
22084	0.0266	LG17	10466061
23180	-0.0047	LG17	10475862
419	-0.0036	LG17	10517407
11574	0.0214	LG17	10579200
11027	0.0299	LG17	10674849
7869	0.0044	LG17	10688746
17643	0.0051	LG17	10830571
15229	0.0307	LG17	10830659
12120	-0.0048	LG17	11202738
19725	0.0027	LG17	11204349
19885	0.0608	LG17	11215274
4885	0.1639	LG17	11306859
10560	0.0974	LG17	11340830
21851	0.1066	LG17	11697684
12979	-0.0051	LG17	11969763
2491	0.042	LG17	12103417
3939	0.0801	LG17	12450113
7230	-0.007	LG17	13836722
228	0.041	LG17	14007228
17282	0.0199	LG17	14093189
21788	-0.0084	LG17	14129644
9590	0.0158	LG17	14394793
12636	0.0091	LG17	15217183
11337	-0.0044	LG17	15326186
24840	-0.0055	LG17	15615212
3822	-0.0056	LG17	15671266
23493	-0.0044	LG17	16135309
7367	-0.0037	LG17	16378214
1734	0.0088	LG17	16433379
22323	0.2568	LG17	16498976
4097	-0.0052	LG17	16950745
3328	0.02	LG17	16950833
18594	0.0177	LG17	17024401
16880	0.027	LG17	18049624
14045	-0.0058	LG17	18367227
23645	0.0066	LG17	18938718
14727	0.0155	LG17	18986709
24077	0.0201	LG18	153762
15378	0.0059	LG18	153762
13980	0.0034	LG18	153850
20837	0.0625	LG18	599341
6368	0.0558	LG18	599429
23272	-0.004	LG18	1075384
9812	-0.0044	LG18	1096221
8217	-0.0039	LG18	1681718
6604	0.0196	LG18	1703870
11072	-0.0043	LG18	1753151
15571	0.0141	LG18	1896621
15323	0.025	LG18	1928483
9247	-0.0031	LG18	1960035
3120	-0.0012	LG18	1987451
8183	-0.0044	LG18	2018315
6500	0.0046	LG18	2040940
3561	0.1785	LG18	2208393
21596	0.029	LG18	2607432
13304	0.0591	LG18	2998800
12322	0.1223	LG18	3184470
13521	0.0111	LG18	3780258
9640	-0.0067	LG18	3955603
6187	-0.0033	LG18	4274680
22348	0.0175	LG18	4567412
24895	-0.0059	LG18	4762248
6860	0.0138	LG18	4956850
16011	-4e-04	LG18	4992066
3175	-0.0055	LG18	5047498
21482	0.0189	LG18	5106734
12721	-0.0055	LG18	5416711
14268	-0.0021	LG18	5485921
18523	-0.0066	LG18	5958731
9210	-0.0033	LG18	5958819
24400	0.0198	LG18	6018216
22530	0.0238	LG18	6141261
287	-0.0018	LG18	6244277
20500	-0.0031	LG18	6322989
3460	0.0309	LG18	6528272
23727	0.0011	LG18	6540727
4892	0.0276	LG18	6589478
17097	0.044	LG18	6862613
1711	0.021	LG18	6879063
13505	0.023	LG18	7040279
2998	0.0033	LG18	7457147
6230	-0.0058	LG18	7614232
1660	5e-04	LG18	7683702
3825	0.0214	LG18	8102874
5398	0.0166	LG18	8286073
11113	-0.002	LG18	8305419
19141	-0.0058	LG18	8738997
22690	0.0677	LG18	8787872
16933	0.046	LG18	8828592
21647	0.0125	LG18	8914446
12705	0.0633	LG18	9156806
10440	0.0317	LG18	9448091
512	-0.0058	LG18	9558850
17497	0.1686	LG18	9760266
8808	0.0225	LG18	9852172
10139	0.0012	LG18	10073218
6886	-0.0049	LG18	10393365
24089	-0.0058	LG18	11306607
22788	1e-04	LG18	11495314
19537	-8e-04	LG18	11863017
10151	0.0616	LG18	11939298
20928	0.0112	LG18	12055207
13237	0.0053	LG18	12117320
17624	0.0613	LG18	12170837
25511	-0.0012	LG18	12211572
10921	-8e-04	LG18	12320425
22858	-0.0039	LG18	12393921
18534	-0.0041	LG18	12493817
16153	0.1103	LG18	12549315
20424	0.0062	LG18	12678763
6773	0.0177	LG18	13092359
3076	-0.0029	LG18	13129513
18094	-0.0045	LG18	13222722
24062	1e-04	LG18	13591321
11422	-0.0046	LG18	13594708
20624	0.008	LG18	13659026
17837	-0.0024	LG18	13681410
22085	0.0366	LG18	13692097
13104	0.0168	LG18	13752109
6735	0.0044	LG18	13764485
21907	-0.0049	LG18	13803198
23082	0.0065	LG18	13862641
13802	-0.0059	LG18	13884781
7976	0.0035	LG18	13994590
4495	0.0149	LG18	14023647
4508	1e-04	LG18	14305873
15459	-0.0054	LG18	14866493
18579	0.0421	LG18	14957201
6637	-0.0039	LG18	15123738
5539	0.0318	LG18	15263037
20689	0.0475	LG18	15486047
6845	-0.0054	LG18	15567870
1729	0.0121	LG18	16054673
9987	0.0012	LG18	16244437
25187	0.0501	LG18	16918929
23095	-6e-04	LG18	17155554
10761	0.0069	LG18	17229667
25296	-0.0039	LG18	17573131
20997	0.0163	LG18	17575333
19513	0.0068	LG18	17677192
1020	-0.001	LG18	17770636
14765	-0.0058	LG18	17770724
3261	0.0346	LG18	18120527
15248	-0.0046	LG18	18337469
7847	0.1227	LG18	18341285
9097	0.045	LG18	18493608
15185	-0.0054	LG18	18731251
13610	0.0131	LG18	18734658
8606	0.0828	LG18	18859511
19181	0.0097	LG18	18862777
12242	-0.0037	LG18	18874747
24910	-0.0052	LG18	19098051
10595	-0.0057	LG18	19191660
14909	0.0225	LG18	19225818
16931	-0.0029	LG18	19293340
24478	0.0025	LG18	19330205
15207	-0.0061	LG18	19412597
21666	0.0184	LG18	19530417
10760	0.0585	LG18	19613888
23494	0.0081	LG18	19645350
4720	-0.003	LG18	19645438
20517	-0.0024	LG18	19923264
15488	0.0259	LG18	19946164
13338	0.0348	LG18	20235757
13124	-3e-04	LG18	20374201
4176	7e-04	LG18	20408482
21289	-0.006	LG18	20707834
7412	0.0045	LG18	21670328
17875	0.032	LG18	21708197
17165	0.017	LG18	21972144
14174	0.006	LG18	22110953
18149	0.0911	LG18	22171134
6065	0.0749	LG18	22189991
5766	0.05	LG18	22502477
13152	-0.0061	LG18	22541017
11951	-0.0061	LG18	22543425
19630	0.0233	LG19	80778
17552	0.0689	LG19	178221
10620	-0.0061	LG19	1053140
4062	-0.0029	LG19	1676774
3834	-0.0045	LG19	2026203
14371	1e-04	LG19	2649246
2623	-0.006	LG19	2707850
24891	0.0451	LG19	2930447
13501	0.0289	LG19	2930535
7421	0.0181	LG19	3097487
22830	-0.0057	LG19	3310600
13857	0.0099	LG19	3501506
17619	-0.0034	LG19	3547506
9331	-0.0045	LG19	4094309
12294	0.0167	LG19	4553077
7647	-0.0046	LG19	4764986
6492	0.0042	LG19	5269679
5617	0.0102	LG19	5461515
3564	-0.006	LG19	5505825
6677	0.0074	LG19	5644692
14550	-0.0057	LG19	5644780
888	0.0134	LG19	5854828
23618	-0.0041	LG19	7131019
15805	0.0701	LG19	7169435
6563	0.015	LG19	7243278
11222	-0.006	LG19	7639504
21721	0.0206	LG19	7685592
22653	-0.0045	LG19	7855618
768	-0.0058	LG19	7893544
25161	0.0261	LG19	8010194
13856	-0.003	LG19	8072076
18741	0.042	LG19	8595624
12068	0.0276	LG19	9420848
20259	0.0282	LG19	9435515
9168	0.0721	LG19	9468369
8150	-0.0055	LG19	9468457
13908	0.0064	LG19	9585128
2279	0.053	LG19	9742404
25065	0.0183	LG19	9758371
1770	0.0136	LG19	9781979
3186	1e-04	LG19	9805870
6520	-0.0028	LG19	9865843
19241	-0.0063	LG19	10009059
8747	-7e-04	LG19	10319156
17070	0.0488	LG19	11077729
7731	0.0333	LG19	11089861
23368	0.0103	LG19	11098386
22621	-0.0054	LG19	11606651
11564	0.0393	LG19	11774672
13982	0.0168	LG19	11889636
4744	-9e-04	LG19	11917050
14475	0.0206	LG19	12036721
22126	0.1149	LG19	12047075
25624	0.0185	LG19	12075773
19679	0.0821	LG19	12150283
183	0.0082	LG19	12157293
19269	0.0389	LG19	12258877
9326	0.0191	LG19	12260534
7333	-0.0053	LG19	12679218
3061	0.1208	LG19	12728793
23858	0.0032	LG19	12740514
694	-0.0055	LG19	13093143
4536	-0.0052	LG19	13287200
7335	0.035	LG19	13457677
236	0.0759	LG19	13680590
15794	0.0839	LG19	13824086
6408	8e-04	LG19	14198859
17635	0.0392	LG19	14330666
9054	0.0537	LG19	14616405
8690	-0.0043	LG19	14692145
19854	-3e-04	LG19	14775984
3351	0.0436	LG19	15047198
12184	-0.0041	LG19	15296445
5995	0.1192	LG19	15587543
3416	0.0403	LG19	15655291
6248	0.0018	LG19	16037056
22913	-0.0064	LG19	16321589
23432	0.0178	LG19	16382989
20670	0.0047	LG19	16492281
15598	0.0261	LG19	16515016
20444	0.0044	LG19	17407510
6962	0.0046	LG19	17900522
13773	0.0022	LG19	17987535
13693	0.2201	LG19	18386627
22655	0.0757	LG19	18454080
24279	0.0378	LG19	18761611
2709	0.0346	LG19	18872684
16211	0.2051	LG19	18910262
21317	0.0309	LG19	18962587
9002	0.1527	LG19	19069826
21826	0.0198	LG19	19574950
12309	0.0088	LG19	19586926
18804	0.0063	LG19	19636844
19011	0.1781	LG19	19746275
14783	-0.003	LG19	19801598
17128	0.0084	LG19	19855741
11686	0.0218	LG19	20003266
6443	-6e-04	LG19	20268119
10199	0.0264	LG19	20452984
6960	0.0072	LG19	20652306
8204	0.0747	LG19	20764017
18222	0.1123	LG20	58339
22791	3e-04	LG20	406559
22284	-0.0022	LG20	406647
11609	0.1617	LG20	677054
23549	-0.0051	LG20	887076
6333	-0.0044	LG20	1257328
12895	0.0158	LG20	1297463
514	0.0044	LG20	1413400
19731	0.0092	LG20	1842228
14247	-0.0048	LG20	1842713
24158	0.0395	LG20	1953008
9131	0.003	LG20	2330881
23891	0.0133	LG20	2777879
4499	0.0046	LG20	2829965
5562	0.2971	LG20	3274663
25483	0.1571	LG20	3304869
19066	0.2919	LG20	3439763
25009	-0.0031	LG20	3492816
644	0.0111	LG20	4187239
23920	0.0031	LG20	4206449
20186	0.0016	LG20	4366727
12277	0.0198	LG20	4368395
6279	-0.0032	LG20	4903810
3900	0.0081	LG20	4903898
579	-0.0063	LG20	5032562
23026	7e-04	LG20	5077173
425	0.0043	LG20	5151213
5116	0.0026	LG20	5151301
4172	-0.0039	LG20	5165816
19061	0.0551	LG20	5261601
20372	0.004	LG20	5687024
1452	0.017	LG20	5697820
14049	6e-04	LG20	5750166
15251	0.1215	LG20	5763678
10530	0.0122	LG20	5796135
9565	0.0478	LG20	6360309
18733	0.0392	LG20	6483720
18641	-0.006	LG20	6528477
1323	-0.0041	LG20	6539707
10711	-0.0025	LG20	6584996
1285	-0.0058	LG20	6673367
10529	0.015	LG20	6701710
15808	0.0114	LG20	6786084
9726	0.021	LG20	6963568
16812	0.0424	LG20	7395212
8915	0.0034	LG20	7955725
12432	0.1579	LG20	8137103
21762	-0.005	LG20	8139735
15066	-8e-04	LG20	8309667
9855	0.0587	LG20	8445572
769	0.0187	LG20	8455617
2880	0.0734	LG20	8455705
4066	0.0121	LG20	8942881
12693	0.004	LG20	8995759
16458	0.1285	LG20	9073013
3405	0.0878	LG20	9196469
12320	0.0562	LG20	9208037
3019	0.0202	LG20	9261701
12520	0.0192	LG20	9309314
24	0.2176	LG20	9392547
19541	0.0018	LG20	9594475
5654	0.2023	LG20	10038052
10732	-0.0038	LG20	10708777
11146	0.0596	LG20	10708865
15373	0.016	LG20	10902738
8534	0.0137	LG20	10902826
54	0.0425	LG20	10911887
12479	-0.0048	LG20	11076403
6576	-0.0056	LG20	11159306
14803	0.0555	LG20	11246237
21097	0.0111	LG20	11746796
20859	0.0195	LG20	12055040
22336	-0.0031	LG20	12477427
1469	0.0106	LG20	12562983
18793	0.0271	LG20	12594969
15531	0.1851	LG20	13226742
22001	0.0086	LG20	13259719
8873	-0.0039	LG20	13387010
3138	0.194	LG20	13442555
5155	0.0449	LG20	13444345
19758	0.039	LG20	13703430
1229	0.0438	LG20	13703518
18306	0.0866	LG20	14082430
23331	0.0962	LG20	14544825
2417	0.2611	LG20	14555094
21100	0.0504	LG20	15135577
14311	0.0203	LG20	15345806
9008	0.012	LG20	15722835
10160	0.052	LG20	15783678
24005	0.0593	LG20	16265452
6947	0.0082	LG20	16306049
24646	-0.0047	LG20	16366408
19304	0.0033	LG20	16370657
25052	0.0809	LG20	16846288
7992	0.0177	LG20	17181919
18770	0.0407	LG20	17297175
10836	-0.0019	LG20	17324031
9274	0.0013	LG20	17339015
13399	-0.0071	LG20	18123036
9085	0.0633	LG20	18816719
22423	0.0176	LG20	19010849
23520	0.1391	LG20	19109947
19528	-0.0056	LG20	19494671
18760	0.0099	LG20	19627592
5148	-0.0023	LG20	19627680
20239	0.099	LG20	19669429
18703	-0.0067	LG20	19712595
18142	0.0058	LG20	19914321
21748	0.0039	LG20	20065316
22761	0.0109	LG20	20067363
1254	-0.0026	LG20	20099558
15639	1e-04	LG20	20518802
1092	-1e-04	LG20	20701546
14764	-4e-04	LG20	20813925
4766	0.1281	LG20	21148698
14236	-0.0011	LG20	21758312
9970	0.0569	LG20	21800201
594	-0.0056	LG20	21987431
15293	0.0154	LG20	22046387
7127	0.0843	LG20	22112286
13641	0.0457	LG20	22149764
9355	0.0071	LG20	22453977
3023	0.045	LG20	23059969
20612	0.0635	LG20	23244756
18835	0.051	LG20	23406232
11889	-0.0045	LG20	23418653
9218	0.0331	LG20	23516462
15667	0.004	LG20	23656667
11580	0.0122	LG20	23814200
10738	0.0334	LG20	24076299
4911	-0.0073	LG20	24092274
20336	0.0363	LG21	1739622
23364	-0.0024	LG21	1951878
17149	0.1691	LG21	2315611
14912	0.0187	LG21	2599462
17237	-0.0029	LG21	2997516
4541	-0.0061	LG21	3250882
20543	-0.0065	LG21	3250970
3420	-0.0014	LG21	3313349
1911	0.2221	LG21	3578040
20795	0.069	LG21	3588758
19	0.017	LG21	4032093
8471	6e-04	LG21	4831712
21996	0.0063	LG21	4890359
9134	7e-04	LG21	5010586
8514	-5e-04	LG21	5112341
18063	0.0228	LG21	5119377
11443	0.0206	LG21	5151457
24292	0.0093	LG21	5281194
15306	6e-04	LG21	5307455
8026	-0.0045	LG21	5322559
17350	0.0846	LG21	5322647
7789	0.1228	LG21	5373123
4570	-0.0057	LG21	5426321
20532	0.0011	LG21	5502111
3797	0.0389	LG21	5722754
3303	-4e-04	LG21	6035264
14213	0.0381	LG21	6057118
6988	0.0403	LG21	6125777
14741	0.023	LG21	6153416
24471	0.023	LG21	6153504
24454	-6e-04	LG21	6228229
10226	0.093	LG21	6811994
24510	-0.0045	LG21	7237527
5765	0.1625	LG21	7389806
3000	0.0102	LG21	7459198
10552	-0.003	LG21	7506255
16963	0.0194	LG21	7542984
16	0.0149	LG21	7743712
15039	-0.0053	LG21	7743800
10576	-0.0053	LG21	8043328
2694	0.0055	LG21	8442668
19138	0.0507	LG21	8586005
12775	-0.0041	LG21	8664788
700	0.0207	LG21	9085847
4214	0.0112	LG21	9121607
2677	0.0168	LG21	9477851
25205	0.0382	LG21	9534400
463	0.042	LG21	9638567
24309	-0.0042	LG21	9666423
21559	0.0362	LG21	9696329
4207	0.013	LG21	9732870
25322	-0.0057	LG21	9733879
17254	0.0587	LG21	9839979
805	0.0082	LG21	9856598
19022	0.0246	LG21	9959989
6028	0.1881	LG21	10135672
2135	0.0149	LG21	10135760
9852	-0.0062	LG21	10137258
10441	-0.0048	LG21	10658867
9865	0.0776	LG21	10935303
3902	-0.0067	LG21	11188757
7315	0.0849	LG21	11456566
18476	0.0175	LG21	11674406
24994	-0.0034	LG21	12031059
3501	0.0327	LG21	12112127
8831	0.0115	LG21	12302764
1933	-0.0062	LG21	12444588
3298	-0.0029	LG21	12713994
24433	0.0135	LG21	13109523
10501	0.0628	LG21	13147913
3342	0.0467	LG21	13232316
8979	-0.004	LG21	13555372
24980	0.0116	LG21	14333627
10953	0.017	LG21	14345198
612	0.018	LG21	15008260
18047	0.0312	LG21	15162360
4100	-0.0051	LG21	15218089
1503	-0.0015	LG21	15279223
4036	0.0511	LG21	15316907
13552	0.0097	LG21	15321811
19821	6e-04	LG21	15631628
20688	0.0187	LG21	15905567
18512	0.0178	LG21	15913059
6085	0.0588	LG21	15957906
17523	0.0356	LG21	16251869
3867	-0.0065	LG21	16251957
15526	0.0293	LG21	16277340
93	0.0419	LG21	16435657
9192	9e-04	LG21	16443926
23626	-0.0055	LG21	16886724
23252	-0.0047	LG21	16931771
7688	0.1521	LG21	17537300
6314	-0.0044	LG21	17634614
10785	0.0343	LG21	17775041
12506	-0.0049	LG21	17973510
3	0.0046	LG21	18027708
12430	0.0064	LG21	18156381
9766	0.0036	LG21	18252963
23590	0.1241	LG21	18263949
8409	0.0406	LG21	18330944
4148	-0.0059	LG21	18381376
3622	-0.0041	LG21	18382081
19039	-0.006	LG21	18411991
2601	0.0661	LG21	19584532
7988	0.0512	LG21	19601801
7703	-0.0025	LG21	19625156
2261	0.0121	LG21	19768537
3855	-0.0045	LG21	19913962
17578	0.0781	LG21	19954312
19650	0.2167	LG21	20367923
16059	-0.0042	LG21	20400508
21833	0.1839	LG21	20406551
17860	0.0547	LG21	20577949
14902	0.0471	LG21	20674646
19666	0.0564	LG21	20790620
14221	0.1215	LG21	20827935
2366	0.014	LG21	21010013
18581	0.0138	LG21	21143845
3043	0.0174	LG21	21161935
12049	4e-04	LG21	21822616
21920	0.0127	LG21	21956905
16615	0.0171	LG21	22174957
12255	0.0206	LG21	22222499
9323	0.0176	LG21	22259790
21558	0.0162	LG21	22420803
2762	-0.003	LG22	122447
16563	0.017	LG22	138954
14698	0.0956	LG22	405760
25554	0.0603	LG22	544732
18398	0.014	LG22	1046541
23429	0.0112	LG22	1779035
11851	0.0405	LG22	2223692
12449	0.0516	LG22	2223781
160	1e-04	LG22	2265503
19384	0.0138	LG22	2473590
15948	0.0053	LG22	2521856
9184	-0.0033	LG22	2675465
18704	-0.0069	LG22	2749624
3780	-0.0052	LG22	2810555
951	-0.0023	LG22	3422278
10150	0.0572	LG22	3525998
23351	-0.0068	LG22	3637554
24664	-3e-04	LG22	3891485
18318	0.0136	LG22	3971952
15841	0.0709	LG22	4037240
23950	0.0887	LG22	4037329
11469	0.0048	LG22	4116742
6318	0.0185	LG22	4155074
18108	0.0176	LG22	4261822
6617	0.0216	LG22	4318361
6388	-0.0047	LG22	4388180
23060	-0.005	LG22	4424955
17512	0.0386	LG22	4444450
15098	-0.0047	LG22	4547122
5016	0.0542	LG22	4547210
22905	-0.0026	LG22	4615278
18331	0.0389	LG22	4794432
16037	0.014	LG22	4808953
13608	0.1146	LG22	4982979
1590	0.0015	LG22	5312405
5516	0.0375	LG22	5381422
6306	-0.003	LG22	5816842
23152	0.0259	LG22	6027789
613	-0.0049	LG22	6028173
21924	0.0465	LG22	6202798
1294	0.0363	LG22	6705225
21084	0.0437	LG22	7012706
20242	-0.0039	LG22	7133742
21106	0.096	LG22	7620118
14466	0.001	LG22	7681962
2950	-0.0061	LG22	7744666
6802	0.1376	LG22	7924236
23922	0.0079	LG22	8131824
4458	0.082	LG22	8231118
14269	0.0395	LG22	8484813
13712	0.0013	LG22	8763501
22445	-0.006	LG22	8819750
24742	0.0059	LG22	8820938
4174	0.017	LG22	9047081
4081	-0.0055	LG22	9230244
17004	0.1717	LG22	9292673
20082	7e-04	LG22	10123107
6983	0.1076	LG22	10201369
3413	0.0459	LG22	10670043
25162	0.0667	LG22	10693061
19286	0.0169	LG22	10702229
20462	0.0061	LG22	10749043
22899	0.352	LG22	10850682
24986	-0.0028	LG22	10906649
23627	-0.0045	LG22	11043718
22022	-0.0014	LG22	11180967
22061	0	LG22	11222389
21537	-0.0043	LG22	11444989
1739	0.0387	LG22	11675953
1253	0.0827	LG22	11919118
23361	-0.0044	LG22	12129202
23721	-0.004	LG22	12306044
13934	0.0065	LG22	12595462
792	0.0099	LG22	13579970
6565	0.0654	LG22	13653995
17600	0.0105	LG22	13696297
13531	-0.005	LG22	14090530
14592	-0.0065	LG22	14345474
9610	0.0115	LG22	14641840
12762	0.0165	LG22	14755659
7205	0.1361	LG22	14969164
5030	0.0351	LG22	15046804
4440	0.0778	LG22	15103048
20835	0.0158	LG22	15230255
8056	0.0987	LG22	15240992
7206	0.0675	LG22	16046449
22349	-0.0015	LG22	16115335
5035	0.0171	LG22	16170968
21060	0.0303	LG22	16224007
2554	0.0159	LG22	16243903
23115	0.002	LG22	16243903
1349	-0.0053	LG22	16461504
6989	0.0897	LG22	16484663
2718	0.1735	LG22	16526905
9705	0.0974	LG22	16598331
10316	0.0199	LG22	16614805
21671	0.0015	LG22	16784220
1889	0.0177	LG22	17138763
9347	-0.0057	LG22	17143940
19502	0.0021	LG22	17169193
7583	0.0236	LG22	17211593
11144	0.0029	LG22	17277163
17615	0.0029	LG22	17373299
16393	0.0092	LG22	17716788
10134	0.0183	LG22	18177595
1629	-0.0047	LG22	18697916
11611	0.0393	LG22	18943071
8484	3e-04	LG22	19029332
525	0.0031	LG22	19123984
3196	0.0625	LG22	19156479
12937	-0.0027	LG22	19236552
11537	0.0403	LG22	19413456
24734	0.0017	LG22	19495640
6913	0.0281	LG22	19647984
12711	0.0868	LG22	19701486
4759	0.0125	LG22	19809786
647	0.0396	LG22	19872092
22364	0.0258	LG22	19950094
20374	0.0221	LG22	19950182
9275	0.0229	LG22	20046047
5813	-0.0054	LG22	20191001
8289	0.0965	LG22	20459822
14296	0.0077	LG22	20639374
13379	0.0405	LG22	21235782
4539	0.1043	LG23	192827
24979	0.084	LG23	246818
2382	0.0147	LG23	570487
22328	0.0506	LG23	688488
1939	0.034	LG23	947149
20486	-5e-04	LG23	1216584
22386	0.0393	LG23	1332557
16861	-0.0061	LG23	1366855
22992	0.0222	LG23	1481588
17461	-0.0055	LG23	1562639
5776	0.0029	LG23	1598146
22242	0.0816	LG23	1656399
3499	0.0374	LG23	1731017
14115	0.0369	LG23	1801745
23608	0.024	LG23	2056660
2309	3e-04	LG23	2794005
2498	0.0268	LG23	2830661
14710	0.0174	LG23	3145700
6816	0.0047	LG23	3208908
4332	-0.006	LG23	3521287
12568	0.024	LG23	3548982
16418	0.0175	LG23	3906293
14305	0.0019	LG23	4802793
9492	-0.0045	LG23	4941457
8554	0.024	LG23	4965463
5744	-0.0055	LG23	5048977
5431	0.0871	LG23	5415195
22842	-0.0061	LG23	5489707
5859	-0.0057	LG23	5934977
15780	-0.007	LG23	5975215
16790	0.0073	LG23	6321701
24136	0.0508	LG23	6885062
17917	0.0076	LG23	6910701
13656	-0.0068	LG23	6939776
11343	0.0376	LG23	6939864
11211	0.0234	LG23	7329873
8936	8e-04	LG23	7449359
13253	0.1413	LG23	7729126
13756	0.0998	LG23	7751151
5633	0.0207	LG23	7996770
17892	0.0748	LG23	8025224
630	0.0964	LG23	8025312
24265	-0.0051	LG23	8127529
12886	0.0554	LG23	8197999
10928	-0.0053	LG23	8351205
392	0.0143	LG23	8351293
14913	-0.0029	LG23	8352641
6080	0.0395	LG23	8352729
25016	0.0275	LG23	8661380
13432	-0.0041	LG23	8664423
15122	-5e-04	LG23	8708221
15171	0.0701	LG23	9283213
7627	-0.0059	LG23	9303595
5538	0.027	LG23	9616094
16231	0.0748	LG23	9724724
16517	0.0915	LG23	9899809
11675	0.0104	LG23	9980807
5662	0.0087	LG23	10116938
6846	0.0174	LG23	10359919
16180	-0.0039	LG23	10509126
7216	0.0012	LG23	11281788
16098	-0.0083	LG23	11428544
13620	-0.004	LG23	11685815
24232	0.0097	LG23	11789069
10598	0.0324	LG23	11912700
899	-0.0048	LG23	11912788
23426	0.0815	LG23	12507419
12555	0.0627	LG23	12601838
1407	-0.0044	LG23	12976106
15958	0.18	LG23	12977353
25035	-0.005	LG23	13028725
16748	0.0254	LG23	13575352
19768	0.0096	LG23	13992374
13650	0.0102	LG23	14136677
2603	0.0086	LG23	14392966
18938	-0.0045	LG23	14589392
3238	0.0032	LG23	14600916
11761	0.0996	LG23	14775625
21863	0.3075	LG23	14840096
739	0.0189	LG23	14881136
13462	0.0284	LG23	14995379
5310	-0.0021	LG23	15000836
8907	0.0403	LG23	15164927
25588	0.0258	LG23	15469782
2251	-0.0044	LG23	15597949
3814	0.0435	LG23	16003346
14491	0.0073	LG23	16153727
12600	0.0263	LG23	16671202
941	0.1803	LG23	16779334
16865	0.0174	LG23	16865370
10498	0.138	LG23	16901532
23991	0.103	LG23	17085654
11336	-0.0051	LG23	17114644
2985	5e-04	LG23	17166837
671	-0.0057	LG23	17377949
16902	0.0649	LG23	17396584
21798	0.0064	LG23	17398726
12615	0.0174	LG23	17463133
5201	0.0552	LG23	17880932
5227	-0.0048	LG23	17985491
8149	0.0796	LG23	18211048
16654	0.0242	LG23	18467308
9941	0.039	LG23	18507418
7620	0.0192	LG23	18579738
7283	0.0799	LG23	18658490
12758	-0.0058	LG23	18804744
10675	0.0075	LG23	19071795
23124	0.1258	LG23	19544808
16157	0.0241	LG23	19649645
23156	0.0185	LG23	19718731
20083	0.0018	LG23	19876950
15560	-0.003	LG23	19944389
14591	0.0023	LG23	20521916
4285	-7e-04	LG23	20615542
17971	0.1365	LG23	20868446
10514	-0.003	LG23	21207956
6329	-0.004	LG23	21886964
12559	6e-04	LG23	21947173
10445	0.0106	LG23	22081947
962	-0.0028	LG23	22332615
13523	0.0363	LG23	22378811
17899	-0.0048	LG23	22636068
10820	0.0056	LG23	22823800
22923	0.0752	LG23	22909679
7754	0.0572	LG23	22966482
