VCF_Index	Locus	Pvalue	Qvalue	sq.M.dist
9	75_48	0.0019782351871927	0.0721561284528538	17.4348970044364
161	1345_80	0.0012881535104185	0.0606291732303545	18.6363152039363
303	2947_63	0.00146603506512379	0.06385407087848	18.274060656468
335	3226_52	7.03896618857399e-10	1.02698516691295e-06	59.0196534447124
350	3341_58	0.00187124451959179	0.070003737284216	17.590610901595
507	4599_66	2.09785640815828e-05	0.00347004373629929	30.1674341780582
519	4715_87	0.00177283636255121	0.0680675856042687	17.7419044267277
521	4734_49	0.000571608938450544	0.0347490600499726	20.9117812817246
537	4856_76	0.00132976939230387	0.0606291732303545	18.5472700105346
630	5707_76	1.10340104162576e-05	0.00251325875707003	31.9668332384738
704	6432_60	1.81374519868761e-06	0.00075280585404261	37.0234544896636
705	6441_39	5.89411162261974e-05	0.00859950885740221	27.2743714833651
778	7000_73	0.000540087414281836	0.0343443554862482	21.0706392857638
808	7241_88	0.000158448389856693	0.0165125857714939	24.5049462867976
842	7509_89	0.000201818229075866	0.0181019128049178	23.8273880091752
975	8586_81	0.00148803180936828	0.06385407087848	18.2323528110412
981	8671_85	0.00161322561797212	0.0671455129105302	18.0061214749346
1038	9211_65	0.00259957975301669	0.0882043455732871	16.6699446567658
1132	10012_73	2.14053417592142e-05	0.00347004373629929	30.1110331469081
1208	10706_34	0.00245857780966625	0.0854063101024539	16.8261216013862
1228	10913_90	0.000448651055801203	0.0311705662101883	21.5900989102044
1326	11741_72	2.0638954188968e-06	0.00075280585404261	36.6616211915774
1363	11990_79	0.0017099943337167	0.0674292360241261	17.842977766586
1387	12233_73	0.00216926922384602	0.0771942389656425	17.1767286857015
1450	12779_65	0.000992250364511864	0.0517033314936718	19.3672268714649
1513	13286_89	9.79332440914768e-05	0.0119070502607887	25.8524057099873
1529	13411_68	7.14928640701851e-05	0.00948255351621819	26.7337029605401
1614	14236_41	0.000541412046733179	0.0343443554862482	21.0637790199122
1627	14344_32	0.000426495008925634	0.0311705662101883	21.7319315511218
1646	14514_84	9.59477692904632e-06	0.00251325875707003	32.3582463330001
1651	14554_78	0.00131955068063475	0.0606291732303545	18.5688740775011
1732	15274_32	0.000113273523458897	0.0127127746712716	25.4448729548684
1885	16650_83	0.000298298944880655	0.0241787866989375	22.7331369321585
1895	16752_43	0.000442079320310544	0.0311705662101883	21.6314239554679
2079	18478_77	0.000889573648621304	0.0480699241977216	19.6731386070343
2145	19081_57	0.00165677756324817	0.0671455129105302	17.9315184032006
2237	20078_54	0.00021092016290857	0.0181019128049178	23.7038499232654
2308	20705_78	1.20581297460522e-05	0.00251325875707003	31.7182665085391
2342	21148_90	0.000826045126980404	0.0463538400101696	19.8806386646915
2363	25323_87	0.00117922182007526	0.0593270563962003	18.883757007596
2487	22637_61	0.000209855613808543	0.0181019128049178	23.7180205004253
2522	22918_71	0.00076483148753144	0.0446355656123348	20.0962630222547
2758	24940_51	2.09625140719137e-07	0.00015292154015461	43.0665370525279
