10015	0.318114874816
10139	0.39322533137
10158	0.40206185567
10260	0.337260677467
10288	0.435935198822
10289	0.458026509573
1030	0.310751104566
10394	0.624447717231
1043	0.9911634757
10455	0.555228276878
10494	0.59204712813
10496	0.524300441826
10549	0.60677466863
1058	0.584683357879
10619	0.463917525773
10637	0.301914580265
10640	0.465390279823
10645	0.574374079529
10648	0.864506627393
10662	0.328424153166
10681	0.540500736377
10715	0.416789396171
10817	0.375552282769
10855	0.986745213549
10891	0.332842415317
10987	0.494845360825
11047	0.316642120766
11052	0.814432989691
11079	0.690721649485
11093	0.458026509573
11187	0.512518409426
11217	0.312223858616
11226	0.518409425626
11233	0.465390279823
11329	0.435935198822
11334	0.562592047128
11347	0.40353460972
11420	0.949926362297
11424	0.350515463918
11434	0.574374079529
1155	0.428571428571
11593	0.539027982327
11632	0.536082474227
117	0.378497790869
11726	0.9970544919
11728	0.338733431517
11815	0.304860088365
11828	0.449189985272
1190	0.456553755523
11953	0.558173784978
11961	0.543446244477
12010	0.499263622975
12024	0.546391752577
12049	0.303387334315
12177	0.458026509573
1218	0.366715758468
12195	0.625920471281
12201	0.307805596465
12203	0.969072164948
12236	0.531664212077
12312	0.980854197349
12391	0.486008836524
124	0.536082474227
12479	0.341678939617
12492	0.985272459499
12495	0.549337260677
12505	0.334315169367
12544	0.347569955817
12553	0.547864506627
12564	0.328424153166
12600	0.325478645066
12614	0.960235640648
12674	0.419734904271
12677	0.335787923417
12686	0.334315169367
12703	0.499263622975
12707	0.99558173785
12762	0.377025036819
12879	0.518409425626
12909	0.452135493373
12935	0.316642120766
12997	0.960235640648
13010	0.319587628866
13022	0.829160530191
13102	0.341678939617
13121	0.528718703976
13270	0.544918998527
13276	0.322533136966
13286	0.79086892489
13297	0.331369661267
13318	0.335787923417
13560	0.360824742268
13564	0.817378497791
13625	0.503681885125
13668	0.511045655376
13700	0.549337260677
13726	0.577319587629
13741	0.324005891016
13833	0.40942562592
13864	0.541973490427
13865	0.60088365243
13872	0.319587628866
1389	0.497790868925
13908	0.374079528719
13930	0.466863033873
13932	0.488954344624
14013	0.490427098675
14040	0.372606774669
14068	0.462444771723
14131	0.927835051546
14139	0.540500736377
14140	0.306332842415
14204	0.99558173785
14287	0.39911634757
1444	0.509572901325
14471	0.547864506627
14514	0.328424153166
14530	0.527245949926
14551	0.620029455081
14565	0.99852724595
14567	0.611192930781
14627	0.558173784978
14635	0.334315169367
14648	0.885125184094
14661	0.306332842415
1467	0.481590574374
14672	0.39027982327
14698	0.301914580265
14819	0.540500736377
14903	0.40500736377
14964	0.347569955817
14983	0.40353460972
15081	0.366715758468
1528	0.553755522828
15308	0.301914580265
15359	0.500736377025
15360	0.431516936672
1538	0.941089837997
15388	0.9941089838
15398	0.329896907216
15446	0.304860088365
15488	0.328424153166
15498	0.99558173785
15567	0.315169366716
15575	0.374079528719
15600	0.911634756996
15620	0.300441826215
15624	0.571428571429
15696	0.40206185567
1576	0.559646539028
15788	0.99852724595
15838	0.536082474227
15861	0.505154639175
159	0.558173784978
15916	0.611192930781
15930	0.360824742268
15933	0.338733431517
1595	0.356406480118
16014	0.655375552283
16025	0.587628865979
16057	0.99263622975
16076	0.430044182622
16106	0.413843888071
16107	0.39469808542
16119	0.315169366716
16123	0.519882179676
16160	0.9911634757
16165	0.374079528719
16182	0.524300441826
16190	0.326951399116
16234	0.540500736377
16338	0.537555228277
16349	0.584683357879
16406	0.533136966127
16415	0.332842415317
16424	0.99263622975
16454	0.571428571429
16528	0.569955817378
16535	0.40058910162
16540	0.574374079529
16697	0.40058910162
16714	0.434462444772
16873	0.326951399116
16892	0.59646539028
16904	0.353460972018
16996	0.564064801178
17001	0.369661266568
17063	0.324005891016
17082	0.99558173785
17101	0.543446244477
17108	0.384388807069
17168	0.946980854197
1718	0.363770250368
17222	0.381443298969
17278	0.584683357879
17283	0.356406480118
17288	0.849779086892
17293	0.301914580265
1732	0.362297496318
17406	0.322533136966
17413	0.516936671576
17423	0.558173784978
17430	0.546391752577
17437	0.534609720177
17465	0.519882179676
17499	0.303387334315
17507	0.502209131075
17547	0.536082474227
17558	0.550810014728
17573	0.447717231222
17609	0.377025036819
17615	0.876288659794
17645	0.512518409426
17648	0.572901325479
17743	0.341678939617
17808	0.382916053019
17878	0.416789396171
179	0.546391752577
17907	0.648011782032
17910	0.648011782032
17964	0.617083946981
1797	0.512518409426
1802	0.568483063328
18062	0.418262150221
18149	0.942562592047
18212	0.300441826215
18249	0.321060382916
18279	0.331369661267
18330	0.421207658321
18333	0.562592047128
18369	0.572901325479
1837	0.363770250368
18431	0.343151693667
18497	0.325478645066
18499	0.59351988218
18575	0.463917525773
18751	0.534609720177
18787	0.989690721649
18823	0.960235640648
1885	0.583210603829
18858	0.490427098675
18866	0.300441826215
18885	0.99852724595
18989	0.574374079529
19074	0.309278350515
19143	0.347569955817
19165	0.40500736377
19175	0.421207658321
19187	0.561119293078
19189	0.530191458027
19197	0.460972017673
19208	0.362297496318
19218	0.565537555228
19224	0.365243004418
19237	0.989690721649
1930	0.537555228277
19331	0.321060382916
19337	0.577319587629
1935	0.480117820324
19373	0.99263622975
19381	0.621502209131
19391	0.424153166421
19495	0.966126656848
19505	0.306332842415
19513	0.375552282769
19526	0.944035346097
1957	0.79234167894
19579	0.578792341679
19588	0.558173784978
19593	0.491899852725
19596	0.412371134021
19659	0.40648011782
19663	0.550810014728
19711	0.39027982327
19751	0.318114874816
19793	0.379970544919
19797	0.312223858616
19868	0.59499263623
19900	0.9970544919
20037	0.572901325479
20075	0.552282768778
20163	0.303387334315
20181	0.309278350515
20184	0.555228276878
20194	0.313696612666
20227	0.421207658321
20294	0.572901325479
20394	0.40942562592
20436	0.463917525773
20554	0.537555228277
20678	0.581737849779
20740	0.356406480118
20748	0.310751104566
20753	0.879234167894
2078	0.569955817378
20788	0.612665684831
208	0.567010309278
20802	0.580265095729
20834	0.486008836524
20837	0.40206185567
20880	0.40353460972
20897	0.410898379971
20907	0.572901325479
20910	0.930780559647
20911	0.322533136966
20918	0.40500736377
20962	0.525773195876
21060	0.435935198822
2108	0.586156111929
21111	0.584683357879
21261	0.515463917526
21283	0.544918998527
21335	0.303387334315
21360	0.329896907216
21410	0.363770250368
21419	0.319587628866
21439	0.539027982327
21448	0.668630338733
21478	0.521354933726
21529	0.349042709867
21566	0.375552282769
21588	0.550810014728
21591	0.945508100147
21594	0.544918998527
21598	0.631811487482
216	0.527245949926
21625	0.954344624448
21627	0.558173784978
21681	0.316642120766
21688	0.9970544919
21690	0.615611192931
21696	0.552282768778
21706	0.427098674521
21721	0.979381443299
21741	0.477172312224
21755	0.60824742268
21785	0.312223858616
21787	0.620029455081
21797	0.444771723122
21823	0.483063328424
21838	0.536082474227
21853	0.575846833579
21873	0.577319587629
21898	0.306332842415
21954	0.344624447717
21966	0.468335787923
21999	0.979381443299
22038	0.350515463918
22060	0.587628865979
22092	0.378497790869
22101	0.553755522828
22128	0.553755522828
2214	0.572901325479
22155	0.480117820324
22197	0.415316642121
22207	0.318114874816
22214	0.565537555228
22228	0.653902798233
22335	0.493372606775
22395	0.388807069219
22426	0.354933726068
22429	0.447717231222
22438	0.528718703976
22565	0.518409425626
22672	0.421207658321
22704	0.312223858616
22721	0.316642120766
22733	0.379970544919
22737	0.430044182622
2275	0.312223858616
22823	0.537555228277
22835	0.455081001473
22964	0.332842415317
23016	0.412371134021
23031	0.307805596465
23037	0.561119293078
23052	0.413843888071
23104	0.957290132548
23128	0.543446244477
23186	0.384388807069
23234	0.453608247423
23246	0.486008836524
23265	0.310751104566
23322	0.60824742268
23348	0.424153166421
23358	0.60530191458
2338	0.59204712813
23415	0.59057437408
2343	0.540500736377
23459	0.60530191458
23461	0.309278350515
23495	0.309278350515
23499	0.332842415317
23516	0.527245949926
23544	0.983799705449
23596	0.60088365243
23598	0.980854197349
2366	0.9941089838
23663	0.494845360825
23664	0.39911634757
23708	0.524300441826
2374	0.486008836524
23751	0.531664212077
23758	0.9941089838
23771	0.636229749632
23867	0.9970544919
23887	0.571428571429
23921	0.450662739323
23942	0.565537555228
24	0.717231222386
24078	0.413843888071
24100	0.952871870398
24110	0.618556701031
24268	0.550810014728
24278	0.374079528719
24303	0.650957290133
24361	0.326951399116
24393	0.475699558174
24402	0.347569955817
24422	0.571428571429
24468	0.586156111929
24472	0.525773195876
24493	0.378497790869
24538	0.444771723122
24547	0.867452135493
24573	0.425625920471
2460	0.533136966127
24604	0.328424153166
24616	0.550810014728
2462	0.335787923417
2465	0.328424153166
2466	0.527245949926
2467	0.521354933726
24685	0.908689248895
24738	0.488954344624
24834	0.350515463918
24951	0.661266568483
24961	0.540500736377
24965	0.979381443299
24987	0.957290132548
25068	0.524300441826
25083	0.421207658321
25135	0.331369661267
25139	0.938144329897
25143	0.957290132548
25149	0.534609720177
25173	0.561119293078
25219	0.412371134021
2524	0.553755522828
25292	0.637702503682
25322	0.384388807069
25364	0.421207658321
25384	0.416789396171
25401	0.60824742268
25448	0.362297496318
25464	0.612665684831
25476	0.458026509573
25484	0.340206185567
25497	0.668630338733
25581	0.349042709867
25588	0.343151693667
25590	0.306332842415
25599	0.519882179676
25603	0.332842415317
25606	0.549337260677
25629	0.468335787923
2589	0.553755522828
2600	0.59499263623
2602	0.575846833579
265	0.368188512518
2651	0.374079528719
2719	0.39175257732
2727	0.556701030928
276	0.519882179676
2785	0.421207658321
2810	0.942562592047
288	0.980854197349
2928	0.328424153166
2966	0.989690721649
2967	0.359351988218
302	0.537555228277
3028	0.549337260677
3045	0.549337260677
3051	0.455081001473
3058	0.630338733432
3185	0.618556701031
330	0.435935198822
3315	0.338733431517
3365	0.328424153166
3367	0.541973490427
3381	0.832106038292
3425	0.530191458027
349	0.506627393225
3490	0.631811487482
3612	0.324005891016
3643	0.568483063328
3728	0.356406480118
3734	0.39617083947
378	0.568483063328
38	0.658321060383
3841	0.312223858616
3845	0.525773195876
3926	0.534609720177
3943	0.549337260677
397	0.667157584683
4041	0.662739322533
4070	0.980854197349
4124	0.572901325479
4155	0.569955817378
4163	0.419734904271
4199	0.321060382916
4242	0.318114874816
4251	0.343151693667
4296	0.379970544919
4304	0.564064801178
4317	0.325478645066
4344	0.360824742268
4360	0.531664212077
4368	0.343151693667
437	0.362297496318
444	0.424153166421
4486	0.438880706922
449	0.908689248895
4503	0.559646539028
4568	0.307805596465
4582	0.350515463918
462	0.39617083947
4677	0.974963181149
4689	0.443298969072
4705	0.378497790869
4714	0.546391752577
4724	0.40206185567
4727	0.39175257732
4778	0.459499263623
4829	0.645066273932
4870	0.528718703976
4879	0.568483063328
4923	0.549337260677
4946	0.556701030928
4957	0.518409425626
4972	0.556701030928
4987	0.899852724595
5016	0.346097201767
5072	0.540500736377
5092	0.541973490427
5096	0.525773195876
512	0.989690721649
5166	0.540500736377
5195	0.431516936672
5272	0.357879234168
532	0.611192930781
5360	0.571428571429
542	0.620029455081
5445	0.584683357879
5452	0.865979381443
5515	0.321060382916
5542	0.684830633284
5555	0.631811487482
5601	0.40500736377
5611	0.655375552283
5621	0.580265095729
5692	0.412371134021
5702	0.357879234168
5725	0.536082474227
5739	0.387334315169
5765	0.309278350515
5801	0.335787923417
5876	0.39764359352
5926	0.614138438881
5952	0.338733431517
5967	0.307805596465
5999	0.446244477172
6057	0.530191458027
6105	0.450662739323
6153	0.547864506627
6160	0.558173784978
6166	0.59941089838
6215	0.572901325479
6228	0.530191458027
6261	0.519882179676
6321	0.516936671576
6332	0.611192930781
6390	0.941089837997
6462	0.983799705449
6504	0.388807069219
6515	0.541973490427
6525	0.9970544919
6558	0.516936671576
6573	0.547864506627
6583	0.300441826215
6671	0.964653902798
6691	0.99558173785
6706	0.860088365243
6719	0.618556701031
6737	0.453608247423
674	0.332842415317
6765	0.384388807069
6804	0.421207658321
6810	0.304860088365
6924	0.949926362297
6993	0.322533136966
7021	0.857142857143
7045	0.80412371134
7192	0.325478645066
72	0.40942562592
7215	0.559646539028
7283	0.304860088365
7450	0.322533136966
7527	0.375552282769
7632	0.39175257732
7672	0.531664212077
7719	0.337260677467
7839	0.443298969072
7863	0.562592047128
792	0.40942562592
7929	0.9970544919
7985	0.347569955817
8075	0.313696612666
817	0.60235640648
8171	0.326951399116
8254	0.664212076583
8274	0.904270986745
8294	0.533136966127
8327	0.39027982327
8334	0.306332842415
837	0.9911634757
8387	0.612665684831
8396	0.368188512518
8398	0.334315169367
8402	0.493372606775
8419	0.540500736377
8423	0.309278350515
8448	0.488954344624
8450	0.874815905744
8508	0.60088365243
8533	0.574374079529
8584	0.329896907216
8593	0.346097201767
8605	0.544918998527
8632	0.354933726068
8661	0.541973490427
8732	0.565537555228
8744	0.39175257732
8765	0.562592047128
8850	0.379970544919
8866	0.427098674521
8931	0.356406480118
9030	0.379970544919
9034	0.328424153166
9050	0.301914580265
9070	0.324005891016
9083	0.369661266568
9109	0.534609720177
9166	0.452135493373
9199	0.516936671576
9202	0.374079528719
9270	0.729013254786
9277	0.547864506627
9429	0.332842415317
9513	0.375552282769
9538	0.9941089838
956	0.509572901325
9577	0.633284241532
9593	0.924889543446
9617	0.552282768778
9633	0.550810014728
9659	0.328424153166
9670	0.543446244477
9701	0.673048600884
9710	0.353460972018
9745	0.60235640648
9748	0.729013254786
9866	0.544918998527
9899	0.340206185567
9908	0.99558173785
9940	0.310751104566
9952	0.611192930781
9957	0.490427098675
