Locus	GE011215_08.1_92bp	NA021015_02.1_92bp	YS_121316_05_92bp	JUK07_06.1_92bp	JB121807_06.1_92bp	JB021108_07.1_92bp	BOR07_19.1_92bp	GEO020414_11_300_92bp	AD06_034	WC05_038	HS04_005	PS12_029	PWS12_134	UP03_018
3	202	202	202	202	202	202	202	202	0	202	202	202	102	202
5	0	0	0	0	0	0	0	0	0	0	0	0	0	0
6	202	202	202	202	202	202	202	202	0	0	202	202	202	202
10	101	101	101	101	101	101	101	101	101	101	101	101	101	101
19	202	202	202	202	202	202	202	202	202	0	202	202	202	202
24	0	0	0	0	0	0	0	0	0	0	0	202	202	202
28	202	202	202	202	202	202	202	202	202	0	202	202	202	202
38	202	202	0	0	202	202	0	202	0	0	0	0	0	0
39	0	0	0	0	0	0	0	101	0	0	0	0	0	0
43	202	202	202	202	202	202	202	202	202	202	202	202	202	202
53	0	0	0	0	0	0	0	0	0	0	0	0	0	0
60	202	202	202	202	202	202	202	202	202	0	202	202	202	202
67	101	101	101	101	101	101	101	101	0	0	101	101	101	101
71	202	202	202	202	202	202	202	202	202	202	202	202	202	202
72	202	202	0	202	202	202	202	202	0	0	0	0	202	0
73	0	0	0	0	0	0	0	0	0	0	0	0	0	0
81	0	0	0	0	0	0	0	0	0	0	0	0	0	0
85	202	202	202	202	202	202	202	202	0	0	202	202	202	202
91	101	101	101	101	101	101	101	101	0	0	102	102	102	102
92	102	101	101	101	102	102	101	101	0	0	202	202	202	202
93	101	102	101	102	101	102	102	202	0	0	101	101	101	101
94	0	0	0	0	0	0	0	0	0	0	0	0	0	0
98	101	101	101	102	101	101	101	101	0	0	101	101	101	101
101	202	102	202	202	202	202	202	202	102	202	102	102	102	102
102	101	101	101	101	101	101	101	101	0	0	101	101	0	101
107	202	202	202	202	202	202	0	102	0	0	202	202	0	202
110	202	202	202	202	202	202	202	202	101	0	101	101	101	101
113	101	101	101	101	101	101	101	101	101	0	101	101	101	101
114	0	0	0	0	0	0	0	0	0	0	0	0	0	0
120	202	202	202	202	202	202	202	202	0	0	202	202	202	202
124	202	202	202	202	202	202	202	202	0	0	0	202	0	0
125	0	0	0	0	0	0	0	0	0	0	0	0	0	0
126	102	202	202	102	102	202	202	202	0	0	202	202	202	202
127	101	101	101	101	101	101	101	101	101	101	101	101	101	101
138	101	101	101	101	101	101	101	101	101	0	101	101	101	101
147	101	101	101	101	101	101	101	101	0	0	102	101	101	101
148	202	202	202	202	202	202	202	202	0	0	0	0	0	0
152	101	101	101	101	101	101	101	101	0	0	101	0	0	0
154	101	101	101	101	101	102	101	102	0	0	101	101	101	101
159	102	102	102	102	102	102	102	102	0	0	0	0	0	0
160	202	202	202	202	202	202	202	202	202	202	202	202	202	202
164	102	102	101	101	102	102	101	101	0	101	101	101	101	101
166	0	0	0	0	0	0	0	0	0	0	0	0	0	0
168	101	101	101	101	101	101	101	101	101	0	101	101	101	101
169	101	101	101	101	101	101	101	101	101	0	101	101	101	101
179	102	101	101	101	101	102	102	101	0	0	0	0	0	0
180	102	102	102	102	102	102	102	102	0	0	102	102	102	102
183	202	102	202	202	202	202	202	102	0	0	202	202	202	202
187	0	202	202	202	202	202	202	202	0	0	202	202	202	202
200	101	101	101	101	102	102	101	101	0	0	101	101	101	101
204	101	101	101	101	101	101	101	101	0	0	101	101	101	101
208	202	202	202	102	202	202	202	202	0	0	0	0	0	0
209	101	101	101	101	101	101	101	101	101	101	101	102	101	101
215	101	101	101	101	101	101	101	101	0	0	101	101	101	101
217	202	202	202	202	202	202	202	202	0	0	202	202	202	202
220	101	101	101	101	101	101	101	101	0	0	0	101	0	0
221	101	101	102	101	101	101	102	102	0	0	101	101	101	102
225	202	202	202	202	202	202	202	202	202	0	202	202	202	202
233	102	0	102	101	202	102	101	101	101	0	101	101	101	101
236	202	102	202	202	101	202	202	202	0	0	202	202	202	202
240	102	102	202	101	202	102	101	202	0	0	101	101	101	101
242	101	101	101	101	101	101	101	101	101	101	101	101	101	101
244	101	101	101	101	101	101	0	101	0	0	101	101	0	101
249	0	0	0	0	0	0	0	0	0	0	0	0	0	0
253	101	101	101	101	101	101	101	101	101	0	101	101	101	101
264	0	0	0	0	0	0	0	0	0	0	0	0	0	0
265	101	0	101	101	101	0	0	101	0	0	101	101	101	102
279	0	0	0	0	0	0	0	0	0	0	0	0	0	0
281	0	0	0	0	0	0	0	0	0	0	0	0	0	0
284	202	202	202	102	202	202	102	202	101	101	101	101	101	101
286	202	202	202	102	202	202	202	202	202	0	202	202	202	102
287	202	202	202	202	202	202	202	202	0	0	202	202	202	202
298	0	0	0	0	0	0	0	0	0	0	0	0	0	0
301	202	202	202	202	202	202	202	202	202	0	202	202	202	202
304	101	101	102	102	101	101	102	102	0	0	101	102	102	102
315	202	202	202	202	101	202	202	102	0	0	202	202	202	202
320	202	202	202	202	202	202	202	202	0	0	0	0	0	0
344	101	101	101	101	101	101	101	101	0	0	101	101	101	101
358	101	101	101	202	102	101	101	101	101	101	101	101	101	102
362	0	0	0	0	0	0	0	0	0	0	0	0	0	0
364	202	202	101	202	202	202	202	202	0	0	101	101	101	101
365	0	0	0	0	0	0	0	0	0	0	0	0	0	0
372	101	101	101	101	101	101	101	101	0	0	101	101	101	101
374	202	202	202	202	202	202	202	202	0	0	202	202	202	202
376	202	202	202	102	202	202	202	202	0	0	202	202	202	202
377	101	101	101	101	101	101	101	101	0	0	101	101	101	101
379	202	202	202	202	202	202	202	202	202	0	202	202	202	202
381	102	202	102	102	202	101	102	101	0	0	202	202	202	202
383	202	202	0	202	202	202	202	202	0	0	202	202	202	202
386	0	0	0	0	0	0	0	0	0	0	0	0	0	0
388	0	0	101	101	101	101	101	101	0	0	101	101	101	101
390	101	101	101	102	101	101	101	101	101	0	101	101	101	101
391	102	101	101	101	101	101	101	101	0	0	101	101	101	101
392	102	202	202	202	202	202	202	202	0	0	202	202	202	202
395	202	202	202	202	202	202	202	102	0	0	202	202	202	202
397	202	202	202	202	202	202	202	0	0	0	0	0	0	0
401	101	101	101	102	101	101	101	101	0	101	101	101	101	101
406	0	0	0	0	0	0	0	0	0	0	0	0	0	0
411	101	101	101	101	101	101	101	101	0	101	101	101	101	101
422	202	202	202	202	202	202	202	202	0	0	202	202	202	202
424	101	101	101	101	101	0	101	101	0	0	101	101	101	101
432	0	101	101	101	101	0	101	101	0	0	101	101	101	101
440	202	102	202	202	202	102	102	202	0	0	0	0	101	101
443	202	202	202	202	202	202	202	202	0	0	202	202	0	0
444	202	202	102	202	202	102	202	202	0	0	202	0	202	0
457	101	101	101	101	101	101	101	101	0	0	101	101	101	101
461	101	101	101	101	101	101	101	101	0	0	0	0	0	0
462	202	202	202	202	202	202	0	102	0	0	202	202	202	202
463	102	102	202	202	202	202	202	202	0	0	202	202	202	202
480	101	101	101	101	101	101	101	101	0	0	101	101	101	101
485	101	102	0	101	101	101	102	101	101	101	101	101	101	101
490	102	102	102	202	102	102	202	202	101	101	101	101	101	101
491	202	202	202	202	202	202	202	202	0	0	0	0	0	0
495	101	101	101	101	101	101	101	101	0	0	101	101	101	101
496	202	202	202	102	202	202	202	202	0	202	202	202	202	202
498	0	101	101	101	101	0	101	101	0	101	101	101	101	101
499	202	202	202	202	0	202	202	202	0	0	0	202	202	202
501	202	202	202	202	202	202	202	202	202	0	202	202	202	202
511	0	0	0	0	0	0	0	0	0	0	0	0	0	0
512	0	0	0	0	0	0	0	0	0	0	0	0	0	0
520	101	101	101	101	101	101	101	101	0	0	101	101	101	101
522	0	0	0	0	0	0	0	0	0	0	0	0	0	0
525	101	101	101	101	101	101	101	101	0	0	101	101	0	101
528	101	101	101	0	101	101	101	101	0	0	102	101	102	101
530	0	0	0	0	0	0	0	0	0	0	0	0	0	0
541	0	0	0	0	0	0	0	0	0	0	0	0	0	0
546	101	101	102	101	101	102	101	102	0	0	101	101	101	101
548	0	0	0	0	0	0	0	0	0	0	101	0	0	0
554	101	101	0	101	101	101	101	101	0	0	101	101	101	101
558	0	0	0	0	0	0	0	0	0	0	0	0	0	0
561	101	101	101	101	101	101	101	102	101	0	101	101	101	101
563	101	101	101	101	101	101	101	101	0	0	101	101	101	101
576	0	0	0	0	0	0	0	0	0	0	0	0	0	0
584	101	101	101	101	101	101	101	101	0	0	101	101	101	101
587	202	202	102	202	202	202	202	202	0	0	202	202	0	0
597	202	202	202	202	202	202	202	202	202	202	202	202	202	202
599	202	202	202	202	202	202	202	202	0	0	202	202	0	0
604	202	202	202	202	202	202	202	202	0	0	202	202	202	202
606	101	101	101	101	101	101	0	101	101	0	101	101	101	101
612	202	202	202	202	202	202	202	202	202	202	202	202	202	202
613	202	202	202	202	202	202	202	202	202	0	202	202	202	202
616	102	102	102	101	102	102	101	101	0	0	202	202	202	202
617	102	102	101	102	102	102	102	102	101	101	101	101	101	101
618	101	101	0	101	101	102	101	101	101	0	101	101	102	101
630	202	202	202	202	202	202	202	202	0	0	202	202	202	202
631	101	101	101	101	101	101	101	101	101	101	101	101	101	101
632	0	0	0	0	0	0	0	0	0	0	0	0	0	0
634	202	202	202	202	202	202	202	202	0	202	202	102	202	202
640	0	0	0	0	0	0	0	0	0	0	0	0	0	0
644	202	202	202	202	202	202	202	202	202	202	0	202	202	202
647	101	0	102	102	101	0	101	101	0	0	101	101	101	101
652	101	101	101	101	101	101	101	101	0	0	101	101	101	101
660	202	202	202	202	202	202	202	202	0	0	202	202	202	202
661	202	202	202	202	202	202	202	202	0	0	0	0	0	0
662	202	202	202	202	202	202	202	202	202	202	202	202	202	202
667	101	101	101	101	101	101	101	101	0	0	101	101	101	101
669	101	101	101	101	101	101	101	101	0	0	202	102	102	102
671	102	202	202	202	202	202	202	202	0	0	202	202	202	202
673	0	0	0	0	0	0	0	0	0	0	0	0	0	0
674	202	202	0	202	202	202	202	202	0	0	0	202	202	202
675	102	101	101	101	101	101	101	101	101	0	101	101	102	101
677	0	0	0	0	0	0	0	0	0	0	0	0	0	0
682	0	0	0	0	0	0	0	0	0	0	0	0	0	0
685	202	202	202	202	202	202	202	202	0	0	202	202	202	202
691	0	0	0	0	0	0	0	0	0	0	0	0	0	0
694	101	101	101	101	101	101	101	101	101	0	101	101	101	101
695	101	101	101	101	101	101	101	101	0	0	101	101	101	101
696	202	202	202	202	202	202	202	202	0	0	202	202	202	202
699	202	202	202	202	202	202	102	202	0	0	202	202	202	202
700	101	101	101	101	101	101	101	101	0	0	101	202	101	102
703	202	202	202	202	202	202	202	202	0	0	202	202	202	202
704	0	0	0	0	101	0	0	101	0	0	0	0	0	0
705	102	202	202	202	202	202	202	102	0	0	102	202	102	102
707	0	0	0	0	0	0	0	0	0	0	0	0	0	0
708	202	202	202	202	202	102	202	202	202	202	202	202	202	202
711	0	0	0	0	0	0	0	0	0	0	0	0	0	0
714	101	101	101	101	101	101	101	101	0	0	101	101	101	101
715	102	202	202	102	202	202	202	202	202	202	202	202	202	202
716	0	0	101	101	101	101	101	101	0	0	101	101	101	101
719	102	202	202	202	102	202	202	202	202	202	202	202	202	202
720	101	101	101	101	101	0	101	101	0	0	101	101	101	101
721	0	0	101	101	101	0	0	101	0	0	0	0	0	0
726	202	202	202	202	202	202	202	202	202	202	202	202	202	202
730	102	101	101	101	101	101	101	101	0	0	101	101	101	101
733	202	202	202	202	202	202	202	202	0	0	202	202	202	202
735	101	101	101	101	101	101	101	101	101	101	101	101	101	101
737	101	101	101	102	101	101	101	101	101	0	101	101	101	101
739	0	0	0	0	0	0	0	0	0	0	0	0	0	0
742	202	202	202	202	202	202	202	202	0	0	202	202	202	202
746	202	202	202	102	202	202	202	202	202	202	202	202	202	102
750	101	101	101	101	101	101	101	101	0	0	101	101	101	101
752	202	202	202	102	202	202	202	102	0	0	202	202	202	202
756	101	101	101	101	101	101	101	101	0	0	101	101	101	101
758	202	102	202	202	202	102	202	102	0	0	202	101	202	202
760	0	0	0	0	0	0	0	0	0	0	0	0	0	0
761	202	202	202	202	202	202	202	202	202	0	202	202	102	202
765	102	101	101	101	102	102	102	202	0	0	202	202	202	202
766	0	0	0	0	0	0	0	0	0	0	0	0	0	0
768	202	202	202	202	202	202	202	202	202	202	202	202	202	202
769	102	101	101	101	101	202	102	101	0	0	101	102	101	101
771	0	0	0	0	0	0	0	0	0	0	0	0	0	0
772	0	0	0	0	0	0	0	0	0	0	0	0	0	0
777	102	101	101	101	101	101	101	101	101	101	101	101	101	101
780	101	101	101	101	101	101	101	102	0	0	102	101	202	102
781	101	101	101	101	101	101	0	101	0	0	101	101	0	101
786	202	202	202	202	202	202	202	202	202	0	202	202	202	202
787	0	0	0	0	0	0	0	0	0	0	0	0	0	0
791	101	101	101	101	101	101	101	101	0	101	101	101	101	101
792	0	101	101	101	101	102	0	101	0	0	0	101	0	101
796	102	202	102	202	202	102	202	202	0	0	202	202	202	202
798	101	102	101	101	101	101	101	101	101	0	101	101	101	101
801	0	0	0	0	0	0	0	0	0	0	0	0	0	0
802	202	202	202	102	202	202	202	202	0	0	202	202	202	202
803	0	0	0	0	0	0	0	0	0	0	0	0	0	0
804	202	202	202	202	202	102	202	102	202	0	202	202	202	202
805	0	0	0	0	0	0	0	0	0	0	0	0	0	0
809	202	202	202	102	202	202	202	202	202	0	202	202	202	202
813	0	0	0	0	0	0	0	0	0	0	0	0	0	0
815	102	202	102	102	102	102	102	102	0	202	202	202	202	202
816	202	202	0	202	202	202	202	202	202	0	102	202	202	102
817	102	102	202	0	102	0	202	102	0	0	0	0	0	0
821	102	202	101	102	102	102	202	202	202	0	202	202	202	202
825	101	101	101	102	101	101	101	101	0	0	101	101	101	101
829	0	0	101	0	0	101	0	0	0	0	101	101	101	101
830	0	0	0	0	0	0	0	0	0	0	0	0	0	101
832	101	101	101	101	101	101	101	101	101	101	101	101	101	101
833	101	101	102	101	101	101	101	101	0	0	101	101	101	101
834	202	202	102	202	202	102	202	202	0	0	102	202	102	102
835	101	101	101	101	101	101	101	101	0	0	101	101	101	102
836	202	202	202	202	202	202	202	202	0	0	202	202	202	202
837	0	0	0	0	0	0	0	0	0	0	0	0	0	0
839	202	202	202	202	202	202	0	202	0	0	202	202	202	202
840	202	102	102	101	102	202	102	101	0	0	101	102	101	101
842	202	202	202	202	202	202	202	202	202	0	202	202	202	202
845	202	202	202	202	102	102	202	202	102	0	202	202	102	202
849	202	202	202	202	202	202	202	202	0	0	202	202	202	202
851	102	102	202	102	202	102	102	202	0	0	202	202	0	202
857	202	202	202	202	202	202	202	202	0	0	202	202	202	202
859	202	202	202	202	202	202	202	202	0	0	202	202	202	202
860	202	202	202	202	202	202	202	202	0	0	0	0	0	202
875	101	101	101	101	101	102	101	102	0	0	102	101	101	101
876	202	202	202	202	202	202	202	202	202	0	102	202	202	202
877	0	202	202	202	202	202	202	202	0	0	202	202	202	202
878	0	0	0	0	0	0	0	0	0	0	0	0	0	0
885	202	202	202	202	202	202	0	202	0	0	202	202	202	202
886	202	202	202	202	202	202	202	202	0	0	0	0	0	0
888	102	102	102	202	101	102	202	202	0	0	102	102	102	102
889	0	0	0	0	0	0	0	0	0	0	0	0	0	0
892	101	101	101	101	101	101	101	101	0	0	101	101	101	101
896	101	101	101	101	101	101	101	101	0	0	101	101	101	101
897	0	0	0	0	0	0	0	0	0	0	0	0	0	0
898	202	202	202	102	202	202	202	202	202	202	102	202	202	102
899	101	101	101	101	101	101	101	101	0	0	101	101	101	101
902	101	101	101	101	101	101	101	101	0	0	101	101	101	101
906	0	0	0	0	0	0	0	0	0	0	0	0	0	0
907	202	102	102	101	102	102	101	202	0	0	101	101	101	101
912	202	202	202	202	202	202	202	202	202	0	202	202	202	202
914	101	101	101	101	101	101	101	101	0	0	101	101	101	101
917	202	202	202	202	202	202	202	202	202	202	202	202	202	202
923	202	202	202	202	202	202	202	202	0	0	0	0	202	0
925	0	0	0	0	0	0	0	0	0	0	0	0	0	0
927	101	101	101	101	101	101	101	101	0	0	101	101	101	101
928	0	0	0	0	0	0	0	0	0	0	0	0	0	0
929	102	202	202	202	202	202	202	202	0	0	202	202	0	202
930	0	0	0	0	0	0	0	0	0	0	0	0	0	0
931	0	0	0	0	0	0	0	0	0	0	0	0	0	0
933	0	0	0	0	0	0	0	0	0	0	0	0	0	0
936	101	101	101	101	101	101	101	101	0	0	101	101	101	101
937	202	202	202	202	202	202	202	202	202	0	202	202	202	202
939	0	0	0	0	0	0	0	0	0	0	0	0	0	0
940	101	101	101	101	101	101	101	101	0	0	101	101	101	101
941	202	202	202	202	202	202	202	202	0	202	202	202	202	202
943	0	0	101	101	101	101	101	101	0	0	101	101	101	101
950	202	202	202	202	202	202	202	202	202	0	202	202	202	202
952	101	101	101	101	101	101	101	101	101	0	101	101	101	101
955	0	0	0	0	0	0	0	0	0	0	0	0	0	0
956	101	101	101	101	101	101	101	101	0	0	0	0	0	0
960	0	0	0	0	0	0	0	0	0	0	0	0	0	0
962	202	202	202	202	202	202	202	102	0	0	202	202	202	202
964	0	0	0	0	0	0	0	0	0	0	0	0	0	0
965	0	0	0	0	0	0	0	0	0	0	0	0	0	0
966	202	202	202	202	202	0	202	202	0	0	202	202	202	202
969	202	202	202	202	202	202	202	202	202	202	202	202	202	102
975	202	202	202	202	202	202	202	202	0	0	202	202	202	202
978	202	202	202	202	202	202	0	202	0	0	202	202	0	202
982	0	0	0	0	0	0	0	0	0	0	0	0	0	0
984	0	0	0	0	0	0	0	0	0	0	0	0	0	0
985	202	202	202	202	202	0	202	202	0	0	202	202	202	202
986	101	101	101	101	101	101	101	101	101	0	101	101	101	102
987	0	0	0	0	0	0	0	0	0	0	0	0	0	0
989	101	101	101	101	101	101	101	101	101	0	101	101	101	101
992	101	101	101	101	101	101	101	101	101	0	101	101	101	102
993	101	101	101	101	101	101	101	101	0	0	101	101	101	101
996	202	202	202	202	102	202	102	202	102	0	101	101	202	101
1000	202	202	202	202	202	202	202	202	0	0	202	202	202	202
1002	101	101	202	102	102	101	102	101	202	102	102	102	102	102
1005	0	101	101	101	101	101	101	101	0	0	101	101	101	101
1011	0	0	0	0	0	0	0	0	0	0	0	202	0	0
1012	202	202	202	202	202	202	202	202	0	0	202	202	0	202
1016	101	101	101	101	101	101	101	101	0	0	101	101	101	0
1018	101	101	101	101	101	102	101	101	0	0	101	101	0	101
1020	102	101	101	101	101	101	102	101	202	0	202	202	102	102
1027	0	0	0	0	0	0	0	0	0	0	0	0	0	0
1030	102	101	202	202	0	0	101	101	0	0	202	202	0	202
1031	102	101	102	101	202	101	101	102	0	0	101	101	101	101
1032	101	101	101	101	101	101	101	101	101	101	101	101	101	101
1034	101	101	101	101	101	101	101	101	0	0	101	101	101	101
1036	0	0	0	0	0	0	0	0	0	0	0	0	0	0
1037	202	202	202	202	202	202	202	202	0	0	202	202	202	202
1039	202	202	202	202	202	102	202	202	102	102	202	102	202	102
1040	202	202	202	202	202	202	202	202	0	0	202	202	202	202
1042	202	202	202	202	202	202	202	202	202	0	202	202	202	202
1043	0	0	0	0	0	0	0	0	0	0	0	0	0	0
1044	0	0	0	0	0	0	0	0	0	0	0	0	0	0
1046	202	202	202	202	202	202	202	202	202	0	202	202	202	202
1047	101	101	102	101	102	101	101	101	0	0	102	102	102	102
1048	0	0	0	0	0	0	0	0	0	0	0	0	0	0
1050	0	0	0	0	0	0	0	0	0	0	0	0	0	0
1051	202	202	202	202	202	202	202	202	0	202	202	202	202	202
1052	102	102	101	102	202	202	101	102	0	0	101	101	101	101
1053	202	202	202	202	202	202	202	202	202	0	202	202	202	202
1054	202	202	102	202	202	202	202	202	0	0	202	202	202	202
1055	0	0	0	0	0	0	0	0	0	0	0	0	0	0
1056	101	101	101	101	101	101	101	101	0	101	0	101	101	101
1058	0	102	102	0	102	101	101	102	0	0	0	0	0	0
1061	0	0	0	0	0	0	0	0	0	0	0	0	0	0
1068	202	202	202	202	202	0	202	202	0	0	0	202	202	202
1069	202	102	202	202	202	202	202	102	0	202	202	202	202	202
1071	202	202	102	101	102	202	102	102	0	0	202	202	202	202
1073	202	202	102	102	102	202	202	202	202	0	202	202	202	202
1075	101	101	101	101	101	101	101	101	101	0	101	101	101	101
1076	101	101	101	101	101	101	101	101	0	102	102	102	101	102
1078	202	202	202	202	202	102	202	202	0	0	202	202	202	202
1081	101	101	102	101	101	101	102	101	202	0	102	102	102	101
1083	202	202	202	202	202	202	202	202	0	0	102	202	0	102
1085	202	202	202	202	202	202	202	202	0	202	202	202	202	202
1087	101	101	101	101	101	101	101	101	101	101	101	101	101	101
1089	202	202	202	202	202	202	202	202	202	0	202	202	202	202
1091	101	101	0	101	101	101	101	101	0	0	101	101	101	101
1092	101	101	101	101	101	101	101	101	0	0	101	101	101	101
1093	0	0	0	0	0	0	0	0	0	0	0	0	0	0
1094	202	202	202	202	202	202	202	202	202	0	202	202	202	202
1095	0	0	0	0	0	0	0	0	0	0	0	0	0	0
1096	101	101	101	101	101	101	101	101	0	0	101	101	101	101
1098	101	101	101	101	101	101	101	101	101	101	101	101	101	101
1104	102	102	101	0	101	202	0	101	101	0	101	101	101	101
1114	101	101	101	101	101	101	101	101	0	0	101	101	101	101
1115	202	102	202	102	202	202	0	202	0	0	0	102	102	202
1118	101	101	101	101	101	101	101	101	101	0	101	101	101	101
1120	202	202	202	202	202	202	202	202	202	202	202	202	202	202
1121	202	202	202	102	202	202	102	202	202	202	202	202	202	102
1122	101	102	102	102	101	102	101	101	0	0	202	202	102	202
1124	101	101	101	101	101	101	101	101	0	0	101	0	101	101
1126	101	101	101	101	101	101	101	101	101	0	101	101	101	101
1129	0	0	0	0	0	0	0	0	0	0	0	0	0	0
1132	102	102	101	101	102	101	101	202	0	0	101	102	101	101
1134	202	0	202	102	202	202	202	202	0	0	0	0	0	202
1137	101	101	101	101	101	101	101	101	0	102	101	101	101	101
1138	202	202	202	202	202	202	202	202	0	0	202	202	202	202
1140	0	0	101	102	101	101	101	101	101	101	101	101	101	101
1141	202	0	202	0	202	0	0	202	0	202	202	202	202	0
1145	0	0	0	0	0	0	0	0	0	0	0	0	0	0
1146	202	202	202	202	202	202	0	202	0	0	202	202	202	202
1147	0	0	0	0	0	0	0	0	0	0	0	0	0	0
1148	202	202	202	202	202	202	202	202	0	0	202	202	202	202
1150	0	0	0	0	0	0	0	0	0	0	0	0	0	0
1151	202	202	202	102	202	202	202	202	0	0	202	202	202	202
1152	0	0	0	0	0	0	0	0	0	0	0	0	0	0
1153	102	202	202	202	202	202	202	202	0	0	202	202	202	202
1155	202	202	102	102	102	102	0	102	0	0	0	0	202	102
1157	101	101	101	102	101	101	101	101	101	0	101	101	101	101
1159	101	101	0	101	0	0	101	101	101	0	101	101	101	101
1160	202	202	102	202	202	202	202	202	0	0	102	202	102	102
1161	202	202	202	202	202	202	202	202	0	0	0	202	202	202
1162	101	101	101	101	101	102	101	101	0	0	101	101	101	101
1167	101	101	101	102	101	101	101	101	101	101	101	101	101	101
1168	0	0	0	0	0	0	0	0	0	0	0	0	0	0
1169	202	202	202	202	202	202	202	202	0	0	202	202	202	202
1170	101	101	0	101	101	101	101	101	101	101	101	101	101	101
1176	102	202	101	101	102	102	101	102	0	101	101	101	101	101
1179	101	101	101	101	101	101	101	101	101	101	101	101	101	101
1180	101	101	101	101	101	101	101	101	0	0	101	101	101	101
1186	202	202	202	202	202	202	202	202	202	0	202	202	202	202
1187	202	202	202	202	202	202	202	202	202	0	202	202	0	202
1188	0	0	0	0	0	0	0	0	0	0	0	0	0	0
1189	0	0	0	0	0	0	0	0	0	0	0	0	0	0
1190	0	0	0	0	0	101	101	0	0	0	101	101	101	101
1195	0	0	0	0	0	0	0	0	0	0	0	0	0	0
1196	0	0	0	0	0	0	0	0	0	0	0	0	0	0
1197	0	0	0	0	0	0	0	0	0	0	0	101	0	101
1201	202	202	202	202	202	202	202	202	102	202	202	202	202	102
1204	101	101	101	101	101	101	101	101	101	0	101	101	101	101
1205	202	202	202	202	202	202	202	202	0	0	202	202	202	102
1210	202	202	202	202	202	202	202	202	202	0	202	202	202	202
1212	202	202	202	202	202	0	202	202	202	202	202	202	202	202
1213	102	102	102	102	101	101	101	102	102	0	102	102	102	102
1217	202	202	202	202	202	202	202	202	0	0	101	101	101	101
1218	202	102	202	102	102	202	202	202	0	0	202	0	202	202
1219	101	101	101	101	101	101	101	101	101	101	101	101	101	101
1220	202	202	202	202	202	202	202	202	202	0	202	202	202	202
1221	101	101	101	101	101	101	101	101	0	0	102	102	101	101
1223	101	101	101	101	101	101	101	101	0	0	0	0	0	101
1227	101	101	101	101	101	101	101	101	0	0	101	101	101	101
1228	0	102	202	202	102	102	0	102	0	0	202	202	102	202
1229	102	101	102	101	101	101	101	101	0	0	101	101	101	101
1233	202	202	202	202	202	202	202	202	0	0	202	202	202	202
1234	101	101	101	101	101	101	101	101	101	0	101	101	101	101
1236	0	0	0	0	0	0	0	101	0	0	0	0	0	0
1240	101	101	101	101	101	101	101	101	0	0	101	101	101	101
1242	202	202	102	102	102	202	202	202	0	0	102	102	102	102
1245	101	101	101	101	101	101	101	101	0	0	0	0	0	0
1246	202	202	202	202	202	202	202	202	202	0	202	202	202	202
1247	0	0	0	0	0	0	0	0	0	0	0	0	0	0
1249	101	101	0	0	101	0	0	0	0	0	0	0	0	0
1252	0	0	0	0	0	0	0	0	0	0	0	0	0	0
1255	0	0	0	0	0	0	0	0	0	0	0	0	0	0
1256	101	101	101	101	101	101	101	101	0	0	101	101	101	101
1258	202	202	202	202	202	202	202	202	202	0	202	202	202	102
1259	202	202	202	202	202	202	202	202	0	202	202	202	202	202
1260	0	0	0	101	0	0	0	0	0	0	0	0	0	0
1261	101	101	101	101	101	101	101	101	0	0	101	101	101	101
1262	202	202	202	202	202	202	202	202	202	202	202	202	202	202
1263	0	0	101	101	101	0	101	101	0	0	0	0	0	0
1266	101	101	101	101	101	101	101	101	101	0	101	101	101	101
1275	202	202	202	202	202	202	202	202	0	0	202	202	202	202
1276	101	101	101	101	101	101	101	101	0	0	101	101	101	101
1277	202	202	202	202	202	202	202	202	0	202	202	202	202	202
1278	101	102	101	101	101	101	101	102	101	0	101	101	101	101
1279	101	101	101	101	101	101	101	101	0	0	101	101	101	101
1280	101	101	101	101	101	101	101	101	101	0	101	101	101	101
1281	101	101	101	101	101	101	101	101	101	0	101	101	101	101
1283	0	0	0	0	0	0	0	0	0	0	0	0	0	0
1285	102	202	202	202	202	101	202	202	0	0	202	202	202	202
1287	101	101	101	102	101	101	101	101	0	0	101	101	101	101
1288	101	101	101	101	0	0	101	0	101	101	101	101	101	0
1289	0	0	0	0	0	0	0	0	0	0	0	0	0	0
1290	202	202	202	202	202	202	202	202	0	0	202	0	0	202
1293	101	101	101	101	101	101	101	101	101	0	101	101	101	101
1294	0	0	0	0	0	0	0	0	0	0	0	0	0	0
1296	102	202	102	202	102	101	202	202	0	0	102	102	102	102
1300	0	0	0	0	0	0	0	0	0	0	0	0	0	0
1303	102	102	102	102	102	102	102	102	202	0	102	202	202	202
1306	102	102	101	101	102	102	101	102	101	0	101	101	101	101
1308	0	0	0	0	0	0	0	0	0	0	0	0	0	0
1311	101	101	102	101	101	101	101	101	101	101	101	101	101	101
1313	0	0	0	0	0	0	0	0	0	0	0	0	0	0
1320	0	0	0	0	0	0	0	0	0	0	0	0	0	0
1321	202	202	202	102	202	202	202	202	202	202	202	202	202	202
1322	0	0	0	0	0	0	0	0	0	0	0	0	0	0
1323	102	102	102	101	101	202	101	101	0	0	101	101	101	102
1324	0	0	0	0	0	0	0	0	0	0	0	0	0	0
1328	202	202	202	202	202	202	202	202	202	202	202	202	202	202
1330	101	101	101	101	101	101	101	101	0	0	0	101	101	101
1332	202	202	202	202	102	202	202	202	0	202	202	202	0	202
1336	202	202	202	202	202	202	202	202	0	0	202	202	202	202
1337	102	202	202	202	102	202	202	102	0	0	102	102	102	102
1339	102	101	101	101	101	102	101	101	101	0	101	101	101	101
1341	101	101	101	101	101	101	101	101	101	0	101	101	101	101
1345	0	0	0	0	0	0	0	0	0	0	0	0	0	0
1347	0	0	0	0	0	0	0	0	0	0	0	0	0	0
1349	0	0	0	0	0	0	0	0	0	0	0	0	0	0
1351	0	0	0	0	0	0	0	0	0	0	0	0	0	0
1354	202	202	202	202	202	202	202	202	202	202	202	202	202	202
1357	202	202	202	102	202	202	202	202	202	202	202	202	202	202
1358	101	101	101	101	101	101	101	101	0	0	101	101	0	101
1361	101	101	101	101	101	101	101	101	0	0	101	101	101	101
1362	101	102	101	102	102	202	102	102	0	0	202	202	202	202
1363	102	102	102	102	102	102	102	102	101	0	101	102	102	101
1366	101	101	0	0	101	0	0	101	0	0	101	101	101	101
1369	0	0	0	0	0	0	0	0	0	0	0	0	0	0
1370	202	202	202	202	202	202	202	202	0	0	202	202	0	202
1372	101	101	101	101	101	101	101	101	101	0	101	101	101	102
1379	0	0	0	0	0	0	0	0	0	0	0	0	0	0
1383	202	202	202	202	202	202	202	202	202	0	202	202	202	202
1384	202	202	202	202	202	202	202	202	202	202	202	202	202	202
1389	101	202	101	101	102	101	101	101	0	0	101	0	0	0
1392	101	101	101	101	101	101	101	101	101	101	102	102	101	102
1393	102	101	102	102	102	102	102	102	0	0	202	202	202	202
1395	101	101	101	101	101	101	0	101	0	0	101	101	0	101
1400	202	202	202	102	202	202	202	202	0	202	202	202	202	202
1402	202	202	202	202	202	202	202	202	202	202	202	202	202	202
1406	101	101	0	101	101	101	101	101	0	0	101	101	0	101
1410	0	0	0	0	0	0	0	0	0	0	0	0	0	0
1411	101	101	101	101	101	101	101	101	102	102	102	102	102	102
1412	101	101	101	101	101	101	101	101	101	0	101	101	101	101
1413	0	0	0	0	0	0	0	0	0	0	0	0	0	0
1414	101	101	101	101	101	101	101	101	0	0	101	101	101	101
1417	202	202	202	202	202	202	202	202	0	0	202	202	202	202
1420	101	101	101	101	101	101	101	101	0	0	101	101	101	101
1421	202	202	202	202	202	202	202	202	0	0	102	202	202	202
1422	101	101	101	101	101	101	101	101	0	0	101	101	101	101
1427	101	101	101	101	101	101	101	101	0	0	101	101	101	101
1428	101	101	101	101	101	101	101	101	0	0	101	101	101	101
1434	202	202	202	202	202	202	202	202	202	0	202	202	202	202
1439	202	202	0	202	202	0	202	202	0	0	202	202	202	202
1440	101	101	101	101	101	101	101	101	101	0	101	101	101	101
1441	202	202	202	202	202	202	202	202	0	0	202	202	202	202
1444	101	101	101	101	0	101	101	101	0	0	0	101	0	0
1449	202	202	202	202	202	202	202	202	0	0	0	202	202	202
1451	101	101	101	101	101	101	101	101	0	0	0	101	101	101
1452	202	202	202	202	202	202	202	202	102	202	102	202	102	102
1454	0	0	0	0	0	0	0	0	0	0	0	0	0	0
1459	202	202	202	202	202	202	0	202	0	0	101	101	101	101
1463	202	202	102	202	202	202	202	202	0	0	202	202	202	202
1464	202	202	202	202	202	202	202	202	0	0	202	202	202	202
1466	0	0	0	0	0	0	0	0	0	0	0	0	0	0
1467	101	101	101	101	101	101	101	101	0	0	101	101	0	0
1468	101	101	101	102	101	101	101	101	101	101	101	101	101	101
1469	0	0	0	0	0	0	0	0	0	0	0	0	0	0
1474	101	101	101	101	101	101	101	101	101	101	101	101	101	101
1478	202	202	202	202	202	202	202	202	0	0	202	202	202	202
1482	202	202	202	202	202	202	202	202	0	0	202	202	202	202
1486	0	0	0	0	0	0	0	0	0	0	0	0	0	0
1487	101	101	101	101	101	101	101	101	0	0	101	101	101	101
1490	0	0	0	0	0	0	0	0	0	0	0	0	0	0
1499	0	0	202	102	102	102	102	202	0	0	202	202	202	202
1500	0	0	0	0	0	0	0	0	0	0	0	0	0	0
1501	202	202	202	202	202	202	202	202	202	0	202	202	202	202
1502	202	202	202	202	202	202	202	202	202	202	202	202	202	202
1503	202	102	202	202	202	202	0	202	0	0	101	102	102	102
1504	202	202	202	202	202	202	202	202	0	0	202	202	202	102
1506	202	202	202	202	202	202	202	102	0	0	202	202	202	202
1512	101	101	101	101	101	101	101	101	0	0	101	101	101	101
1515	101	0	0	101	0	0	101	101	0	0	0	101	0	101
1519	0	0	0	0	0	0	0	0	0	0	0	0	0	0
1521	0	0	0	0	0	0	0	0	0	0	0	0	0	0
1523	102	202	102	102	202	202	102	202	0	0	202	102	202	202
1524	102	102	202	202	101	202	202	102	0	0	202	202	202	202
1528	101	101	101	101	101	101	101	101	0	0	0	0	0	0
1531	202	202	102	202	202	202	202	102	0	0	202	202	202	202
1532	202	202	202	202	202	202	202	202	0	0	202	202	202	202
1534	0	0	0	0	0	0	0	0	0	0	0	0	0	0
1536	202	202	202	202	202	202	202	202	0	0	0	0	0	0
1537	0	101	101	101	101	101	101	101	0	0	101	101	101	101
1538	0	0	0	101	0	0	0	0	0	0	0	0	0	101
1540	202	202	202	202	202	202	202	202	202	202	202	202	202	202
1541	0	0	0	0	0	0	0	0	0	0	0	0	0	0
1543	101	101	101	101	101	101	101	101	0	0	101	101	101	101
1545	202	202	202	202	202	202	202	202	0	0	202	202	202	202
1547	101	101	202	102	0	102	101	102	0	0	102	101	102	102
1553	102	102	202	102	102	202	102	102	202	0	202	202	202	202
1555	102	101	101	101	102	102	101	102	101	0	101	101	101	101
1558	101	101	101	101	101	101	101	101	0	0	101	101	101	101
1560	101	101	101	101	101	101	101	101	0	0	102	102	202	101
1561	0	0	0	0	0	0	0	0	0	0	0	0	0	0
1565	202	202	202	202	202	202	202	202	0	0	101	102	102	102
1566	101	101	101	101	101	101	101	101	0	0	101	101	101	101
1567	0	0	0	0	0	0	0	0	0	0	0	0	0	0
1571	101	101	101	101	101	101	101	101	0	0	101	101	101	101
1572	101	101	101	101	101	101	101	101	101	0	101	101	101	101
1574	0	0	0	0	0	0	0	0	0	0	0	0	0	0
1576	102	102	202	202	101	202	202	102	0	0	0	0	0	0
1577	0	0	0	0	0	0	0	0	0	0	0	0	0	0
1578	0	0	0	0	0	0	0	0	0	0	0	0	0	0
1582	202	202	202	202	202	202	102	202	0	0	202	202	202	202
1586	202	202	202	202	202	202	202	202	0	0	202	202	202	202
1588	101	101	101	101	101	101	101	101	0	0	101	101	101	101
1589	101	101	101	101	101	101	101	101	101	101	101	101	101	101
1590	101	101	101	101	101	101	101	101	0	0	101	101	101	101
1592	202	202	202	202	202	202	202	202	202	0	202	202	202	202
1593	202	102	202	202	202	202	202	202	102	0	102	101	102	102
1595	202	102	202	202	202	101	202	202	0	0	202	202	202	202
1600	0	0	0	0	0	0	0	0	0	0	0	0	0	0
1602	101	0	101	0	0	0	101	0	0	0	0	101	101	0
1604	101	101	101	101	101	101	101	101	0	0	101	101	101	101
1608	202	202	202	202	202	202	102	202	0	0	202	202	202	202
1617	202	102	202	202	102	202	102	202	202	0	202	202	202	202
1618	101	101	101	101	101	101	101	101	101	101	101	101	101	101
1619	202	202	202	202	202	202	202	202	202	0	202	202	202	202
1620	101	101	101	101	101	101	101	101	102	0	102	101	101	101
1624	202	202	202	202	202	202	202	202	0	0	202	202	202	202
1629	102	202	102	102	202	101	202	102	102	0	202	102	202	102
1638	101	101	0	101	101	101	101	101	101	101	101	101	101	101
1639	202	202	202	202	202	202	202	102	202	0	202	202	202	202
1641	202	202	202	202	202	202	202	202	0	0	202	202	202	202
1643	202	202	202	202	202	202	202	202	202	202	202	202	202	202
1644	202	202	202	202	202	202	202	202	0	0	0	202	202	202
1645	101	101	101	101	101	101	101	101	0	0	101	101	101	101
1646	101	101	101	101	101	101	101	101	0	0	0	0	0	0
1651	101	101	101	101	101	101	101	101	0	0	101	101	101	101
1652	101	101	101	101	101	101	101	101	0	0	101	101	101	101
1655	102	102	102	102	102	202	202	202	102	0	102	202	102	102
1658	202	202	202	202	102	202	202	202	202	0	202	202	202	202
1660	202	202	202	102	202	202	102	202	102	0	102	102	202	102
1663	101	101	101	101	101	101	101	0	0	0	101	0	0	102
1666	101	101	101	101	101	101	101	101	0	0	101	101	101	101
1672	101	101	101	101	101	101	101	101	101	101	101	101	101	101
1673	0	0	0	0	0	0	0	0	0	0	0	0	0	0
1675	0	0	0	0	0	0	0	0	0	0	0	0	0	0
1676	202	202	202	202	202	202	202	202	202	0	202	202	202	202
1677	101	101	101	101	101	101	101	101	101	0	101	101	101	101
1679	101	101	101	101	101	101	101	101	0	0	101	101	101	101
1688	0	0	0	0	0	0	0	0	0	0	0	0	0	0
1689	101	101	101	101	101	101	101	101	0	0	101	101	101	101
1693	102	101	102	102	102	102	102	101	0	0	101	101	101	101
1695	101	101	101	101	101	101	101	101	101	0	101	101	101	101
1698	202	202	202	202	202	202	202	202	0	0	202	202	202	202
1701	202	202	202	202	202	202	202	202	0	202	202	202	202	202
1703	202	202	202	202	202	202	202	202	0	202	202	202	202	202
1704	202	202	202	202	202	202	202	202	0	0	202	202	0	0
1705	101	101	101	101	101	101	101	101	202	0	202	202	102	202
1707	0	0	0	0	0	0	0	0	0	0	0	0	0	0
1709	0	0	0	0	0	0	0	0	0	0	0	0	0	0
1711	101	101	101	101	101	101	101	101	0	0	101	101	101	101
1712	0	0	0	0	0	0	0	0	0	0	0	0	0	0
1713	202	102	202	202	202	202	202	202	0	0	202	202	202	202
1715	0	0	0	0	0	0	0	0	0	0	0	0	0	0
1716	102	101	101	101	101	101	101	101	0	0	102	101	101	101
1718	0	202	102	202	202	0	102	202	0	0	202	202	202	202
1720	0	0	0	0	0	0	0	0	0	0	0	0	0	0
1722	0	0	0	0	101	0	0	0	0	0	0	0	0	0
1723	101	101	102	102	101	102	101	101	0	0	101	0	0	102
1724	0	0	0	0	0	0	0	0	0	0	0	0	0	0
1725	101	101	101	101	101	101	101	101	101	101	101	101	101	101
1726	0	0	0	0	0	0	0	0	0	0	0	0	0	0
1729	102	202	202	202	202	202	202	202	0	0	202	202	202	202
1730	0	0	0	0	0	0	0	0	0	0	0	0	0	0
1732	0	101	102	102	101	0	101	102	0	0	101	101	0	101
1733	101	101	0	101	0	101	0	0	0	0	0	0	0	0
1737	0	0	0	0	0	0	0	0	0	0	0	0	0	0
1738	202	202	202	202	202	202	202	102	0	202	202	202	202	202
1739	101	101	101	101	101	101	101	101	101	101	101	101	101	101
1746	101	101	101	101	101	101	101	101	0	0	101	101	102	102
1748	101	101	101	101	101	101	101	101	0	0	101	202	101	101
1753	202	202	202	202	202	202	202	202	202	0	202	202	202	202
1755	101	101	101	101	101	101	101	101	0	0	101	101	101	101
1756	101	101	0	101	101	101	101	101	0	0	101	101	101	101
1759	0	0	0	0	0	0	0	0	0	0	0	0	0	0
1762	101	101	102	101	101	102	101	101	0	0	101	101	101	101
1766	202	202	202	202	202	202	202	202	202	0	202	202	202	202
1767	0	202	202	202	0	202	202	202	0	202	202	0	0	202
1768	202	202	202	202	202	202	202	202	0	0	202	202	202	102
1770	101	101	101	101	102	101	101	101	0	0	101	101	101	101
1771	0	0	0	0	0	0	0	0	0	0	0	0	0	0
1773	0	0	0	0	0	0	0	0	0	0	0	0	0	0
1787	0	0	0	0	0	0	0	0	0	0	0	0	0	0
1788	202	202	202	202	202	102	202	202	202	0	202	202	202	202
1789	101	101	101	101	101	101	101	101	0	101	101	101	101	101
1791	0	0	0	0	0	0	0	0	0	0	0	0	0	0
1794	202	101	202	102	202	202	102	202	0	0	101	101	101	101
1797	202	0	102	101	102	101	102	101	0	0	0	0	0	0
1802	202	202	102	202	0	202	202	101	0	0	0	0	0	0
1806	202	202	202	0	0	202	202	202	0	0	0	0	0	0
1812	202	202	202	202	202	202	202	202	0	0	202	202	202	202
1813	101	101	101	101	101	101	101	101	0	0	101	101	101	101
1814	0	0	101	101	0	0	101	101	0	0	101	101	101	101
1817	0	0	0	0	0	0	0	0	0	0	0	0	0	0
1818	101	101	101	101	101	101	101	101	0	0	101	101	101	101
1819	102	202	202	202	202	202	202	202	202	202	102	202	202	202
1821	102	202	101	102	102	102	0	101	0	0	202	202	202	102
1823	202	202	202	202	202	202	202	202	0	0	202	202	202	202
1824	101	101	101	102	101	101	101	101	0	0	101	101	101	101
1827	101	101	101	101	101	101	101	101	101	0	101	101	101	101
1828	102	101	102	202	102	202	102	101	0	0	101	101	101	101
1831	102	102	102	202	102	102	101	101	202	0	202	202	202	202
1836	101	101	101	101	101	101	102	101	0	0	101	102	101	101
1837	202	202	202	202	202	202	202	202	0	0	202	202	202	0
1838	101	101	101	101	101	101	101	101	101	0	101	101	101	101
1839	202	202	202	202	202	202	202	202	202	0	202	202	202	202
1840	202	202	202	202	202	202	202	202	0	202	102	102	102	102
1843	0	0	0	0	0	0	0	0	0	0	0	0	0	0
1844	101	101	102	101	101	101	101	101	0	0	101	101	101	102
1845	0	0	0	0	0	0	0	0	0	0	0	0	0	0
1848	101	101	101	101	101	101	101	101	0	0	101	101	101	101
1850	0	0	0	0	0	0	0	0	0	0	0	0	0	0
1851	0	0	0	0	0	0	0	0	0	0	0	0	0	0
1852	101	101	101	102	101	101	101	101	101	0	102	202	101	101
1853	101	101	101	101	101	101	101	101	101	0	101	101	101	101
1855	101	101	101	101	102	101	101	101	0	0	101	101	101	101
1858	202	202	202	0	202	202	202	202	0	0	202	202	202	202
1859	0	0	101	101	101	101	0	101	0	0	101	102	101	101
1861	0	0	0	0	0	0	0	0	0	0	0	0	0	0
1862	101	101	101	101	101	101	101	101	101	0	101	101	101	101
1872	0	0	0	0	0	0	0	0	0	0	0	0	0	0
1873	101	101	101	101	101	101	101	101	0	0	101	101	101	101
1877	101	101	101	102	101	101	101	101	0	0	101	101	101	101
1881	202	202	202	202	202	202	202	202	0	0	202	202	202	202
1882	0	0	0	0	0	0	0	0	0	0	0	0	0	0
1883	202	202	202	202	202	202	202	202	0	0	202	202	202	202
1885	101	102	101	101	101	101	101	101	0	0	0	0	0	0
1886	101	0	101	0	0	0	101	101	0	0	0	0	0	0
1887	202	202	202	202	202	202	202	202	202	0	202	202	202	202
1888	202	202	202	202	202	202	0	202	0	0	202	202	202	202
1889	101	101	101	101	101	101	101	101	101	0	101	101	101	101
1890	0	0	0	0	0	0	0	0	0	0	0	0	0	0