Loci_List
3
5
6
10
19
24
28
38
39
43
53
60
67
71
72
73
81
85
91
92
93
94
98
101
102
107
110
113
114
120
124
125
126
127
138
147
148
152
154
159
160
164
166
168
169
179
180
183
187
200
204
208
209
215
217
220
221
225
233
236
240
242
244
249
253
264
265
279
281
284
286
287
298
301
304
315
320
344
358
362
364
365
372
374
376
377
379
381
383
386
388
390
391
392
395
397
401
406
411
422
424
432
440
443
444
457
461
462
463
480
485
490
491
495
496
498
499
501
511
512
520
522
525
528
530
541
546
548
554
558
561
563
576
584
587
597
599
606
612
613
616
617
618
630
634
640
644
652
660
661
662
669
671
673
674
675
677
682
685
691
700
703
704
707
715
716
733
739
746
752
756
765
766
769
772
777
781
786
792
796
798
804
809
813
815
816
836
837
839
849
859
860
875
877
878
885
888
889
892
896
902
906
907
912
914
927
928
929
930
931
936
939
943
952
955
956
960
962
964
966
969
982
984
986
987
989
992
996
1000
1002
1011
1016
1018
1020
1027
1031
1032
1034
1036
1040
1042
1044
1046
1047
1048
1050
1051
1054
1056
1069
1071
1076
1078
1081
1094
1095
1096
1098
1118
1122
1124
1129
1141
1145
1146
1150
1151
1152
1155
1157
1159
1161
1167
1168
1179
1180
1187
1195
1201
1204
1210
1212
1218
1220
1221
1223
1228
1229
1233
1236
1245
1246
1249
1255
1258
1260
1263
1275
1276
1278
1279
1281
1283
1287
1288
1290
1293
1294
1296
1306
1308
1311
1320
1321
1323
1324
1332
1337
1341
1345
1347
1349
1351
1357
1363
1366
1369
1370
1384
1393
1402
1410
1411
1412
1413
1414
1417
1421
1422
1428
1439
1444
1451
1463
1466
1467
1490
1499
1500
1501
1512
1515
1519
1521
1523
1531
1532
1534
1536
1538
1541
1543
1561
1565
1572
1574
1576
1577
1578
1582
1586
1588
1592
1593
1600
1602
1604
1608
1638
1641
1645
1646
1655
1658
1663
1666
1672
1675
1689
1693
1701
1704
1705
1707
1709
1712
1713
1715
1718
1722
1729
1737
1738
1748
1755
1756
1768
1771
1773
1787
1788
1791
1794
1802
1806
1812
1813
1814
1817
1818
1819
1821
1823
1824
1827
1828
1831
1836
1838
1843
1845
1848
1850
1853
1855
1859
1862
1872
1877
1882
1883
1886
1887
1888
1889
1890