Locus	GE011215_08.1_92bp	NA021015_02.1_92bp	YS_121316_05_92bp	JUK07_06.1_92bp	JB121807_06.1_92bp	JB021108_07.1_92bp	BOR07_19.1_92bp	GEO020414_11_300_92bp	AD06_034	WC05_038	HS04_005	PS12_029	PWS12_134	UP03_018
3	202	202	202	202	202	202	202	202	0	202	202	202	102	202
5	0	0	0	0	0	0	0	0	0	0	0	0	0	0
6	202	202	202	202	202	202	202	202	0	0	202	202	202	202
10	101	101	101	101	101	101	101	101	101	101	101	101	101	101
19	202	202	202	202	202	202	202	202	202	0	202	202	202	202
24	0	0	0	0	0	0	0	0	0	0	0	202	202	202
28	202	202	202	202	202	202	202	202	202	0	202	202	202	202
38	202	202	0	0	202	202	0	202	0	0	0	0	0	0
39	0	0	0	0	0	0	0	101	0	0	0	0	0	0
43	202	202	202	202	202	202	202	202	202	202	202	202	202	202
53	0	0	0	0	0	0	0	0	0	0	0	0	0	0
60	202	202	202	202	202	202	202	202	202	0	202	202	202	202
67	101	101	101	101	101	101	101	101	0	0	101	101	101	101
71	202	202	202	202	202	202	202	202	202	202	202	202	202	202
72	202	202	0	202	202	202	202	202	0	0	0	0	202	0
73	0	0	0	0	0	0	0	0	0	0	0	0	0	0
81	0	0	0	0	0	0	0	0	0	0	0	0	0	0
85	202	202	202	202	202	202	202	202	0	0	202	202	202	202
91	101	101	101	101	101	101	101	101	0	0	102	102	102	102
92	102	101	101	101	102	102	101	101	0	0	202	202	202	202
93	101	102	101	102	101	102	102	202	0	0	101	101	101	101
94	0	0	0	0	0	0	0	0	0	0	0	0	0	0
98	101	101	101	102	101	101	101	101	0	0	101	101	101	101
101	202	102	202	202	202	202	202	202	102	202	102	102	102	102
102	101	101	101	101	101	101	101	101	0	0	101	101	0	101
107	202	202	202	202	202	202	0	102	0	0	202	202	0	202
110	202	202	202	202	202	202	202	202	101	0	101	101	101	101
113	101	101	101	101	101	101	101	101	101	0	101	101	101	101
114	0	0	0	0	0	0	0	0	0	0	0	0	0	0
120	202	202	202	202	202	202	202	202	0	0	202	202	202	202
124	202	202	202	202	202	202	202	202	0	0	0	202	0	0
125	0	0	0	0	0	0	0	0	0	0	0	0	0	0
126	102	202	202	102	102	202	202	202	0	0	202	202	202	202
127	101	101	101	101	101	101	101	101	101	101	101	101	101	101
138	101	101	101	101	101	101	101	101	101	0	101	101	101	101
147	101	101	101	101	101	101	101	101	0	0	102	101	101	101
148	202	202	202	202	202	202	202	202	0	0	0	0	0	0
152	101	101	101	101	101	101	101	101	0	0	101	0	0	0
154	101	101	101	101	101	102	101	102	0	0	101	101	101	101
159	102	102	102	102	102	102	102	102	0	0	0	0	0	0
160	202	202	202	202	202	202	202	202	202	202	202	202	202	202
164	102	102	101	101	102	102	101	101	0	101	101	101	101	101
166	0	0	0	0	0	0	0	0	0	0	0	0	0	0
168	101	101	101	101	101	101	101	101	101	0	101	101	101	101
169	101	101	101	101	101	101	101	101	101	0	101	101	101	101
179	102	101	101	101	101	102	102	101	0	0	0	0	0	0
180	102	102	102	102	102	102	102	102	0	0	102	102	102	102
183	202	102	202	202	202	202	202	102	0	0	202	202	202	202
187	0	202	202	202	202	202	202	202	0	0	202	202	202	202
200	101	101	101	101	102	102	101	101	0	0	101	101	101	101
204	101	101	101	101	101	101	101	101	0	0	101	101	101	101
208	202	202	202	102	202	202	202	202	0	0	0	0	0	0
209	101	101	101	101	101	101	101	101	101	101	101	102	101	101
215	101	101	101	101	101	101	101	101	0	0	101	101	101	101
217	202	202	202	202	202	202	202	202	0	0	202	202	202	202
220	101	101	101	101	101	101	101	101	0	0	0	101	0	0
221	101	101	102	101	101	101	102	102	0	0	101	101	101	102
225	202	202	202	202	202	202	202	202	202	0	202	202	202	202
233	102	0	102	101	202	102	101	101	101	0	101	101	101	101
236	202	102	202	202	101	202	202	202	0	0	202	202	202	202
240	102	102	202	101	202	102	101	202	0	0	101	101	101	101
242	101	101	101	101	101	101	101	101	101	101	101	101	101	101
244	101	101	101	101	101	101	0	101	0	0	101	101	0	101
249	0	0	0	0	0	0	0	0	0	0	0	0	0	0
253	101	101	101	101	101	101	101	101	101	0	101	101	101	101
264	0	0	0	0	0	0	0	0	0	0	0	0	0	0
265	101	0	101	101	101	0	0	101	0	0	101	101	101	102
279	0	0	0	0	0	0	0	0	0	0	0	0	0	0
281	0	0	0	0	0	0	0	0	0	0	0	0	0	0
284	202	202	202	102	202	202	102	202	101	101	101	101	101	101
286	202	202	202	102	202	202	202	202	202	0	202	202	202	102
287	202	202	202	202	202	202	202	202	0	0	202	202	202	202
298	0	0	0	0	0	0	0	0	0	0	0	0	0	0
301	202	202	202	202	202	202	202	202	202	0	202	202	202	202
304	101	101	102	102	101	101	102	102	0	0	101	102	102	102
315	202	202	202	202	101	202	202	102	0	0	202	202	202	202
320	202	202	202	202	202	202	202	202	0	0	0	0	0	0
344	101	101	101	101	101	101	101	101	0	0	101	101	101	101
358	101	101	101	202	102	101	101	101	101	101	101	101	101	102
362	0	0	0	0	0	0	0	0	0	0	0	0	0	0
364	202	202	101	202	202	202	202	202	0	0	101	101	101	101
365	0	0	0	0	0	0	0	0	0	0	0	0	0	0
372	101	101	101	101	101	101	101	101	0	0	101	101	101	101
374	202	202	202	202	202	202	202	202	0	0	202	202	202	202
376	202	202	202	102	202	202	202	202	0	0	202	202	202	202
377	101	101	101	101	101	101	101	101	0	0	101	101	101	101
379	202	202	202	202	202	202	202	202	202	0	202	202	202	202
381	102	202	102	102	202	101	102	101	0	0	202	202	202	202
383	202	202	0	202	202	202	202	202	0	0	202	202	202	202
386	0	0	0	0	0	0	0	0	0	0	0	0	0	0
388	0	0	101	101	101	101	101	101	0	0	101	101	101	101
390	101	101	101	102	101	101	101	101	101	0	101	101	101	101
391	102	101	101	101	101	101	101	101	0	0	101	101	101	101
392	102	202	202	202	202	202	202	202	0	0	202	202	202	202
395	202	202	202	202	202	202	202	102	0	0	202	202	202	202
397	202	202	202	202	202	202	202	0	0	0	0	0	0	0
401	101	101	101	102	101	101	101	101	0	101	101	101	101	101
406	0	0	0	0	0	0	0	0	0	0	0	0	0	0
411	101	101	101	101	101	101	101	101	0	101	101	101	101	101
422	202	202	202	202	202	202	202	202	0	0	202	202	202	202
424	101	101	101	101	101	0	101	101	0	0	101	101	101	101
432	0	101	101	101	101	0	101	101	0	0	101	101	101	101
440	202	102	202	202	202	102	102	202	0	0	0	0	101	101
443	202	202	202	202	202	202	202	202	0	0	202	202	0	0
444	202	202	102	202	202	102	202	202	0	0	202	0	202	0
457	101	101	101	101	101	101	101	101	0	0	101	101	101	101
461	101	101	101	101	101	101	101	101	0	0	0	0	0	0
462	202	202	202	202	202	202	0	102	0	0	202	202	202	202
463	102	102	202	202	202	202	202	202	0	0	202	202	202	202
480	101	101	101	101	101	101	101	101	0	0	101	101	101	101
485	101	102	0	101	101	101	102	101	101	101	101	101	101	101
490	102	102	102	202	102	102	202	202	101	101	101	101	101	101
491	202	202	202	202	202	202	202	202	0	0	0	0	0	0
495	101	101	101	101	101	101	101	101	0	0	101	101	101	101
496	202	202	202	102	202	202	202	202	0	202	202	202	202	202
498	0	101	101	101	101	0	101	101	0	101	101	101	101	101
499	202	202	202	202	0	202	202	202	0	0	0	202	202	202
501	202	202	202	202	202	202	202	202	202	0	202	202	202	202
511	0	0	0	0	0	0	0	0	0	0	0	0	0	0
512	0	0	0	0	0	0	0	0	0	0	0	0	0	0
520	101	101	101	101	101	101	101	101	0	0	101	101	101	101
522	0	0	0	0	0	0	0	0	0	0	0	0	0	0
525	101	101	101	101	101	101	101	101	0	0	101	101	0	101
528	101	101	101	0	101	101	101	101	0	0	102	101	102	101
530	0	0	0	0	0	0	0	0	0	0	0	0	0	0
541	0	0	0	0	0	0	0	0	0	0	0	0	0	0
546	101	101	102	101	101	102	101	102	0	0	101	101	101	101
548	0	0	0	0	0	0	0	0	0	0	101	0	0	0
554	101	101	0	101	101	101	101	101	0	0	101	101	101	101
558	0	0	0	0	0	0	0	0	0	0	0	0	0	0
561	101	101	101	101	101	101	101	102	101	0	101	101	101	101
563	101	101	101	101	101	101	101	101	0	0	101	101	101	101
576	0	0	0	0	0	0	0	0	0	0	0	0	0	0
584	101	101	101	101	101	101	101	101	0	0	101	101	101	101
587	202	202	102	202	202	202	202	202	0	0	202	202	0	0
597	202	202	202	202	202	202	202	202	202	202	202	202	202	202
599	202	202	202	202	202	202	202	202	0	0	202	202	0	0
606	101	101	101	101	101	101	0	101	101	0	101	101	101	101
612	202	202	202	202	202	202	202	202	202	202	202	202	202	202
613	202	202	202	202	202	202	202	202	202	0	202	202	202	202
616	102	102	102	101	102	102	101	101	0	0	202	202	202	202
617	102	102	101	102	102	102	102	102	101	101	101	101	101	101
618	101	101	0	101	101	102	101	101	101	0	101	101	102	101
630	202	202	202	202	202	202	202	202	0	0	202	202	202	202
634	202	202	202	202	202	202	202	202	0	202	202	102	202	202
640	0	0	0	0	0	0	0	0	0	0	0	0	0	0
644	202	202	202	202	202	202	202	202	202	202	0	202	202	202
652	101	101	101	101	101	101	101	101	0	0	101	101	101	101
660	202	202	202	202	202	202	202	202	0	0	202	202	202	202
661	202	202	202	202	202	202	202	202	0	0	0	0	0	0
662	202	202	202	202	202	202	202	202	202	202	202	202	202	202
669	101	101	101	101	101	101	101	101	0	0	202	102	102	102
671	102	202	202	202	202	202	202	202	0	0	202	202	202	202
673	0	0	0	0	0	0	0	0	0	0	0	0	0	0
674	202	202	0	202	202	202	202	202	0	0	0	202	202	202
675	102	101	101	101	101	101	101	101	101	0	101	101	102	101
677	0	0	0	0	0	0	0	0	0	0	0	0	0	0
682	0	0	0	0	0	0	0	0	0	0	0	0	0	0
685	202	202	202	202	202	202	202	202	0	0	202	202	202	202
691	0	0	0	0	0	0	0	0	0	0	0	0	0	0
700	101	101	101	101	101	101	101	101	0	0	101	202	101	102
703	202	202	202	202	202	202	202	202	0	0	202	202	202	202
704	0	0	0	0	101	0	0	101	0	0	0	0	0	0
707	0	0	0	0	0	0	0	0	0	0	0	0	0	0
715	102	202	202	102	202	202	202	202	202	202	202	202	202	202
716	0	0	101	101	101	101	101	101	0	0	101	101	101	101
733	202	202	202	202	202	202	202	202	0	0	202	202	202	202
739	0	0	0	0	0	0	0	0	0	0	0	0	0	0
746	202	202	202	102	202	202	202	202	202	202	202	202	202	102
752	202	202	202	102	202	202	202	102	0	0	202	202	202	202
756	101	101	101	101	101	101	101	101	0	0	101	101	101	101
765	102	101	101	101	102	102	102	202	0	0	202	202	202	202
766	0	0	0	0	0	0	0	0	0	0	0	0	0	0
769	102	101	101	101	101	202	102	101	0	0	101	102	101	101
772	0	0	0	0	0	0	0	0	0	0	0	0	0	0
777	102	101	101	101	101	101	101	101	101	101	101	101	101	101
781	101	101	101	101	101	101	0	101	0	0	101	101	0	101
786	202	202	202	202	202	202	202	202	202	0	202	202	202	202
792	0	101	101	101	101	102	0	101	0	0	0	101	0	101
796	102	202	102	202	202	102	202	202	0	0	202	202	202	202
798	101	102	101	101	101	101	101	101	101	0	101	101	101	101
804	202	202	202	202	202	102	202	102	202	0	202	202	202	202
809	202	202	202	102	202	202	202	202	202	0	202	202	202	202
813	0	0	0	0	0	0	0	0	0	0	0	0	0	0
815	102	202	102	102	102	102	102	102	0	202	202	202	202	202
816	202	202	0	202	202	202	202	202	202	0	102	202	202	102
836	202	202	202	202	202	202	202	202	0	0	202	202	202	202
837	0	0	0	0	0	0	0	0	0	0	0	0	0	0
839	202	202	202	202	202	202	0	202	0	0	202	202	202	202
849	202	202	202	202	202	202	202	202	0	0	202	202	202	202
859	202	202	202	202	202	202	202	202	0	0	202	202	202	202
860	202	202	202	202	202	202	202	202	0	0	0	0	0	202
875	101	101	101	101	101	102	101	102	0	0	102	101	101	101
877	0	202	202	202	202	202	202	202	0	0	202	202	202	202
878	0	0	0	0	0	0	0	0	0	0	0	0	0	0
885	202	202	202	202	202	202	0	202	0	0	202	202	202	202
888	102	102	102	202	101	102	202	202	0	0	102	102	102	102
889	0	0	0	0	0	0	0	0	0	0	0	0	0	0
892	101	101	101	101	101	101	101	101	0	0	101	101	101	101
896	101	101	101	101	101	101	101	101	0	0	101	101	101	101
902	101	101	101	101	101	101	101	101	0	0	101	101	101	101
906	0	0	0	0	0	0	0	0	0	0	0	0	0	0
907	202	102	102	101	102	102	101	202	0	0	101	101	101	101
912	202	202	202	202	202	202	202	202	202	0	202	202	202	202
914	101	101	101	101	101	101	101	101	0	0	101	101	101	101
927	101	101	101	101	101	101	101	101	0	0	101	101	101	101
928	0	0	0	0	0	0	0	0	0	0	0	0	0	0
929	102	202	202	202	202	202	202	202	0	0	202	202	0	202
930	0	0	0	0	0	0	0	0	0	0	0	0	0	0
931	0	0	0	0	0	0	0	0	0	0	0	0	0	0
936	101	101	101	101	101	101	101	101	0	0	101	101	101	101
939	0	0	0	0	0	0	0	0	0	0	0	0	0	0
943	0	0	101	101	101	101	101	101	0	0	101	101	101	101
952	101	101	101	101	101	101	101	101	101	0	101	101	101	101
955	0	0	0	0	0	0	0	0	0	0	0	0	0	0
956	101	101	101	101	101	101	101	101	0	0	0	0	0	0
960	0	0	0	0	0	0	0	0	0	0	0	0	0	0
962	202	202	202	202	202	202	202	102	0	0	202	202	202	202
964	0	0	0	0	0	0	0	0	0	0	0	0	0	0
966	202	202	202	202	202	0	202	202	0	0	202	202	202	202
969	202	202	202	202	202	202	202	202	202	202	202	202	202	102
982	0	0	0	0	0	0	0	0	0	0	0	0	0	0
984	0	0	0	0	0	0	0	0	0	0	0	0	0	0
986	101	101	101	101	101	101	101	101	101	0	101	101	101	102
987	0	0	0	0	0	0	0	0	0	0	0	0	0	0
989	101	101	101	101	101	101	101	101	101	0	101	101	101	101
992	101	101	101	101	101	101	101	101	101	0	101	101	101	102
996	202	202	202	202	102	202	102	202	102	0	101	101	202	101
1000	202	202	202	202	202	202	202	202	0	0	202	202	202	202
1002	101	101	202	102	102	101	102	101	202	102	102	102	102	102
1011	0	0	0	0	0	0	0	0	0	0	0	202	0	0
1016	101	101	101	101	101	101	101	101	0	0	101	101	101	0
1018	101	101	101	101	101	102	101	101	0	0	101	101	0	101
1020	102	101	101	101	101	101	102	101	202	0	202	202	102	102
1027	0	0	0	0	0	0	0	0	0	0	0	0	0	0
1031	102	101	102	101	202	101	101	102	0	0	101	101	101	101
1032	101	101	101	101	101	101	101	101	101	101	101	101	101	101
1034	101	101	101	101	101	101	101	101	0	0	101	101	101	101
1036	0	0	0	0	0	0	0	0	0	0	0	0	0	0
1040	202	202	202	202	202	202	202	202	0	0	202	202	202	202
1042	202	202	202	202	202	202	202	202	202	0	202	202	202	202
1044	0	0	0	0	0	0	0	0	0	0	0	0	0	0
1046	202	202	202	202	202	202	202	202	202	0	202	202	202	202
1047	101	101	102	101	102	101	101	101	0	0	102	102	102	102
1048	0	0	0	0	0	0	0	0	0	0	0	0	0	0
1050	0	0	0	0	0	0	0	0	0	0	0	0	0	0
1051	202	202	202	202	202	202	202	202	0	202	202	202	202	202
1054	202	202	102	202	202	202	202	202	0	0	202	202	202	202
1056	101	101	101	101	101	101	101	101	0	101	0	101	101	101
1069	202	102	202	202	202	202	202	102	0	202	202	202	202	202
1071	202	202	102	101	102	202	102	102	0	0	202	202	202	202
1076	101	101	101	101	101	101	101	101	0	102	102	102	101	102
1078	202	202	202	202	202	102	202	202	0	0	202	202	202	202
1081	101	101	102	101	101	101	102	101	202	0	102	102	102	101
1094	202	202	202	202	202	202	202	202	202	0	202	202	202	202
1095	0	0	0	0	0	0	0	0	0	0	0	0	0	0
1096	101	101	101	101	101	101	101	101	0	0	101	101	101	101
1098	101	101	101	101	101	101	101	101	101	101	101	101	101	101
1118	101	101	101	101	101	101	101	101	101	0	101	101	101	101
1122	101	102	102	102	101	102	101	101	0	0	202	202	102	202
1124	101	101	101	101	101	101	101	101	0	0	101	0	101	101
1129	0	0	0	0	0	0	0	0	0	0	0	0	0	0
1141	202	0	202	0	202	0	0	202	0	202	202	202	202	0
1145	0	0	0	0	0	0	0	0	0	0	0	0	0	0
1146	202	202	202	202	202	202	0	202	0	0	202	202	202	202
1150	0	0	0	0	0	0	0	0	0	0	0	0	0	0
1151	202	202	202	102	202	202	202	202	0	0	202	202	202	202
1152	0	0	0	0	0	0	0	0	0	0	0	0	0	0
1155	202	202	102	102	102	102	0	102	0	0	0	0	202	102
1157	101	101	101	102	101	101	101	101	101	0	101	101	101	101
1159	101	101	0	101	0	0	101	101	101	0	101	101	101	101
1161	202	202	202	202	202	202	202	202	0	0	0	202	202	202
1167	101	101	101	102	101	101	101	101	101	101	101	101	101	101
1168	0	0	0	0	0	0	0	0	0	0	0	0	0	0
1179	101	101	101	101	101	101	101	101	101	101	101	101	101	101
1180	101	101	101	101	101	101	101	101	0	0	101	101	101	101
1187	202	202	202	202	202	202	202	202	202	0	202	202	0	202
1195	0	0	0	0	0	0	0	0	0	0	0	0	0	0
1201	202	202	202	202	202	202	202	202	102	202	202	202	202	102
1204	101	101	101	101	101	101	101	101	101	0	101	101	101	101
1210	202	202	202	202	202	202	202	202	202	0	202	202	202	202
1212	202	202	202	202	202	0	202	202	202	202	202	202	202	202
1218	202	102	202	102	102	202	202	202	0	0	202	0	202	202
1220	202	202	202	202	202	202	202	202	202	0	202	202	202	202
1221	101	101	101	101	101	101	101	101	0	0	102	102	101	101
1223	101	101	101	101	101	101	101	101	0	0	0	0	0	101
1228	0	102	202	202	102	102	0	102	0	0	202	202	102	202
1229	102	101	102	101	101	101	101	101	0	0	101	101	101	101
1233	202	202	202	202	202	202	202	202	0	0	202	202	202	202
1236	0	0	0	0	0	0	0	101	0	0	0	0	0	0
1245	101	101	101	101	101	101	101	101	0	0	0	0	0	0
1246	202	202	202	202	202	202	202	202	202	0	202	202	202	202
1249	101	101	0	0	101	0	0	0	0	0	0	0	0	0
1255	0	0	0	0	0	0	0	0	0	0	0	0	0	0
1258	202	202	202	202	202	202	202	202	202	0	202	202	202	102
1260	0	0	0	101	0	0	0	0	0	0	0	0	0	0
1263	0	0	101	101	101	0	101	101	0	0	0	0	0	0
1275	202	202	202	202	202	202	202	202	0	0	202	202	202	202
1276	101	101	101	101	101	101	101	101	0	0	101	101	101	101
1278	101	102	101	101	101	101	101	102	101	0	101	101	101	101
1279	101	101	101	101	101	101	101	101	0	0	101	101	101	101
1281	101	101	101	101	101	101	101	101	101	0	101	101	101	101
1283	0	0	0	0	0	0	0	0	0	0	0	0	0	0
1287	101	101	101	102	101	101	101	101	0	0	101	101	101	101
1288	101	101	101	101	0	0	101	0	101	101	101	101	101	0
1290	202	202	202	202	202	202	202	202	0	0	202	0	0	202
1293	101	101	101	101	101	101	101	101	101	0	101	101	101	101
1294	0	0	0	0	0	0	0	0	0	0	0	0	0	0
1296	102	202	102	202	102	101	202	202	0	0	102	102	102	102
1306	102	102	101	101	102	102	101	102	101	0	101	101	101	101
1308	0	0	0	0	0	0	0	0	0	0	0	0	0	0
1311	101	101	102	101	101	101	101	101	101	101	101	101	101	101
1320	0	0	0	0	0	0	0	0	0	0	0	0	0	0
1321	202	202	202	102	202	202	202	202	202	202	202	202	202	202
1323	102	102	102	101	101	202	101	101	0	0	101	101	101	102
1324	0	0	0	0	0	0	0	0	0	0	0	0	0	0
1332	202	202	202	202	102	202	202	202	0	202	202	202	0	202
1337	102	202	202	202	102	202	202	102	0	0	102	102	102	102
1341	101	101	101	101	101	101	101	101	101	0	101	101	101	101
1345	0	0	0	0	0	0	0	0	0	0	0	0	0	0
1347	0	0	0	0	0	0	0	0	0	0	0	0	0	0
1349	0	0	0	0	0	0	0	0	0	0	0	0	0	0
1351	0	0	0	0	0	0	0	0	0	0	0	0	0	0
1357	202	202	202	102	202	202	202	202	202	202	202	202	202	202
1363	102	102	102	102	102	102	102	102	101	0	101	102	102	101
1366	101	101	0	0	101	0	0	101	0	0	101	101	101	101
1369	0	0	0	0	0	0	0	0	0	0	0	0	0	0
1370	202	202	202	202	202	202	202	202	0	0	202	202	0	202
1384	202	202	202	202	202	202	202	202	202	202	202	202	202	202
1393	102	101	102	102	102	102	102	102	0	0	202	202	202	202
1402	202	202	202	202	202	202	202	202	202	202	202	202	202	202
1410	0	0	0	0	0	0	0	0	0	0	0	0	0	0
1411	101	101	101	101	101	101	101	101	102	102	102	102	102	102
1412	101	101	101	101	101	101	101	101	101	0	101	101	101	101
1413	0	0	0	0	0	0	0	0	0	0	0	0	0	0
1414	101	101	101	101	101	101	101	101	0	0	101	101	101	101
1417	202	202	202	202	202	202	202	202	0	0	202	202	202	202
1421	202	202	202	202	202	202	202	202	0	0	102	202	202	202
1422	101	101	101	101	101	101	101	101	0	0	101	101	101	101
1428	101	101	101	101	101	101	101	101	0	0	101	101	101	101
1439	202	202	0	202	202	0	202	202	0	0	202	202	202	202
1444	101	101	101	101	0	101	101	101	0	0	0	101	0	0
1451	101	101	101	101	101	101	101	101	0	0	0	101	101	101
1463	202	202	102	202	202	202	202	202	0	0	202	202	202	202
1466	0	0	0	0	0	0	0	0	0	0	0	0	0	0
1467	101	101	101	101	101	101	101	101	0	0	101	101	0	0
1490	0	0	0	0	0	0	0	0	0	0	0	0	0	0
1499	0	0	202	102	102	102	102	202	0	0	202	202	202	202
1500	0	0	0	0	0	0	0	0	0	0	0	0	0	0
1501	202	202	202	202	202	202	202	202	202	0	202	202	202	202
1512	101	101	101	101	101	101	101	101	0	0	101	101	101	101
1515	101	0	0	101	0	0	101	101	0	0	0	101	0	101
1519	0	0	0	0	0	0	0	0	0	0	0	0	0	0
1521	0	0	0	0	0	0	0	0	0	0	0	0	0	0
1523	102	202	102	102	202	202	102	202	0	0	202	102	202	202
1531	202	202	102	202	202	202	202	102	0	0	202	202	202	202
1532	202	202	202	202	202	202	202	202	0	0	202	202	202	202
1534	0	0	0	0	0	0	0	0	0	0	0	0	0	0
1536	202	202	202	202	202	202	202	202	0	0	0	0	0	0
1538	0	0	0	101	0	0	0	0	0	0	0	0	0	101
1541	0	0	0	0	0	0	0	0	0	0	0	0	0	0
1543	101	101	101	101	101	101	101	101	0	0	101	101	101	101
1561	0	0	0	0	0	0	0	0	0	0	0	0	0	0
1565	202	202	202	202	202	202	202	202	0	0	101	102	102	102
1572	101	101	101	101	101	101	101	101	101	0	101	101	101	101
1574	0	0	0	0	0	0	0	0	0	0	0	0	0	0
1576	102	102	202	202	101	202	202	102	0	0	0	0	0	0
1577	0	0	0	0	0	0	0	0	0	0	0	0	0	0
1578	0	0	0	0	0	0	0	0	0	0	0	0	0	0
1582	202	202	202	202	202	202	102	202	0	0	202	202	202	202
1586	202	202	202	202	202	202	202	202	0	0	202	202	202	202
1588	101	101	101	101	101	101	101	101	0	0	101	101	101	101
1592	202	202	202	202	202	202	202	202	202	0	202	202	202	202
1593	202	102	202	202	202	202	202	202	102	0	102	101	102	102
1600	0	0	0	0	0	0	0	0	0	0	0	0	0	0
1602	101	0	101	0	0	0	101	0	0	0	0	101	101	0
1604	101	101	101	101	101	101	101	101	0	0	101	101	101	101
1608	202	202	202	202	202	202	102	202	0	0	202	202	202	202
1638	101	101	0	101	101	101	101	101	101	101	101	101	101	101
1641	202	202	202	202	202	202	202	202	0	0	202	202	202	202
1645	101	101	101	101	101	101	101	101	0	0	101	101	101	101
1646	101	101	101	101	101	101	101	101	0	0	0	0	0	0
1655	102	102	102	102	102	202	202	202	102	0	102	202	102	102
1658	202	202	202	202	102	202	202	202	202	0	202	202	202	202
1663	101	101	101	101	101	101	101	0	0	0	101	0	0	102
1666	101	101	101	101	101	101	101	101	0	0	101	101	101	101
1672	101	101	101	101	101	101	101	101	101	101	101	101	101	101
1675	0	0	0	0	0	0	0	0	0	0	0	0	0	0
1689	101	101	101	101	101	101	101	101	0	0	101	101	101	101
1693	102	101	102	102	102	102	102	101	0	0	101	101	101	101
1701	202	202	202	202	202	202	202	202	0	202	202	202	202	202
1704	202	202	202	202	202	202	202	202	0	0	202	202	0	0
1705	101	101	101	101	101	101	101	101	202	0	202	202	102	202
1707	0	0	0	0	0	0	0	0	0	0	0	0	0	0
1709	0	0	0	0	0	0	0	0	0	0	0	0	0	0
1712	0	0	0	0	0	0	0	0	0	0	0	0	0	0
1713	202	102	202	202	202	202	202	202	0	0	202	202	202	202
1715	0	0	0	0	0	0	0	0	0	0	0	0	0	0
1718	0	202	102	202	202	0	102	202	0	0	202	202	202	202
1722	0	0	0	0	101	0	0	0	0	0	0	0	0	0
1729	102	202	202	202	202	202	202	202	0	0	202	202	202	202
1737	0	0	0	0	0	0	0	0	0	0	0	0	0	0
1738	202	202	202	202	202	202	202	102	0	202	202	202	202	202
1748	101	101	101	101	101	101	101	101	0	0	101	202	101	101
1755	101	101	101	101	101	101	101	101	0	0	101	101	101	101
1756	101	101	0	101	101	101	101	101	0	0	101	101	101	101
1768	202	202	202	202	202	202	202	202	0	0	202	202	202	102
1771	0	0	0	0	0	0	0	0	0	0	0	0	0	0
1773	0	0	0	0	0	0	0	0	0	0	0	0	0	0
1787	0	0	0	0	0	0	0	0	0	0	0	0	0	0
1788	202	202	202	202	202	102	202	202	202	0	202	202	202	202
1791	0	0	0	0	0	0	0	0	0	0	0	0	0	0
1794	202	101	202	102	202	202	102	202	0	0	101	101	101	101
1802	202	202	102	202	0	202	202	101	0	0	0	0	0	0
1806	202	202	202	0	0	202	202	202	0	0	0	0	0	0
1812	202	202	202	202	202	202	202	202	0	0	202	202	202	202
1813	101	101	101	101	101	101	101	101	0	0	101	101	101	101
1814	0	0	101	101	0	0	101	101	0	0	101	101	101	101
1817	0	0	0	0	0	0	0	0	0	0	0	0	0	0
1818	101	101	101	101	101	101	101	101	0	0	101	101	101	101
1819	102	202	202	202	202	202	202	202	202	202	102	202	202	202
1821	102	202	101	102	102	102	0	101	0	0	202	202	202	102
1823	202	202	202	202	202	202	202	202	0	0	202	202	202	202
1824	101	101	101	102	101	101	101	101	0	0	101	101	101	101
1827	101	101	101	101	101	101	101	101	101	0	101	101	101	101
1828	102	101	102	202	102	202	102	101	0	0	101	101	101	101
1831	102	102	102	202	102	102	101	101	202	0	202	202	202	202
1836	101	101	101	101	101	101	102	101	0	0	101	102	101	101
1838	101	101	101	101	101	101	101	101	101	0	101	101	101	101
1843	0	0	0	0	0	0	0	0	0	0	0	0	0	0
1845	0	0	0	0	0	0	0	0	0	0	0	0	0	0
1848	101	101	101	101	101	101	101	101	0	0	101	101	101	101
1850	0	0	0	0	0	0	0	0	0	0	0	0	0	0
1853	101	101	101	101	101	101	101	101	101	0	101	101	101	101
1855	101	101	101	101	102	101	101	101	0	0	101	101	101	101
1859	0	0	101	101	101	101	0	101	0	0	101	102	101	101
1862	101	101	101	101	101	101	101	101	101	0	101	101	101	101
1872	0	0	0	0	0	0	0	0	0	0	0	0	0	0
1877	101	101	101	102	101	101	101	101	0	0	101	101	101	101
1882	0	0	0	0	0	0	0	0	0	0	0	0	0	0
1883	202	202	202	202	202	202	202	202	0	0	202	202	202	202
1886	101	0	101	0	0	0	101	101	0	0	0	0	0	0
1887	202	202	202	202	202	202	202	202	202	0	202	202	202	202
1888	202	202	202	202	202	202	0	202	0	0	202	202	202	202
1889	101	101	101	101	101	101	101	101	101	0	101	101	101	101
1890	0	0	0	0	0	0	0	0	0	0	0	0	0	0