Locus	fst	chromosome	position
7241	0.1024	LG01	77324
15791	0.0127	LG01	141695
16040	0.016	LG01	214355
5023	0.0107	LG01	214443
15232	1e-04	LG01	1020445
16742	-0.0034	LG01	1741024
23271	-0.0019	LG01	2020904
5208	-0.0097	LG01	2044448
13090	-0.0052	LG01	2507110
14344	0.1052	LG01	2557271
3464	-0.0055	LG01	2734393
25135	-0.0032	LG01	3189475
14379	3e-04	LG01	3282792
16039	-5e-04	LG01	3360383
1617	3e-04	LG01	3728784
21801	0.0054	LG01	3842286
15543	-0.0017	LG01	3923225
19183	2e-04	LG01	4056640
18328	-0.0019	LG01	4337363
22648	0.0079	LG01	4342933
1773	-8e-04	LG01	4343021
20195	0.0014	LG01	4436797
24083	0.0071	LG01	4439028
13162	0.0116	LG01	4650983
14814	-0.0031	LG01	4757332
5894	-9e-04	LG01	5179409
14329	-1e-04	LG01	5404659
13937	1e-04	LG01	5901020
14234	0.0166	LG01	5909093
8445	0.0093	LG01	6120990
4739	-0.0034	LG01	6163089
24874	-0.0057	LG01	6163947
24436	0.0053	LG01	6191353
15217	5e-04	LG01	6363572
19232	-0.0061	LG01	6367870
13020	0.013	LG01	6378884
15240	-0.0079	LG01	7286931
20343	-0.0068	LG01	7310623
2151	-0.0075	LG01	7446401
15269	0.0259	LG01	7489971
8242	-0.0067	LG01	7621451
10366	0.019	LG01	7718267
1190	0.0013	LG01	8092422
13142	0.0038	LG01	8383158
20	0.0043	LG01	8417786
4132	0.0107	LG01	8475035
4244	0.0118	LG01	8751793
8148	0.0299	LG01	8752897
23057	0.011	LG01	8762573
24643	0.0061	LG01	8762661
20437	0.0076	LG01	8869410
1094	0.0098	LG01	8989975
15675	3e-04	LG01	8990063
25114	1e-04	LG01	9008309
12917	7e-04	LG01	9329019
16982	0.0144	LG01	9333078
7545	0.0078	LG01	9399694
23449	-0.0027	LG01	9519370
11115	0.013	LG01	9595976
14661	0.0354	LG01	9665708
4494	0.0054	LG01	9685227
12793	0.0553	LG01	9691847
1833	0.0062	LG01	9761602
9729	0.0172	LG01	10497992
13041	0.0249	LG01	10868696
11140	-0.0066	LG01	11291570
9596	7e-04	LG01	11383360
22978	-0.0039	LG01	11703390
2780	-0.0041	LG01	11869646
24673	-6e-04	LG01	12331744
19031	0.0121	LG01	12492400
21720	1e-04	LG01	12649886
21844	3e-04	LG01	12649886
1104	0.0122	LG01	12761963
669	0.0545	LG01	12788651
1565	0.0063	LG01	12864533
9825	0.0042	LG01	12866887
9456	-0.0028	LG01	12895039
17342	-0.0011	LG01	13165795
13276	-0.0029	LG01	13203369
15037	-0.0071	LG01	13433828
1848	-0.0022	LG01	13443093
8920	0.0104	LG01	13525139
2362	-8e-04	LG01	13543511
253	9e-04	LG01	13663746
17183	0.0047	LG01	14174929
24779	0	LG01	14182553
14720	-0.0012	LG01	14360204
22931	3e-04	LG01	14391336
20245	0.0413	LG01	14915282
10524	0.0157	LG01	15222575
6220	0.0252	LG01	15305774
12001	4e-04	LG01	15477998
5584	0.022	LG01	15478086
14461	0.0034	LG01	15523673
16036	0.0699	LG01	15698538
20222	0.0137	LG01	15949701
765	3e-04	LG01	16350985
9305	0.0045	LG01	16799615
15427	0.0087	LG01	17088969
2990	0.0023	LG01	17231504
24372	-0.0127	LG01	17254201
6225	-0.0019	LG01	17343059
14934	0.046	LG01	17381925
23717	0.0168	LG01	17410032
16441	0.0012	LG01	17478244
11370	-0.0025	LG01	17483374
7823	0.0036	LG01	17686137
15708	0.0103	LG01	17762848
23836	7e-04	LG01	17891826
3794	-0.0015	LG01	17891914
13135	0.0105	LG01	17894333
4365	0.0053	LG01	18164746
10477	0.0016	LG01	18299147
18099	4e-04	LG01	18634387
6218	0.0096	LG01	18938963
7173	0.0291	LG01	18990205
4301	-0.0038	LG01	18990497
20154	4e-04	LG01	19065023
20926	0.0031	LG01	19851693
9000	4e-04	LG01	20164805
15443	0.003	LG01	20190362
17329	0.0027	LG01	20190450
24989	0.0029	LG01	20217301
7326	0.0098	LG01	20934271
3223	7e-04	LG01	21052003
21583	0.0208	LG01	21139714
24866	-8e-04	LG01	21344701
17281	-0.0099	LG01	21440315
24790	0.0082	LG01	21474522
2874	-0.0024	LG01	21713494
10399	-0.0015	LG01	22235777
12877	-0.0055	LG01	22265414
16033	-0.0051	LG01	22274751
829	0.0039	LG01	22477868
24934	0.003	LG01	22930946
11054	0.0124	LG01	22931034
2866	-0.007	LG01	23087036
6801	-9e-04	LG01	23099470
9277	0.0096	LG01	23131469
5569	0.0062	LG01	23205145
9926	0.0052	LG01	23296870
22373	-0.006	LG01	23816773
4003	-0.0052	LG01	24038892
17121	-0.0057	LG01	24067024
3776	0.0037	LG01	24455925
4909	0.013	LG01	24794728
11479	-0.0025	LG01	24916735
9421	0.0013	LG01	24972595
67	0.005	LG01	25118415
8948	-0.0031	LG01	25476939
9870	7e-04	LG01	25537657
7341	-0.0012	LG01	25623962
13766	6e-04	LG01	26270788
126	0.0021	LG01	26277273
2672	-2e-04	LG01	26278837
9996	-0.0027	LG01	26278925
23915	0.0033	LG01	26446274
14634	0.0016	LG01	26802776
1059	0.0043	LG01	27624343
2973	0.0325	LG01	27732633
3630	1e-04	LG01	28032467
25095	0.0102	LG01	28089675
2966	7e-04	LG01	28089763
13923	-0.0029	LG01	28259281
9530	-0.0035	LG02	486766
9673	0.0087	LG02	549312
16332	-0.0013	LG02	563449
18249	0.0021	LG02	565546
12161	-7e-04	LG02	704956
2227	4e-04	LG02	1753025
12720	0.0066	LG02	1753113
16396	0.015	LG02	1855213
12652	-0.0081	LG02	2196715
5819	0.0088	LG02	2217111
21402	-0.0122	LG02	2444342
24808	-0.0013	LG02	2862479
8450	0.0093	LG02	2934383
14890	0.0033	LG02	3068799
11304	0.013	LG02	4112741
1206	-0.003	LG02	4112829
14293	0.0112	LG02	4229502
20501	-0.0082	LG02	4299068
5692	-0.0032	LG02	4299155
17606	0.0108	LG02	4524449
23345	0.0154	LG02	4533055
265	0.0328	LG02	4572030
13038	-0.0078	LG02	5142106
24740	-0.0124	LG02	5175883
16683	0.0029	LG02	5502143
15714	-0.0049	LG02	5577796
20284	-0.0056	LG02	5625109
8581	0.0174	LG02	5756973
21377	0.0019	LG02	5810716
20373	0.0109	LG02	5899155
8277	-0.0058	LG02	5947585
9741	-0.0014	LG02	5980256
803	4e-04	LG02	6015120
19750	-0.0057	LG02	6566985
9632	0.0045	LG02	6571036
1082	-0.0029	LG02	7995350
6709	0.0031	LG02	8318815
15007	-0.005	LG02	8436896
6441	0.1213	LG02	8567129
10012	0.1142	LG02	8567215
14655	0.0127	LG02	8606584
7132	0.0236	LG02	8637797
368	-0.0022	LG02	8817267
21296	-0.005	LG02	8900071
12065	0.023	LG02	9912651
15557	0.016	LG02	9912739
17073	0.0057	LG02	10365156
23838	0.0276	LG02	11039942
19045	8e-04	LG02	11101487
2332	0.0039	LG02	11144818
10113	0.0073	LG02	11368661
20452	4e-04	LG02	11371678
19126	0.0083	LG02	11403166
6887	0.012	LG02	11466154
8305	-0.0024	LG02	11675992
8547	-0.002	LG02	11866579
15735	3e-04	LG02	11907621
17332	0.0227	LG02	12300457
3116	0.0177	LG02	12426111
17016	-0.0027	LG02	12664574
15872	0.045	LG02	13098019
1858	-0.0068	LG02	13158554
2196	1e-04	LG02	13700077
22699	-0.0011	LG02	13825179
7332	0.0119	LG02	14302912
3172	0.0102	LG02	14430240
18049	-0.0115	LG02	15045848
5196	0.025	LG02	16247316
18780	0.0244	LG02	16247404
695	0.0109	LG02	16820235
3791	-8e-04	LG02	16926107
766	0.0185	LG02	17006437
246	0.0116	LG02	17086725
14249	0.0273	LG02	17331983
22014	0.0374	LG02	17465390
9604	0.0029	LG02	17526987
11273	0.011	LG02	17972205
23203	-0.0028	LG02	18131841
17978	0.0274	LG02	18279914
8045	-0.0011	LG02	18447659
21277	0.0012	LG02	18598638
3721	0.0222	LG02	18900520
23624	0.0207	LG02	19001001
1906	-0.0119	LG02	19009588
23112	0.0068	LG02	19178339
17391	-0.0043	LG02	19424468
22131	0.0252	LG02	19717408
7610	0.0019	LG02	19846598
19598	-0.0093	LG02	20048778
14635	-0.0035	LG02	20550530
2733	0.0063	LG02	20586675
13478	-0.0011	LG02	21036308
10577	1e-04	LG02	21140684
17040	0.0137	LG02	21265012
14448	-0.0065	LG02	21558567
24101	0.0205	LG02	21722681
13321	-0.0114	LG02	21828564
21078	0.0116	LG02	22029483
10374	0.0063	LG02	22089412
11214	0.032	LG02	22650212
23416	-6e-04	LG02	23079533
22707	0.0041	LG02	23145300
3828	-0.0108	LG02	23363691
20586	-0.0025	LG02	23733031
1345	0.0795	LG02	23955104
12892	-0.006	LG03	714072
11905	0	LG03	970105
1420	0.0114	LG03	1176528
7509	0.1077	LG03	1901276
22270	0.0142	LG03	2331790
11166	0.0136	LG03	2817506
6971	-0.0049	LG03	2817594
16313	-4e-04	LG03	3136811
5079	-0.0052	LG03	3440963
18822	0.0144	LG03	4110675
8316	-0.0082	LG03	4477954
7117	0.0046	LG03	5072653
17580	-0.0046	LG03	5317343
12641	-0.0056	LG03	5337885
13796	-0.0089	LG03	5379523
19441	8e-04	LG03	5484346
13850	0.0097	LG03	5549748
16127	-0.0068	LG03	5549836
12579	0.0361	LG03	5782208
10063	-0.0027	LG03	6310553
16089	0.0093	LG03	6574564
5688	0.0349	LG03	6697589
21028	0.0025	LG03	6721861
23215	4e-04	LG03	6928935
19081	0.0827	LG03	7238162
21613	-0.0049	LG03	7275254
16360	0.0035	LG03	7374030
5442	0.0117	LG03	7519450
7055	-0.0064	LG03	7555515
6657	0.0026	LG03	7628668
15903	-0.0029	LG03	7655613
14032	0.0088	LG03	7893897
4002	0.0075	LG03	8053673
16706	0.0194	LG03	8053761
8205	5e-04	LG03	8108048
23863	-0.0093	LG03	8123980
6431	0.0013	LG03	8422729
7975	-0.002	LG03	8603130
2647	-0.0021	LG03	8603218
2371	0.0213	LG03	8761931
24348	0.0103	LG03	9050793
1085	-0.0013	LG03	9056737
4453	-0.0042	LG03	9773441
9983	-0.0027	LG03	9887414
14432	0.0026	LG03	10654173
10860	6e-04	LG03	10767775
7485	-0.0013	LG03	10832030
4905	0.0046	LG03	11011877
3799	8e-04	LG03	11143943
17132	-0.0076	LG03	11263632
10685	0.0326	LG03	11289964
22539	0.0026	LG03	11485414
8375	3e-04	LG03	11594755
23475	-0.0018	LG03	11682954
15386	0.005	LG03	11769363
23336	0.0311	LG03	11807877
3991	0.002	LG03	11820911
11290	0	LG03	12068762
10910	0.0238	LG03	12292138
21185	0.003	LG03	12326269
4010	0.0081	LG03	13761867
11001	-0.0055	LG03	14489701
5461	-0.001	LG03	14545616
7322	0.0081	LG03	14577642
17134	0.0109	LG03	14854029
169	-0.0066	LG03	15330761
22800	-0.0026	LG03	15388181
14754	0.0662	LG03	15653987
1845	-0.0022	LG03	16345097
24600	0.0071	LG03	16874492
12779	0.0976	LG03	16893706
13769	-0.0022	LG03	16947873
3004	0.002	LG03	16947961
4779	0.0095	LG03	16989964
11783	0.0042	LG03	17011557
3577	0.0119	LG03	17399324
13463	0.0033	LG03	17403120
13583	0.006	LG03	17439369
23544	0.0179	LG03	17774929
6728	0.0018	LG03	17912149
21046	-0.0026	LG03	18033092
5524	0.0025	LG03	18033180
23732	-0.0033	LG03	18399324
21244	0	LG03	18402039
206	-0.0011	LG03	19138705
10413	0.0435	LG03	19637006
19255	-0.0024	LG03	19837223
13291	-0.0087	LG03	19837311
3853	-0.0021	LG03	19916664
15069	-0.0022	LG03	20311656
21327	0.028	LG03	20363142
1451	8e-04	LG03	20425799
1957	0.0116	LG03	20523113
8572	0.0071	LG03	20677019
101	0.0099	LG03	20685759
11175	0.0097	LG03	20693188
19592	0.0228	LG03	20800363
25164	-0.0037	LG03	21493309
12729	-3e-04	LG03	21639916
22983	-0.008	LG03	21749404
12734	-0.0033	LG03	21918122
12881	0.008	LG03	22108213
6768	-0.0049	LG03	22113564
20130	0.0033	LG03	22446759
9864	-3e-04	LG03	22541811
10665	0.0034	LG03	22711876
21821	-3e-04	LG03	22712251
9853	0.0016	LG03	22734972
14972	-0.0028	LG03	23204521
18535	2e-04	LG03	23373618
23001	-3e-04	LG03	23423007
15442	3e-04	LG03	23446575
23706	-0.0025	LG03	23466014
6993	0.0031	LG03	23801182
12623	0.0062	LG03	23860880
15604	-0.0077	LG03	23897780
24194	0.0019	LG03	23926965
4025	0.0211	LG03	24223878
25450	-9e-04	LG03	24305530
12922	0.0112	LG03	24368355
1193	-0.0088	LG03	24543439
23182	-0.0011	LG03	24566292
23000	0.0014	LG03	24732451
17454	0.014	LG03	24732539
2148	0.0106	LG03	24816799
15677	-0.0036	LG03	24849640
19881	0.0074	LG03	24958507
22895	-0.0112	LG03	24988455
19275	0.012	LG03	25242684
2977	0.0165	LG03	25242772
189	0.0148	LG03	25718099
12087	-6e-04	LG03	25954272
23029	-0.0081	LG03	26493285
16621	0.0029	LG03	26542928
481	0.0448	LG03	26628801
24772	-0.007	LG03	27111842
18415	0.0262	LG03	27141255
12649	0.0109	LG03	27466090
4747	0.0277	LG03	27467753
440	0.0113	LG03	27467841
1218	0.0037	LG03	27647413
18994	0.0176	LG03	27850690
10222	-0.0014	LG03	27941905
14459	0.0347	LG03	28067721
2446	0.0055	LG03	29018446
5413	6e-04	LG03	29071150
19975	-0.0052	LG03	29149035
1052	-0.0031	LG03	29149123
2621	0.0038	LG04	378962
9681	0.0313	LG04	1199563
7074	0.0136	LG04	1318831
221	-7e-04	LG04	1318919
23824	-0.0103	LG04	1450506
9497	0.0219	LG04	1602719
9776	0.0051	LG04	1846805
7081	0.0258	LG04	2557433
11762	-0.0014	LG04	4067370
9850	-6e-04	LG04	4223942
7399	0.0102	LG04	4348381
6640	0.0326	LG04	4559510
16944	0.0258	LG04	4758407
18590	0.0184	LG04	4877868
14364	0.0146	LG04	5000575
86	0.0188	LG04	5514604
6567	0.0036	LG04	5614539
5754	-2e-04	LG04	5682240
23595	0.0169	LG04	6557609
11627	-0.009	LG04	6571022
6384	0.0013	LG04	6617904
6609	-0.0057	LG04	6791037
24921	0.013	LG04	8453954
3280	-0.0098	LG04	8454042
21624	-0.0015	LG04	8536219
21488	-0.003	LG04	8724903
16046	0.0137	LG04	8899634
10706	0.0766	LG04	9581815
5824	0.0066	LG04	9835263
16173	-0.0055	LG04	10254916
7000	0.1041	LG04	11009190
6995	-0.002	LG04	11127341
5707	0.1525	LG04	12296490
3932	-0.007	LG04	13557402
220	0.01	LG04	13609089
13443	0.0058	LG04	13609177
2334	-0.0031	LG04	13791139
22728	0.0021	LG04	13820872
14514	0.2285	LG04	13820960
1138	-0.0016	LG04	14058546
2057	0.0087	LG04	14495195
21683	-0.0111	LG04	14603051
16474	0.0183	LG04	14767734
9992	-0.0019	LG04	14860399
9714	2e-04	LG04	15238228
12570	0.013	LG04	15462653
19718	-0.0084	LG04	15786063
22434	0.0021	LG04	15803099
21419	0.0015	LG04	15849042
12952	8e-04	LG04	15935786
1122	0.0035	LG04	16838600
20255	0.0085	LG04	17092539
6182	0.018	LG04	17601862
23845	-2e-04	LG04	17671956
19756	0.0036	LG04	17689844
17357	-0.0105	LG04	18182664
16620	0.0064	LG04	18616085
8018	-0.0034	LG04	18659305
5520	0.0072	LG04	18708578
12331	0.002	LG04	18954802
15828	0.0016	LG04	18954890
19761	0.0363	LG04	19319412
11725	-0.0075	LG04	19611569
25334	-9e-04	LG04	19650453
18648	0.0149	LG04	19725566
10136	3e-04	LG04	19736434
10857	-0.0011	LG04	19775761
18508	0.0102	LG04	20070601
4371	-0.0023	LG04	20122826
22261	-0.0033	LG04	20221981
23847	0.0241	LG04	20747991
23884	-0.0019	LG04	20800759
23079	-0.004	LG04	21683194
7962	0.0183	LG04	22010636
12982	6e-04	LG04	22046280
10585	0.0018	LG04	22250919
4373	0.0082	LG04	22943548
1859	0.0105	LG04	22949532
6522	4e-04	LG04	23060319
22034	0.005	LG04	23376531
4230	-0.0047	LG04	23389886
3578	8e-04	LG04	23391980
11736	-0.0022	LG04	23393908
8499	-0.0012	LG04	23394825
24957	7e-04	LG04	23463287
3694	0.0152	LG04	23536033
22908	-0.0079	LG04	23948172
2033	0.0128	LG04	24372151
4133	-0.0029	LG04	24866885
20574	0.0148	LG04	25004497
8590	0.0321	LG04	25049798
13845	0.0067	LG04	25562752
4777	0.0283	LG04	25625757
23422	0.0083	LG04	25712342
18577	0.0129	LG04	25721181
20354	-0.0047	LG04	25968078
2346	0.0397	LG04	26005081
6259	-0.0107	LG04	26274693
18193	0.0157	LG04	26465366
7598	0.0022	LG04	26623344
11896	-0.0035	LG04	26693499
2742	0.0063	LG04	26781953
4489	0.0621	LG04	27352498
17909	7e-04	LG04	27400513
14696	9e-04	LG04	27711493
20561	0.0074	LG04	28036248
22104	-0.0018	LG04	28268549
9878	-0.0038	LG04	28655265
5746	-0.002	LG04	28800174
24642	0.0018	LG04	29224003
21625	0.0062	LG04	29329140
16190	-0.0017	LG04	29395045
23964	-0.0061	LG04	29517813
4998	0.0014	LG04	29833176
23705	0.0425	LG04	30578350
4898	0.0031	LG04	30578438
9316	0.0019	LG04	30729475
23940	-0.005	LG04	30860184
10022	-0.0053	LG04	30922281
14472	0.0087	LG04	30956502
1392	0.0117	LG04	31306420
6672	-5e-04	LG04	31308425
6393	0.039	LG04	31961476
19740	0.0318	LG04	32561118
9308	8e-04	LG04	32661853
8095	-0.0056	LG04	33023845
7637	-0.0022	LG04	33296125
825	0.0012	LG04	33313977
4013	-0.0053	LG04	33514896
4212	0.0143	LG04	33598863
3875	0.0064	LG04	34503689
11244	0.0494	LG04	34560907
22930	0.0017	LG04	34615017
13345	0.0054	LG05	63205
25555	0.0094	LG05	89763
21732	-0.0066	LG05	2375291
5071	0.0037	LG05	2633866
16947	0.0407	LG05	3136987
11509	0.0049	LG05	3589620
5624	0.0034	LG05	3688022
14300	0.0165	LG05	4212380
21572	0.0615	LG05	4258516
16456	-0.0056	LG05	4768937
6554	-6e-04	LG05	4972861
13100	-0.0066	LG05	5100690
5481	-0.0025	LG05	5118361
10488	-0.0013	LG05	5151374
8079	-0.0015	LG05	5792527
13902	0.0034	LG05	5860607
3381	0.0022	LG05	6350461
16370	0.0121	LG05	7643714
592	0.0126	LG05	7679170
11052	0.0127	LG05	8177311
12823	0.0018	LG05	9109345
17944	-0.0048	LG05	9577848
18906	-0.0089	LG05	9579838
24751	3e-04	LG05	9794993
4471	-0.0019	LG05	10206004
8048	-0.0034	LG05	10285673
15308	-0.0062	LG05	10331545
20232	0.0102	LG05	10533578
109	6e-04	LG05	10536052
13066	-0.0115	LG05	10679060
15086	-0.0107	LG05	10725484
25641	6e-04	LG05	10857600
2810	0.0034	LG05	10974598
18355	0.0083	LG05	11138778
6292	-2e-04	LG05	11214699
10648	0.0024	LG05	11265067
15382	-0.0039	LG05	11546705
24504	-0.0089	LG05	11587563
12670	0.0271	LG05	11651084
17683	0.0072	LG05	12036263
9280	0.0011	LG05	12095423
20042	-0.0025	LG05	12599556
24009	0.0206	LG05	12735878
13081	0.0038	LG05	12942571
21649	0.0014	LG05	13154753
4818	-0.0017	LG05	13382747
3952	-0.0048	LG05	13877687
7494	0.0034	LG05	13987237
19118	-0.002	LG05	14061436
19867	0.0167	LG05	14061524
23500	0.0077	LG05	14113948
17629	-0.0091	LG05	14114194
19165	0.0019	LG05	14114282
24409	-0.0049	LG05	14290735
20144	8e-04	LG05	14401240
13979	0.012	LG05	14406847
12291	0.0053	LG05	14410867
4162	-0.0103	LG05	14791890
14596	-0.0044	LG05	16175181
21290	-0.0073	LG05	16180064
11483	0.003	LG05	16568600
16697	0.0106	LG05	16589226
12337	-0.0039	LG05	17283576
20929	-1e-04	LG05	17283664
3585	0.014	LG05	17298691
20573	1e-04	LG05	17773491
8842	-0.0047	LG05	17854897
25170	0	LG05	17962009
10153	-0.0046	LG05	17965979
23233	0.0046	LG05	18045368
982	-0.0013	LG05	18446161
5427	-0.0084	LG05	18739983
6944	0.0145	LG05	18764110
15494	0.0164	LG05	18979819
19937	0.0037	LG05	18997330
10276	0.0266	LG05	19239849
5738	0.0137	LG05	19319935
2934	-0.0057	LG05	19374392
4255	0.0619	LG05	19773629
19856	0.0096	LG05	19867310
13631	-0.0013	LG05	19888628
534	0.0051	LG05	20110056
10849	0.0167	LG05	20154474
24990	0.0108	LG05	20206853
22541	-0.0016	LG05	20236929
11191	-0.007	LG05	20436363
5600	-0.0013	LG05	20613309
19450	-0.0054	LG05	20850964
7922	0.0176	LG05	20956146
24976	0.0021	LG05	20961741
18694	-0.0035	LG05	21068872
8058	0.0306	LG05	21116866
20449	-0.003	LG05	21122347
14897	0.0051	LG05	21210136
9174	-1e-04	LG05	21240325
11254	-0.0036	LG05	21626691
2075	-0.0097	LG05	21654489
11717	0.0052	LG05	22040377
8849	0.0133	LG05	22279915
19522	0.004	LG05	22307581
14824	0.0104	LG05	22503857
19408	0.0241	LG05	22952177
15279	-5e-04	LG05	23371420
3226	0.227	LG05	23467528
8820	-0.0068	LG05	23467616
20744	0.0103	LG05	23975122
9216	0.0584	LG06	92177
20128	0.0242	LG06	176690
17934	0.0143	LG06	177317
17347	0.0057	LG06	1844542
13991	-0.0031	LG06	2695268
14298	0.0586	LG06	2745165
24966	0.0016	LG06	2752792
5367	0.0199	LG06	2752880
24876	0.0131	LG06	3270632
13627	-0.0037	LG06	3338770
13286	0.1176	LG06	3570877
6690	0.0035	LG06	3601332
19689	-0.0031	LG06	3616089
14572	-0.0088	LG06	3819643
4065	-0.0035	LG06	4009836
14955	0.0101	LG06	4090145
6069	-0.005	LG06	5096580
23232	0.0031	LG06	5400756
9967	1e-04	LG06	5507919
9502	-3e-04	LG06	5572616
12746	0.0125	LG06	5825278
15140	-0.0012	LG06	5825366
3734	-5e-04	LG06	5926292
13308	0.0042	LG06	6089527
7713	-0.0097	LG06	6229137
13575	7e-04	LG06	6229225
7870	-0.0026	LG06	6309938
927	-0.004	LG06	6420980
11563	0.0113	LG06	6489767
13917	-0.0047	LG06	6569806
21453	5e-04	LG06	6580009
15573	0.0078	LG06	6638277
20091	0.0415	LG06	6642602
18841	3e-04	LG06	6656691
12477	-0.0075	LG06	6779590
1017	-3e-04	LG06	6804646
10177	0.0237	LG06	6889844
4799	0.0126	LG06	6902120
5610	-8e-04	LG06	6965868
9369	-0.0034	LG06	7049845
14140	0.0024	LG06	7517417
7144	0.0063	LG06	7518086
18743	0.0025	LG06	7692783
20101	0.0024	LG06	7734851
5576	0.0047	LG06	7858844
3940	-0.007	LG06	7867156
16571	0.007	LG06	7867244
954	0.0192	LG06	8064417
926	-0.002	LG06	8571939
6833	-0.0032	LG06	8602962
11008	0.0376	LG06	9463080
5770	0.0017	LG06	9501622
22921	0.0551	LG06	9693517
11065	-0.0072	LG06	9702309
248	0.0204	LG06	10068536
21611	-0.0019	LG06	10068624
24028	0.0071	LG06	10474106
13341	-0.0048	LG06	10553940
18120	0.0063	LG06	10569904
13148	0.012	LG06	10767220
11521	0.0146	LG06	11046781
5719	0.0011	LG06	11439647
8016	0.017	LG06	11515636
15332	0.0151	LG06	11688414
9135	-0.0026	LG06	12182054
4452	-0.0073	LG06	12297808
8758	-0.0051	LG06	12398312
6112	0.0017	LG06	12940167
3692	-0.0106	LG06	13048766
22020	0.0125	LG06	13229716
8327	0.0177	LG06	13589351
14593	0.0034	LG06	13656731
4235	0.034	LG06	14270635
24665	0.015	LG06	14270724
3887	0.0177	LG06	14278663
6810	-0.0016	LG06	14645377
6157	0.0309	LG06	14713694
7726	0.0094	LG06	14765352
6652	-0.0041	LG06	16314186
16968	0.0021	LG06	17047164
15615	-0.0039	LG06	17092433
23650	4e-04	LG06	17098228
3973	0.0081	LG06	17505582
24868	0.0014	LG06	17520164
2885	-0.008	LG06	17595671
23346	0.004	LG06	17719747
14906	0.0023	LG06	18358526
733	-6e-04	LG06	18660007
4398	-0.0041	LG06	18998161
23788	9e-04	LG06	19578433
1054	-0.0011	LG06	19898749
5336	0.0171	LG06	20059538
4191	-0.0058	LG06	20741073
20705	0.2401	LG06	21055115
15407	-0.0033	LG06	21582654
4887	0.0213	LG06	22208449
19466	0.0271	LG06	22609209
5465	0.0105	LG06	22757568
7391	0.0042	LG06	22765329
8465	0.0061	LG06	22765417
16898	0.0017	LG06	23015385
16504	-0.0081	LG06	23022030
7666	-0.0023	LG06	23577967
18782	-0.0048	LG06	23908378
14932	-0.0023	LG06	24003056
17898	-0.0022	LG06	24099530
17066	4e-04	LG06	24966019
3396	0.0124	LG06	25314954
16904	0.0026	LG07	241251
13556	0.0336	LG07	545999
16573	-0.0064	LG07	1633397
23992	0.0054	LG07	2322767
24940	0.1996	LG07	2519292
5946	0.0064	LG07	2718878
5322	5e-04	LG07	4796419
3049	0.0045	LG07	5032372
20810	-0.0022	LG07	5032460
8890	0.0081	LG07	6489881
16410	0.0148	LG07	6570170
6894	0.0018	LG07	6888721
23190	0.0091	LG07	6942938
7763	-0.0036	LG07	7478136
25479	0.0131	LG07	7866364
8334	0.0073	LG07	8045347
6882	-0.0069	LG07	8078705
10210	-0.0028	LG07	8879525
8898	-0.0081	LG07	9012236
11216	0.0057	LG07	9149874
17835	-0.0018	LG07	9383414
11760	2e-04	LG07	9519203
3284	0.0236	LG07	9539930
23562	0.0156	LG07	9752923
8191	0.0209	LG07	10079179
11576	-0.0028	LG07	10877109
12578	9e-04	LG07	10968252
8100	9e-04	LG07	11428517
14999	0.0128	LG07	11429270
7875	-0.0064	LG07	11452690
23986	-0.0015	LG07	11698160
15934	0.0115	LG07	11782849
4137	-0.0034	LG07	11811714
11997	0	LG07	11912940
13198	0.0059	LG07	11977671
16062	-0.0067	LG07	12076536
20885	0.0257	LG07	12288312
23563	0.0095	LG07	12349213
2520	0.0034	LG07	12362085
14810	-0.0048	LG07	12619906
17322	-0.0077	LG07	13226104
2735	-0.0014	LG07	13236326
3195	-0.0098	LG07	13297888
22035	0.0017	LG07	13370025
14640	0.0232	LG07	13545769
23944	0.0295	LG07	14383434
121	0.018	LG07	14639666
20028	-0.0054	LG07	14687506
25567	-0.0029	LG07	14745633
10999	0.002	LG07	14769705
22166	0.0099	LG07	14854682
11149	-0.0102	LG07	14869558
10285	-0.0051	LG07	14894969
16881	0.0054	LG07	15142172
4637	0.012	LG07	15411923
24467	4e-04	LG07	15454584
21874	0.0092	LG07	15564103
16218	0.0042	LG07	16069098
7479	6e-04	LG07	16236256
925	0.011	LG07	16246230
7171	0.0038	LG07	16286288
3324	0.0082	LG07	16407381
18517	-4e-04	LG07	16558501
3111	-0.0082	LG07	16957862
9164	0.0011	LG07	16991607
14474	-0.0133	LG07	17381364
2069	-0.0016	LG07	17433168
22303	-0.004	LG07	17494008
22862	-0.0102	LG07	17602063
7458	-9e-04	LG07	17761824
17631	-0.0046	LG07	17895354
8813	0.0165	LG07	18222159
15473	0.0048	LG07	18504448
24287	-0.0021	LG07	18609422
6298	0.0033	LG07	19290922
21829	0.0122	LG07	19738440
10913	0.1541	LG07	20467284
4856	0.0887	LG07	20645188
13935	-0.0029	LG07	20916719
18796	0.0048	LG07	20918202
12962	3e-04	LG07	20991578
2319	-0.0022	LG07	20997192
15645	5e-04	LG07	21003278
20990	-0.0036	LG07	21131169
9800	0.0052	LG07	21196530
24999	0.0035	LG07	21196618
22324	0.0093	LG07	21203117
2454	0.0193	LG07	21594394
20197	0.0118	LG07	21773059
12303	0.0317	LG07	21866660
24684	0.0033	LG07	21989767
11768	0.0225	LG07	21989855
11902	-0.0064	LG07	22046260
22276	0.0766	LG07	22340068
25306	0.0021	LG07	22562227
22937	0.0016	LG07	23094487
2830	0.0019	LG07	23332711
1490	-0.002	LG07	23424347
3798	-0.0017	LG07	23461249
21016	-0.001	LG07	23507934
11860	0	LG07	24334636
22729	-0.0026	LG07	24533275
7604	-2e-04	LG07	24657611
19632	0.001	LG07	24868754
6357	-2e-04	LG07	25230566
19107	0.0054	LG07	25260051
24414	0.0111	LG07	25379906
19046	2e-04	LG07	25485765
11886	0.0018	LG07	25941514
3307	-0.0047	LG07	26173439
23211	-0.0014	LG07	26183959
24833	-0.0076	LG07	26668142
12299	0.012	LG07	26908342
12946	0.0077	LG07	26921264
8693	0.0044	LG07	26942791
20753	-0.0044	LG07	27066137
1258	8e-04	LG07	27182155
11488	2e-04	LG07	27215381
12394	0.0059	LG07	27314143
20472	-0.0016	LG07	27329202
11176	3e-04	LG07	27362617
22989	0.0146	LG07	27407732
16425	-9e-04	LG07	27583603
21785	-0.0015	LG07	27794160
22430	7e-04	LG07	27902353
16718	0.0211	LG07	27965978
16834	0.0838	LG07	28130284
24680	0.0274	LG07	28196913
964	0.0624	LG07	28218086
7313	0.0247	LG07	28218174
1036	-0.0125	LG07	28626276
19685	-0.004	LG07	28686518
17993	6e-04	LG07	28876115
11566	0.0012	LG07	28941938
2087	6e-04	LG07	28942026
21723	0.0442	LG07	29130898
3606	0.0031	LG07	29181476
20395	0.0183	LG07	29553803
19520	0.0045	LG07	29868988
23402	-0.0115	LG07	30073509
5739	0.0015	LG07	30391639
23193	0.0029	LG07	30495206
7395	0.0162	LG07	30555580
19372	3e-04	LG07	30915399
11126	0.0297	LG08	663344
8103	-0.0019	LG08	667242
17867	-0.0021	LG08	1124351
4596	-3e-04	LG08	1761739
17856	0.0171	LG08	4176493
7466	0.002	LG08	4200824
3193	0.0091	LG08	4803505
16186	-0.0031	LG08	4941063
23100	-0.0055	LG08	5415753
24606	0.0025	LG08	5427658
22626	0.0024	LG08	5588163
3207	-0.0012	LG08	5648759
16965	8e-04	LG08	5811721
16238	-0.0026	LG08	5811809
20526	-0.0037	LG08	5973861
7046	0.0041	LG08	6188289
17168	-0.0035	LG08	6570111
6771	-0.0058	LG08	6712888
16032	0.0072	LG08	6862619
9813	0.0023	LG08	6971879
10038	0.0032	LG08	7161481
23980	0.0197	LG08	7162711
21600	4e-04	LG08	7171130
5623	-0.0075	LG08	7239686
16134	-0.0021	LG08	8305901
11132	3e-04	LG08	8582009
8208	4e-04	LG08	8756918
5844	0.0075	LG08	9557314
5060	-0.007	LG08	9590391
12064	0.017	LG08	10043041
23580	0.0112	LG08	10125644
5834	-0.0029	LG08	10268342
3960	0.0316	LG08	10342640
545	4e-04	LG08	10413548
23076	0.0059	LG08	10423892
20791	0.0129	LG08	10603909
24825	0.0108	LG08	10604355
4491	0.0222	LG08	10633171
15432	-0.0047	LG08	10804836
18628	0.012	LG08	10815737
21539	-0.0028	LG08	10823636
4383	-0.0076	LG08	10859832
16698	0.0067	LG08	10896352
4040	4e-04	LG08	10912553
16165	0.0072	LG08	10923168
571	0.0135	LG08	11071974
2506	0.0033	LG08	11296393
7865	0.008	LG08	11365031
20578	0.0621	LG08	11763653
22563	-0.0048	LG08	11820497
23593	0.0029	LG08	11824764
2408	-0.0044	LG08	11860507
10726	0.0109	LG08	12138119
17267	-0.0086	LG08	12625036
14044	0.0099	LG08	12687954
1089	0.0047	LG08	13112738
7501	-0.004	LG08	13128416
15568	0.0734	LG08	13237425
227	-0.0017	LG08	13650675
17870	-0.0043	LG08	13840335
20530	0.0051	LG08	14072527
11260	0.0019	LG08	14170755
23395	8e-04	LG08	14187546
20285	0.0011	LG08	14206924
6910	0.0048	LG08	14381535
1821	-0.0032	LG08	14640764
13925	0.0037	LG08	14666259
21531	0.0016	LG08	15039052
16911	0.0204	LG08	15039140
528	-0.0103	LG08	15156053
4891	8e-04	LG08	15555865
10061	0.002	LG08	15659186
17190	0.016	LG08	15826395
10951	0.025	LG08	16407110
7974	0.0028	LG08	16567202
8815	0.0046	LG08	16667405
20270	0.0487	LG08	17349042
24993	0.0184	LG08	17575533
5206	-0.001	LG08	18013058
13241	3e-04	LG08	18014083
11759	0	LG08	18102613
6229	0	LG08	18383781
7807	-0.003	LG08	18470173
18073	-0.0106	LG08	18588524
24415	-3e-04	LG08	18766557
2234	0.0364	LG08	18949206
12521	-0.0039	LG08	19539358
10166	-0.0124	LG08	19658164
8997	-0.001	LG08	20043558
13738	-0.0044	LG08	20524780
19923	0.0047	LG08	20933711
10885	-0.0103	LG08	21474587
13724	0.1074	LG08	21563933
18702	0.0124	LG08	21564021
24554	0.0157	LG08	21763729
373	0.0133	LG08	21935513
11300	0.007	LG08	22239235
9940	-7e-04	LG08	22367438
10392	0.0046	LG08	22476566
23649	0.0105	LG08	22941280
16205	0.014	LG08	23333714
10401	-0.0094	LG08	23374487
9419	-0.0056	LG08	24203128
22526	-0.0058	LG08	24326107
23159	2e-04	LG08	24547395
21092	-0.0026	LG08	24575790
22824	8e-04	LG08	24757841
4609	-0.0097	LG08	24762010
3197	-0.0059	LG08	24846203
24683	-0.0076	LG08	25350262
7522	0.0175	LG08	25397751
24253	-0.0106	LG08	25535822
23564	0.0157	LG08	25718636
17933	0.0051	LG08	25718638
10991	0.0504	LG08	25784412
2368	0.0183	LG08	26184505
15881	0.0037	LG08	26492037
21802	0.0045	LG09	609295
18502	0.0049	LG09	940472
11018	0.0012	LG09	1255390
5198	0.0248	LG09	1393709
708	-0.0023	LG09	1654444
4556	0.0764	LG09	1872502
18276	0.0763	LG09	1894085
17384	0.0247	LG09	2170302
20522	-0.0012	LG09	2507199
15806	5e-04	LG09	2600547
24222	0.0112	LG09	2832681
9606	0.028	LG09	3437100
3458	-0.0137	LG09	3493810
18196	0.0062	LG09	3577647
4615	-0.0053	LG09	3670506
18186	-0.0029	LG09	3902933
20937	-0.001	LG09	4094091
3297	0.0495	LG09	4200504
7151	5e-04	LG09	4221656
3683	0.0165	LG09	4680682
8194	0.0127	LG09	4886819
9077	0.0037	LG09	5295753
5124	0.0041	LG09	5713978
1504	-0.0061	LG09	6084778
6099	0.0178	LG09	6849550
415	0.0013	LG09	6944185
1047	0.016	LG09	6946806
21454	1e-04	LG09	7105409
22698	0.0153	LG09	7438914
7902	0.0293	LG09	7623356
14594	0.005	LG09	7829697
12990	0.0021	LG09	7893287
20036	-0.0032	LG09	7937542
4146	0.0249	LG09	8211355
4702	0.0119	LG09	9449210
15907	-0.0014	LG09	9465117
23935	0.0258	LG09	9937787
5174	2e-04	LG09	10347416
25293	-0.0027	LG09	10421422
18401	-0.0044	LG09	10862292
23924	0.0098	LG09	10911434
25396	-0.0058	LG09	11014032
11848	0.01	LG09	11140996
23308	0	LG09	11265092
617	1e-04	LG09	11297440
18757	-0.0012	LG09	11297595
22918	0.0866	LG09	11494887
13940	0.0472	LG09	11496126
2230	0.0027	LG09	11505320
20446	-0.0077	LG09	11671951
11849	0.0076	LG09	12564139
23111	0.0043	LG09	12799024
22806	3e-04	LG09	12871481
22873	0.0122	LG09	12988290
11307	0.0127	LG09	12988378
7465	-0.0095	LG09	13181103
22092	0.0127	LG09	13245403
7328	8e-04	LG09	13296658
10198	0.0032	LG09	13840201
21686	-0.0024	LG09	13925989
410	-0.0104	LG09	13926079
19752	-0.0088	LG09	14153515
8199	-0.0028	LG09	14464715
5930	-0.009	LG09	14503032
17951	-0.0042	LG09	14669233
12201	-0.01	LG09	14680579
17588	-0.0042	LG09	14872263
15311	2e-04	LG09	14890489
15650	0.0047	LG09	16091715
13054	-0.0115	LG09	16092904
22246	-0.0027	LG09	16119065
16967	0.0308	LG09	16123680
14260	0.0335	LG09	16137299
15586	0.0281	LG09	16189035
9611	-0.0023	LG09	16641125
17901	-0.0028	LG09	16836821
18043	0.0147	LG09	17110549
9980	-0.0095	LG09	17129352
17038	-0.0104	LG09	17129440
16009	-0.0065	LG09	17406696
10687	5e-04	LG09	17530179
4142	0.0137	LG09	17587809
11056	0.0072	LG09	17620838
21118	4e-04	LG09	17644011
22640	-0.0067	LG09	17652604
9966	0.0074	LG09	17673401
22488	0.0126	LG09	17756102
4960	-0.0016	LG09	17810629
14555	0.0066	LG09	17882027
39	7e-04	LG09	17882115
986	0.0021	LG09	18413149
8603	-0.0101	LG09	18435106
16667	0.0078	LG09	19262015
7759	-0.0048	LG09	19279622
21239	-0.0152	LG09	19366042
9545	1e-04	LG09	19485278
18188	0.023	LG09	19813932
13207	0.0286	LG09	19949567
263	-6e-04	LG09	19977194
13721	0.003	LG09	20115295
12648	3e-04	LG09	20115383
14755	0.0025	LG09	20338374
23178	0.007	LG09	20841659
19360	0	LG09	21644883
18319	0.0061	LG09	21889342
17912	-0.0018	LG09	23034645
11209	-0.0026	LG09	23570711
20068	-1e-04	LG09	23628908
22753	0.0527	LG09	23684868
8124	-0.0057	LG09	23766555
13163	0.0034	LG09	23918871
917	0.0296	LG09	23966054
1794	-0.0011	LG09	24143400
11638	0.0331	LG09	24432292
12554	0.0119	LG09	24497475
4226	0.0191	LG09	24607602
8569	0.0043	LG10	90948
10138	0.0502	LG10	301809
3962	0.0165	LG10	605025
7384	0.0355	LG10	1352427
5002	0.0094	LG10	1370047
16612	4e-04	LG10	1560210
11954	-0.0034	LG10	2256027
17879	-0.0071	LG10	2293277
9252	9e-04	LG10	2489942
1592	-0.0115	LG10	2502491
18111	0.0099	LG10	2525180
1073	-0.0043	LG10	2603183
17343	0.007	LG10	2810907
14554	0.0866	LG10	3092111
10181	-0.0111	LG10	3618393
22771	-0.0025	LG10	3784167
22011	0.0207	LG10	4306943
4426	-0.0013	LG10	4400003
25250	0.0016	LG10	4629105
10995	-0.0112	LG10	5381301
5203	-0.01	LG10	5542453
13881	-0.0022	LG10	5762212
5962	0.0039	LG10	5834804
18330	0.0067	LG10	5843219
885	0.0144	LG10	5851100
3434	0.0044	LG10	6003116
9159	0.0104	LG10	6204018
10291	0.0051	LG10	6547702
16787	0.002	LG10	6644405
11408	0.004	LG10	6902002
10396	0.0037	LG10	7240187
19829	0.0068	LG10	7361517
21800	0.0276	LG10	7362046
14287	0.0048	LG10	7429779
7214	0.005	LG10	7431430
6701	0.0072	LG10	7469127
12987	0.0021	LG10	7768031
21681	0.0239	LG10	7779998
4620	-9e-04	LG10	7813485
18629	-0.0072	LG10	8019257
8160	0.0263	LG10	8748149
9986	-0.0089	LG10	9602660
3753	-0.0039	LG10	9860946
24659	-0.006	LG10	9903825
17181	-0.0042	LG10	10048933
92	-0.0016	LG10	10496043
12725	-3e-04	LG10	10819623
8033	0.0121	LG10	10895467
17999	0.0097	LG10	11365506
13125	0.0028	LG10	11392859
12182	0.0176	LG10	11702412
198	5e-04	LG10	12542466
11049	0.0061	LG10	12577783
14190	0.0055	LG10	12653246
11546	-0.0015	LG10	12653334
13791	-0.001	LG10	12697932
9755	0.0128	LG10	13377165
7453	0.0413	LG10	13650399
24796	0.0376	LG10	13900062
17990	0.0404	LG10	13900150
15313	-1e-04	LG10	14212835
19765	0.04	LG10	14845344
4083	0.012	LG10	15139047
8507	0.002	LG10	15259978
15234	0.0115	LG10	15260066
24591	0.0153	LG10	15711501
4251	0.0138	LG10	16638251
14526	-2e-04	LG10	16803171
12199	0.0263	LG10	16892873
5217	0.0446	LG10	16892961
22392	0.0058	LG10	16955644
7505	0.0162	LG10	17051602
13301	-4e-04	LG10	17347191
4171	6e-04	LG10	17543844
9549	0.0019	LG10	17848565
17760	-0.002	LG10	18095577
24634	-4e-04	LG10	18235054
16422	0.0039	LG10	18439664
24307	0.0021	LG10	18499922
18366	0.0082	LG10	18594290
21884	0.0059	LG10	18670124
18754	1e-04	LG10	19102995
9452	0.1006	LG10	19417830
7879	-0.009	LG10	19467967
16245	-0.012	LG10	19765296
23189	-5e-04	LG10	19767704
16145	0.0256	LG10	19915286
3248	-0.0024	LG10	20021617
10580	0.0252	LG10	20152067
19564	-0.0066	LG10	20345887
21007	-0.002	LG10	21861823
6040	-0.0049	LG10	22004225
11910	0.0068	LG10	22004313
2558	0.0091	LG10	22020828
8486	1e-04	LG10	22526695
11	3e-04	LG10	22879220
11165	0.0013	LG10	22994901
25444	-0.005	LG10	22997820
472	0.0118	LG10	23241108
12916	0.0208	LG10	23265400
23146	-0.0041	LG10	23430455
5594	-0.0061	LG10	23722049
8804	0.0085	LG10	23759277
8798	0.0078	LG10	24193411
20295	0.0127	LG10	24766333
16791	0.0105	LG10	25140041
24444	-0.0055	LG10	25232300
19742	0.0113	LG11	658080
21313	-0.0016	LG11	852857
6484	0.0074	LG11	1042714
6769	-0.0097	LG11	1333122
7711	0.011	LG11	2322577
15749	0.0241	LG11	2453939
3258	0.0098	LG11	2454027
23150	0.0017	LG11	2463269
19021	0.0035	LG11	2466205
6803	0.0195	LG11	2541190
11282	-0.0033	LG11	2541278
8526	0.0547	LG11	2619748
18879	0.0245	LG11	2695805
21335	-0.0056	LG11	2991166
21256	0.0012	LG11	3027003
16270	-0.0022	LG11	3234999
14618	-0.0031	LG11	3238756
3428	-8e-04	LG11	3481234
23066	-0.0076	LG11	3715071
5966	0.0155	LG11	3737428
24196	0.0013	LG11	3832245
18571	0.0023	LG11	4312750
23094	0.0113	LG11	4350264
16564	-0.005	LG11	4376683
24124	0.0042	LG11	4847996
7940	0.0049	LG11	4935309
10307	-0.0096	LG11	5262579
3931	-0.0093	LG11	5295900
18236	-0.0011	LG11	5341135
18322	-0.0018	LG11	5422392
7929	0.0137	LG11	5422480
19943	0	LG11	5432424
21590	-0.0083	LG11	5432942
19964	-0.0018	LG11	5576643
15954	3e-04	LG11	5805730
25650	-0.0141	LG11	5808741
17440	0.0889	LG11	5861074
6757	0.0035	LG11	5861158
2468	0.0043	LG11	6043896
12889	0.0015	LG11	6356698
6203	0.0214	LG11	6456108
12897	0.0176	LG11	6504285
9158	0.0075	LG11	6826719
6550	-0.0028	LG11	6909678
12810	0.003	LG11	7562224
1547	0.0174	LG11	7746059
1756	0.0215	LG11	8086242
752	0.0088	LG11	8223689
18313	0.0054	LG11	8774654
18947	0.0052	LG11	8837364
11978	0.0091	LG11	8976665
14131	0.0186	LG11	9371620
22145	0.0732	LG11	9814031
18762	0.0084	LG11	9890924
12254	-0.0055	LG11	10063725
4956	0.0039	LG11	10490527
8192	0.0025	LG11	10551327
1167	4e-04	LG11	10595723
10886	-0.0106	LG11	10701151
15114	0.004	LG11	11123840
9205	0.0171	LG11	11238044
17087	0.0127	LG11	11366771
9585	0.0127	LG11	11440099
16429	0.0055	LG11	11596915
6890	-0.0025	LG11	11780929
21789	-3e-04	LG11	11847676
11594	0.0014	LG11	11876000
23709	0.0416	LG11	12516720
17709	0.0048	LG11	12700354
13355	0.0012	LG11	13376613
13107	0.0103	LG11	13398459
10799	0.0578	LG11	13643360
14920	0.0333	LG11	13818187
20923	0.0269	LG11	14468605
3430	0.0386	LG11	14468693
3886	0.0162	LG11	14501523
8315	-0.0039	LG11	14528223
2604	0.0024	LG11	14815925
16257	0.011	LG11	15142617
308	-0.001	LG11	15470496
9458	-0.0081	LG11	16016506
8346	0.0029	LG11	16053706
7161	-0.005	LG11	16069381
17726	0.0484	LG11	16223640
9408	0.0237	LG11	16231009
5003	0.007	LG11	16390445
11013	0.0074	LG11	16408884
21360	-0.0064	LG11	16819948
10828	-0.0048	LG11	16821051
25416	0.0031	LG11	16875369
11019	0.0323	LG11	17081030
19478	0.0405	LG11	17498265
20140	0.0014	LG11	18447554
4837	-0.0022	LG11	18564220
3266	0.0188	LG11	18795306
3188	-0.0039	LG11	18842454
19830	-0.0055	LG11	18942693
16789	-0.0035	LG11	18944992
24334	0.029	LG11	19199537
6729	-0.0041	LG11	19415556
19784	0.0052	LG11	19585086
15354	0.0106	LG11	19828160
15955	-0.0041	LG11	19958585
2153	-0.0095	LG11	20773096
1478	0.0087	LG11	20773184
14020	-0.0085	LG11	21264705
11299	-0.0047	LG11	21449192
12903	0.0015	LG11	21543078
22851	-0.0055	LG11	21940307
8152	-0.0029	LG11	22005892
7457	-0.0076	LG11	22023654
5464	0.0127	LG11	22086835
20666	0.0088	LG11	22294272
3039	0.0056	LG11	22402420
12942	-0.0077	LG11	22635948
18250	0.001	LG11	22636036
19035	0.0225	LG11	23667786
5614	0.0015	LG11	23808690
1655	0.0044	LG11	24272512
6158	-0.0043	LG11	24273058
17644	0.0017	LG11	24432463
4696	0.0065	LG11	24477363
8448	0.0421	LG11	24477451
22637	0.1174	LG11	24477451
3362	4e-04	LG11	24536157
12605	0.0143	LG11	24712171
2922	0.0091	LG11	24771036
11912	-0.003	LG11	25064455
5572	0.018	LG11	25112679
7749	-0.0018	LG11	25187021
4901	0.0292	LG11	26061747
53	-0.006	LG11	26240806
23448	-0.0025	LG11	26240894
23014	-0.0075	LG11	26491712
25289	-0.0028	LG11	26514142
9251	-0.0073	LG11	26642181
21807	-0.0046	LG11	26732894
8670	0.0016	LG11	27130781
4361	-0.0023	LG11	27160901
1473	-0.0053	LG11	27198631
6377	0.0197	LG11	27229186
13880	7e-04	LG11	27245517
5	-0.0073	LG11	27261814
11535	0.0058	LG11	27770790
494	-0.004	LG11	27847476
9213	0.0052	LG11	27848202
12431	0.0042	LG11	27862706
14536	0.0105	LG11	27881862
15756	5e-04	LG11	27938726
12122	-0.0042	LG11	27973144
8190	0.0032	LG11	28080960
411	-0.0053	LG11	28215278
7434	-0.003	LG11	28306877
16135	-0.0019	LG11	28354202
15256	0.0022	LG12	446630
5476	0.025	LG12	468391
18166	-2e-04	LG12	567544
1354	-0.002	LG12	3284303
7431	0.0051	LG12	3326685
4473	-0.0051	LG12	4009809
780	0.0036	LG12	4213605
16343	-0.0034	LG12	4298091
23258	0.0322	LG12	4735969
4568	-1e-04	LG12	4779086
10263	0.0123	LG12	5229610
11770	0.0198	LG12	5439863
8037	0.0163	LG12	5532228
15646	0.0062	LG12	5579243
2335	-0.0025	LG12	6026045
20544	0.0047	LG12	6086824
8064	-0.0036	LG12	6180142
12813	0.004	LG12	6182623
17582	0.0069	LG12	6410601
6144	-0.0071	LG12	6428619
15017	0.0092	LG12	6450207
8278	-0.0056	LG12	6752117
7574	-7e-04	LG12	6911449
8810	-0.0093	LG12	7061780
11878	-0.0053	LG12	7385906
14666	0.0137	LG12	7566813
3833	0.023	LG12	7696087
13458	-0.0122	LG12	7732046
15003	-3e-04	LG12	8128215
4711	-0.0076	LG12	8167261
6094	-0.0025	LG12	8466885
11880	-0.0101	LG12	8638270
16820	0.0015	LG12	8664407
9061	0.0059	LG12	8785295
17406	0.0162	LG12	8874489
18315	0.0044	LG12	9291719
11591	-0.0091	LG12	9634261
960	0.0366	LG12	10174457
23201	-3e-04	LG12	10284210
13176	-0.0027	LG12	10454950
21202	0.0286	LG12	10615963
541	0.003	LG12	10886813
16175	-0.0077	LG12	10948702
10456	0.028	LG12	11310204
13408	0.0222	LG12	11313784
1881	-0.0025	LG12	11484342
18478	0.0989	LG12	11760945
15061	0.0108	LG12	11994413
1581	-0.0171	LG12	12097734
24389	1e-04	LG12	12107149
25048	-0.0015	LG12	12140034
10698	0.018	LG12	12379590
12403	0.0142	LG12	12909587
18792	0.0077	LG12	13201639
25241	0.0032	LG12	13367902
10758	0.0169	LG12	14411711
14495	-0.0102	LG12	17024962
5817	-0.0037	LG12	17403958
5396	7e-04	LG12	17700891
4550	0.0077	LG12	17753872
16035	0.0089	LG12	18326476
18070	-0.0021	LG12	18432995
3505	-0.0017	LG12	18593577
13285	0.006	LG12	18663488
18133	-0.0024	LG12	18750265
522	0.0257	LG12	18820544
772	1e-04	LG12	19202962
10718	0.0024	LG12	19212702
7674	-0.0028	LG12	19252364
24470	0.0021	LG12	19492656
5133	-0.0018	LG12	19492744
10207	-0.0085	LG12	19645674
19222	-0.0038	LG12	19916291
7565	-0.0022	LG12	19921439
12474	-0.0064	LG12	19929123
11992	-0.0049	LG12	19963181
12668	0.0083	LG12	20070737
25622	-0.0026	LG12	20249556
98	0.0051	LG12	20292473
3343	0.0025	LG12	20424695
5672	4e-04	LG12	20538654
7086	-0.0011	LG12	20716376
9979	-0.0045	LG12	20945653
9658	-0.0074	LG12	21292189
12770	-0.0037	LG12	21570169
22206	-0.0018	LG12	21990158
3304	0.0042	LG12	21990246
4411	0.0031	LG12	22019003
10217	-0.008	LG12	22048248
18012	-0.0028	LG12	22709819
3480	0.0202	LG12	23074809
10295	0.0068	LG12	23243263
3437	0.0121	LG12	23290112
18434	0.0034	LG12	23397580
1568	-0.0051	LG12	23698751
11506	0.0066	LG12	24036984
25411	0.0025	LG12	24292619
12851	5e-04	LG12	24393793
16846	0.0208	LG12	25008399
187	-1e-04	LG12	25008487
6071	0.0072	LG12	25107373
11415	7e-04	LG12	25161775
9091	-0.0053	LG12	25336179
23977	0.0032	LG12	25429189
6462	0.0099	LG12	25449456
15242	0.0138	LG12	25621100
11805	-0.0089	LG12	25684710
6312	0.0064	LG12	26603732
167	6e-04	LG12	26759763
9896	0.0303	LG12	26878070
24954	0.0325	LG13	922820
2274	0.0066	LG13	1229015
12028	8e-04	LG13	1250680
10029	0.0261	LG13	1297680
15595	-0.0014	LG13	1320012
16187	0.0052	LG13	1500096
3708	8e-04	LG13	1535521
19069	0.053	LG13	1656421
7092	-0.006	LG13	1854710
14365	0.0041	LG13	3111674
8596	0.0158	LG13	3111762
7605	-0.0062	LG13	3180911
13514	-0.0074	LG13	3195046
15145	-0.0022	LG13	3341126
14758	0.0021	LG13	3432489
13318	0.0065	LG13	3584634
9663	8e-04	LG13	3663429
4507	0.057	LG13	4567648
3062	-4e-04	LG13	4642806
1635	-0.0047	LG13	5076698
24464	0.0044	LG13	5444037
4643	2e-04	LG13	5556883
11348	0.0016	LG13	5718070
3929	0.0034	LG13	6072318
8426	0.0052	LG13	6509003
15763	-0.0051	LG13	6534830
19626	0.0108	LG13	6621179
7736	0.0134	LG13	6632801
24135	7e-04	LG13	6936637
10460	-0.0017	LG13	6966466
2258	-0.0056	LG13	7099455
16752	0.1031	LG13	7127580
4396	0.0244	LG13	7298301
11988	0.0114	LG13	7790511
22677	0.007	LG13	7980396
9165	0.0169	LG13	8397560
14990	-0.0063	LG13	8544475
7747	0	LG13	8626858
13762	0.0216	LG13	8670969
18558	0.0025	LG13	9131344
17739	-0.0011	LG13	9164472
16482	0.0038	LG13	9438752
17586	0.0147	LG13	9571485
10006	-0.0035	LG13	9576401
23503	-0.0012	LG13	9971401
5475	0.0138	LG13	10028046
19170	0.0021	LG13	10600670
1482	-0.0018	LG13	10971676
16650	0.104	LG13	11699849
17446	0	LG13	11956125
5741	-0.0037	LG13	11956213
25378	0.0052	LG13	12217627
15546	0.0099	LG13	12413111
1571	-0.002	LG13	12440085
19683	8e-04	LG13	13024843
12083	0.0234	LG13	13895706
8086	-0.0019	LG13	14527894
4442	6e-04	LG13	14527982
7957	-0.0044	LG13	14587252
21653	0.0052	LG13	14590679
5845	0.0052	LG13	14709344
14122	0.0032	LG13	14951265
18591	-0.0092	LG13	15078131
10752	0.003	LG13	15104410
20056	-0.003	LG13	15343655
18467	-0.0035	LG13	15756260
8198	0.0041	LG13	16144580
4575	-0.0059	LG13	16159529
11119	-0.005	LG13	16168416
7183	0.0157	LG13	16489759
4671	0.002	LG13	16647496
7301	3e-04	LG13	17075597
705	0.0127	LG13	17217650
5560	-0.0012	LG13	17284812
21896	-0.0025	LG13	17395032
20198	4e-04	LG13	17432380
10334	0.0045	LG13	17465274
11579	-2e-04	LG13	17644758
8241	-0.0076	LG13	17644845
16227	-0.0043	LG13	17695584
16369	-0.0036	LG13	18299287
2826	-0.0039	LG13	18593933
8288	-0.0067	LG13	18629424
9845	-0.0076	LG13	18630044
4227	0.013	LG13	18686608
25273	-0.0027	LG13	18720674
7775	0.0032	LG13	18791841
23792	-0.0088	LG13	18856816
2824	0.0125	LG13	18962061
14869	-0.0014	LG13	19009416
4664	-0.0017	LG13	19009504
7803	0.0072	LG13	19032494
3132	-0.0034	LG13	19057220
16005	-8e-04	LG13	19499378
17592	0.0245	LG13	19931606
17182	0.0061	LG13	19947481
10848	0.0046	LG13	19995938
1228	0.0033	LG13	20016866
7027	-0.0012	LG13	20020878
18514	0.0133	LG13	20554528
18586	-0.0028	LG13	20555449
23389	0.011	LG13	20567864
11170	0.0136	LG13	20663798
11225	0.0289	LG13	20699326
20770	-0.0038	LG13	20742960
1048	0.002	LG13	21014787
14505	0.0024	LG13	21021074
1689	-0.0029	LG13	21043471
14011	0.0738	LG13	21916385
4140	-0.0029	LG13	22202718
21827	0.0056	LG13	23147873
20699	-0.0013	LG13	23508293
2682	0.0193	LG13	23528989
20257	0	LG13	23629689
23883	-0.0032	LG13	23701508
4156	0.0089	LG13	24013669
19509	0.0624	LG13	24173924
10960	-3e-04	LG13	24575456
3541	0.0036	LG13	24575544
25323	0.0952	LG13	24709216
8295	0.0095	LG13	24899963
18633	0.1021	LG13	25006236
16766	0.0207	LG13	25053940
12401	0.0457	LG13	25603015
2587	7e-04	LG14	202833
22950	0.0031	LG14	242580
9378	0.0205	LG14	886773
490	-0.002	LG14	1523992
616	-0.0019	LG14	1538720
18528	0.0257	LG14	1687979
1078	8e-04	LG14	1738653
17625	3e-04	LG14	1955317
25478	-0.0059	LG14	2041548
21704	0.0183	LG14	2137806
23776	-0.0026	LG14	2289824
618	-0.004	LG14	2325174
6540	0.0033	LG14	2424570
24167	-0.0026	LG14	2490084
12158	0.0327	LG14	2519559
12622	-0.0032	LG14	2527534
940	0.0312	LG14	2567418
13525	8e-04	LG14	2593121
22282	0.0032	LG14	2687638
20625	0.006	LG14	3709595
13411	0.1805	LG14	3709681
25091	1e-04	LG14	3830858
16233	0.0137	LG14	4113927
24451	1e-04	LG14	4188617
8330	-3e-04	LG14	4242362
2550	0.0075	LG14	4334323
5892	0.006	LG14	4398890
14127	0.0089	LG14	4585306
13188	4e-04	LG14	4639051
6608	-0.0049	LG14	4655642
1975	0.0319	LG14	5051097
91	0.0195	LG14	5057159
19651	-0.0087	LG14	5180737
9717	0.0053	LG14	5541915
21726	-0.0047	LG14	5603751
6399	3e-04	LG14	5683106
3594	0.0253	LG14	5903591
5781	0.0041	LG14	5998727
14517	7e-04	LG14	6015956
7910	0.0294	LG14	6573265
21403	0.0026	LG14	6790576
554	0.0078	LG14	7209191
2204	0.0147	LG14	7233760
20732	0.0155	LG14	7233848
24090	0.0101	LG14	7610411
17597	-0.001	LG14	7665891
14620	-0.0101	LG14	7777852
19720	0.0169	LG14	7840851
9102	0.0142	LG14	7840939
20609	0.001	LG14	8091522
22892	0.0181	LG14	8176240
2425	0.0227	LG14	8286219
5580	0.0034	LG14	8286307
691	-0.0046	LG14	8500453
15239	2e-04	LG14	8514359
11447	0.0063	LG14	8514447
14839	-0.0055	LG14	8562765
14702	0.012	LG14	8731298
20364	-0.007	LG14	8805051
2843	-0.0044	LG14	9081425
24342	0.0018	LG14	9467759
2974	7e-04	LG14	9719363
8389	-0.0018	LG14	9808133
21492	0.009	LG14	10086345
21779	-0.0069	LG14	10097824
1441	-0.0053	LG14	10322868
3308	-0.0059	LG14	10599926
445	-0.0016	LG14	11240709
11313	-0.0011	LG14	11519823
3417	0.0017	LG14	11676361
24098	4e-04	LG14	11755005
10462	4e-04	LG14	11822248
19928	-0.0061	LG14	12103261
8461	-7e-04	LG14	12165644
4989	-0.0036	LG14	12252629
14864	-0.0046	LG14	12377418
5945	0.0193	LG14	12869078
721	-0.0056	LG14	12869166
5151	-0.0075	LG14	12928347
9943	0.001	LG14	13142370
10954	0.0254	LG14	13316350
21989	0.0149	LG14	14128458
15316	-0.0042	LG14	14880637
17654	5e-04	LG14	14918702
10306	0.0188	LG14	15462903
4185	0.0155	LG14	15778586
6631	-0.0018	LG14	15779407
10092	0.0217	LG14	16098827
13911	0.0706	LG14	16316919
75	0.1124	LG14	16964648
25130	0.0184	LG14	16964736
5333	1e-04	LG14	17190035
1339	-8e-04	LG14	17204107
4402	-0.0063	LG14	17552012
6597	0.0207	LG14	17715921
7498	0.0024	LG14	17772081
12884	0.0068	LG14	17957451
18830	-0.0053	LG14	18092169
19918	0.0225	LG14	18235511
24824	-0.0023	LG14	18241278
17245	-0.002	LG14	19228505
17106	5e-04	LG14	19739720
9675	-0.0059	LG14	20158765
22688	0.0026	LG14	20409170
1372	0.0334	LG14	20906701
331	-0.0092	LG14	21214207
14492	-0.0053	LG14	21336299
8046	0.0135	LG14	21864304
12707	-0.009	LG14	22288613
3102	4e-04	LG14	22294077
11749	-0.0094	LG14	22298004
663	1e-04	LG14	22324245
13468	-0.0066	LG14	22542776
19219	0.0026	LG14	22548886
1002	-0.0016	LG14	22855271
1159	0.0055	LG14	22877258
13322	0.0095	LG14	23076947
8885	-0.0105	LG14	23077035
148	-0.0015	LG14	23216958
16934	0.0049	LG14	23734811
9731	0.0061	LG14	23757247
2794	-0.0067	LG14	23846952
19098	0.0055	LG14	24096084
14208	-0.01	LG14	24262617
12869	-0.0036	LG14	24287175
2917	3e-04	LG14	24703575
18687	-0.0019	LG14	25020971
13430	0.0295	LG14	25158945
4754	0.0056	LG14	25213748
844	0.0089	LG14	25532106
10079	4e-04	LG14	25560788
4330	0.0325	LG14	25564343
12747	4e-04	LG14	25735359
19231	-3e-04	LG14	25976208
17320	0.0037	LG14	26201708
10086	0.001	LG14	26250657
7952	0.0058	LG14	26291480
7682	0.0038	LG14	26388508
548	0.001	LG14	26573044
2429	-8e-04	LG14	26890038
18808	-0.0081	LG14	27046103
23694	-9e-04	LG14	27086884
20070	0.0054	LG14	27100953
14992	-0.0073	LG14	27104608
24801	0.002	LG14	27298761
17490	-0.0029	LG14	27420218
22595	0.0143	LG14	27451587
7953	3e-04	LG14	27471012
21383	0.001	LG14	28071137
22898	-0.0041	LG14	28147577
12606	-0.0108	LG14	28477348
12866	0.0155	LG14	28684850
3341	0.0411	LG14	28893155
14341	0.0449	LG14	29162427
18404	0.0051	LG15	31666
4715	0.0983	LG15	1253762
12233	0.1174	LG15	2168412
12099	0.0068	LG15	2399558
16457	-0.0037	LG15	3946906
4413	0.0078	LG15	4100436
15401	0.0105	LG15	4294985
6031	-0.0019	LG15	4924703
11505	0.0185	LG15	4956975
12664	-0.0038	LG15	5039497
2175	0.0158	LG15	5358650
15274	0.0734	LG15	5888323
3523	-0.0012	LG15	5955032
18075	3e-04	LG15	6218214
11947	-0.0031	LG15	7306164
6244	0.0042	LG15	7405534
18583	0.0106	LG15	7601977
8527	0.0194	LG15	7756968
10045	0.008	LG15	7792632
14502	0.0041	LG15	7810607
20691	-0.0012	LG15	7901474
23412	0.0029	LG15	8051383
6938	0.0097	LG15	8293172
20908	-0.0047	LG15	8329374
6926	0.0164	LG15	8356855
20588	0.0142	LG15	8372922
13597	2e-04	LG15	8387655
20017	4e-04	LG15	8397570
192	0.0186	LG15	8400989
16613	-0.0057	LG15	8431933
5636	0.0427	LG15	8532891
10691	7e-04	LG15	8792435
10475	0.0112	LG15	9190720
19158	0.0233	LG15	9445017
20125	-0.0018	LG15	9544012
10292	0.0088	LG15	9544100
8743	0.0234	LG15	10299258
1031	0.0052	LG15	10603181
20781	0.0144	LG15	10765691
16063	-7e-04	LG15	10787770
23685	-6e-04	LG15	10818312
17217	-8e-04	LG15	10839639
11486	0.0153	LG15	10839727
8955	-0.0014	LG15	10868462
15508	0.0268	LG15	10903474
10076	-0.0011	LG15	10908966
8601	0.0303	LG15	10911179
4000	0.0103	LG15	11074597
23929	0.0032	LG15	11597683
22410	0.057	LG15	12018193
2607	0.0055	LG15	12236853
22087	-0.0026	LG15	12236939
18662	6e-04	LG15	12265718
23827	0.0018	LG15	12270324
9187	-0.0063	LG15	12299422
7138	-0.0027	LG15	12403451
13209	0.0113	LG15	12653317
6969	0.0016	LG15	12665066
9449	4e-04	LG15	13018839
10017	-0.0048	LG15	13299179
17708	-0.0077	LG15	13907715
13242	0.0093	LG15	13956318
16480	-0.0106	LG15	14087189
16520	-0.0022	LG15	14334485
19393	0.0025	LG15	14447479
8301	-0.0035	LG15	14495834
11552	-0.0013	LG15	14987505
24036	-0.0035	LG15	15428650
1560	-1e-04	LG15	15461179
16535	0.0035	LG15	15737628
16599	-8e-04	LG15	16275261
18621	0.0024	LG15	16439929
7526	0.0106	LG15	16449383
22954	0.0175	LG15	16462762
13860	0.0219	LG15	16643517
12206	-3e-04	LG15	17049341
88	-0.0035	LG15	17142273
15507	0.0019	LG15	17152729
11841	-0.0018	LG15	17272691
7096	0.0302	LG15	17339557
8023	0.0157	LG15	17442202
1160	-0.0096	LG15	17477533
15474	-0.0052	LG15	17483500
2820	0.0121	LG15	17496341
1126	0.0126	LG15	17499768
19193	-0.0056	LG15	17580160
22839	-0.0063	LG15	17946990
1844	-0.0048	LG15	17981722
13082	0.006	LG15	18002680
974	0.0065	LG15	18002768
15398	0.0025	LG15	18062209
2127	4e-04	LG15	18189153
4578	-0.0027	LG15	18490187
19971	4e-04	LG15	18510285
22129	0.0307	LG15	18678206
16384	-0.0047	LG15	18797867
22889	-0.0015	LG15	19171896
23886	0.0016	LG15	19219373
25087	0.0127	LG15	19506489
11789	0.0033	LG15	19532910
4824	-0.0014	LG15	19559265
8427	0.0042	LG15	19711784
5679	0.0071	LG15	19847386
20895	-0.0074	LG15	19993255
10839	-6e-04	LG15	20569522
24029	0.0175	LG15	20569610
597	0.0027	LG15	20571696
6417	8e-04	LG15	20574788
8788	0.0307	LG15	20999563
15869	-0.001	LG15	21129965
15326	0.0117	LG15	21253119
11433	0.0049	LG15	21253207
20672	0.015	LG15	21374181
14166	0.0021	LG15	21897538
20023	2e-04	LG15	21939601
3849	-0.002	LG15	22242308
6658	0.0298	LG15	22394483
7223	-0.005	LG15	22520795
7193	0.0233	LG15	22684695
3484	-0.0089	LG15	23057730
18191	0.0385	LG15	23717326
12070	-0.0038	LG15	23757783
11133	0.0184	LG15	24264749
20473	-6e-04	LG15	24761398
4852	-0.0011	LG15	24781633
22794	0.0098	LG15	24809886
8759	0.0022	LG15	24908542
16966	-0.0028	LG15	25007035
25025	0.0026	LG15	25017358
6996	0.0137	LG15	25019581
2539	-0.0015	LG15	25129974
6526	-0.0076	LG15	25143238
12956	-0.0043	LG15	25165052
17335	0.01	LG15	25184354
12025	5e-04	LG15	25246517
24485	0.0181	LG15	25286539
11990	0.1241	LG15	25370491
25199	-0.002	LG15	25487648
24517	-0.0076	LG15	25563960
17258	0.0125	LG15	26153891
19391	0.0055	LG15	26295688
19554	0.0304	LG16	415421
117	0.0012	LG16	670282
13221	-0.0016	LG16	670370
9724	0.0263	LG16	1234624
2029	7e-04	LG16	1408228
24841	0.0269	LG16	2273141
13352	0.0121	LG16	2319360
15411	0.0247	LG16	3482796
21633	0.0202	LG16	3885750
22331	6e-04	LG16	3984059
6315	3e-04	LG16	4018052
18297	0.0145	LG16	4251988
22295	0.0239	LG16	4288722
25037	0.0107	LG16	4413654
23511	-0.004	LG16	4694470
5730	1e-04	LG16	5110535
2844	-0.0048	LG16	5617631
20706	0.0023	LG16	5823127
19890	2e-04	LG16	6043725
14380	7e-04	LG16	6493538
13600	-0.0067	LG16	6622274
20604	0.0093	LG16	6738364
11871	-0.0017	LG16	7631345
15752	0.0111	LG16	7650464
8209	-0.001	LG16	8038342
11872	-0.0035	LG16	8113974
1201	-0.0107	LG16	8523827
24219	0.004	LG16	8745678
11843	-0.0054	LG16	8907544
13083	0.0021	LG16	8943019
6403	-0.0023	LG16	8943107
14327	0.0176	LG16	8985041
17973	0.0093	LG16	8994042
13818	-0.0014	LG16	9080244
2349	0.1337	LG16	9310784
17941	-0.0043	LG16	9896654
7134	-7e-04	LG16	9928551
19864	-0.0077	LG16	10083819
17046	-0.0057	LG16	10104528
6925	-0.0074	LG16	10109560
13533	-0.0015	LG16	10109648
22286	1e-04	LG16	10185157
6487	0.009	LG16	10711332
24284	-5e-04	LG16	10938452
14405	-0.0047	LG16	11024455
23633	-0.0011	LG16	11778376
605	-0.0032	LG16	11855044
9393	-1e-04	LG16	12409656
23724	0.0249	LG16	12539489
3338	0.0019	LG16	12671455
15528	0.0064	LG16	13025420
9740	0.0197	LG16	13248239
18553	0.0362	LG16	13433995
9162	-8e-04	LG16	13623596
2149	0.0097	LG16	13928206
735	0.0083	LG16	14151077
8671	0.0994	LG16	14413278
14199	0.0426	LG16	14420852
20078	0.1007	LG16	14766717
1007	0.0078	LG16	14981817
21999	-0.0027	LG16	15198199
2997	9e-04	LG16	15198287
19712	0.0304	LG16	15208311
16208	-0.0029	LG16	15615046
23974	0.0228	LG16	15846200
11899	0.0019	LG16	16177834
10471	0.0111	LG16	16729483
3331	0.0163	LG16	17157144
19438	0.0248	LG16	17321565
23870	0.0049	LG16	17425331
212	-0.0045	LG16	17455795
557	0.0016	LG16	17552701
12925	0.0086	LG16	17738268
12972	0.0041	LG16	17979586
7571	0.001	LG16	18094498
12534	0.0082	LG16	18241212
20681	0.0205	LG16	18531270
3827	0.0082	LG16	18742865
9144	0.0038	LG16	19012335
14924	-0.0043	LG16	19012423
16874	0.0256	LG16	19137696
348	-0.0025	LG16	19876759
17355	0.0073	LG16	19918982
21107	-0.0016	LG16	20463948
20230	0.006	LG16	20860046
23758	0.0284	LG16	21133818
9682	-0.0022	LG16	21936621
17104	0.0096	LG16	21974523
15165	-6e-04	LG16	22293396
9872	0.0032	LG16	22294421
12824	-0.0082	LG16	22857426
21554	0.0042	LG16	22857513
6877	-0.0021	LG16	23192196
7450	0.0037	LG16	23321770
10342	-0.0028	LG16	23334848
3659	9e-04	LG16	23334936
9289	-0.0056	LG16	23744969
24858	-0.0067	LG16	23792390
14852	0.0024	LG16	23792477
4192	0.0131	LG16	23885047
5836	-0.009	LG16	23936085
13774	-0.0012	LG16	24085921
20399	-0.001	LG16	24136086
20719	0.0011	LG16	24193447
3406	0.0138	LG16	24229115
7299	0.0049	LG16	24335206
4242	-0.0092	LG16	24526804
13725	-0.0064	LG16	24533622
2329	0.0034	LG16	24549889
14006	3e-04	LG16	24742755
13297	-5e-04	LG16	24748163
12723	0.0026	LG16	25058738
7490	-0.0057	LG16	25266093
18651	0.0289	LG16	25503962
2118	0.0101	LG16	25894782
18678	0.0216	LG16	26034933
16352	0.0039	LG16	26257743
22719	0.0117	LG16	26563582
18990	0.0365	LG16	26741031
8206	0.0374	LG16	26782565
23413	0.0026	LG16	26990205
20085	0.0016	LG16	27127755
5288	0.0045	LG16	27216949
12218	0.0028	LG16	27383916
6602	0.0186	LG16	27639940
24115	0.0258	LG16	27776424
6835	-0.0031	LG16	27854868
4352	-0.0064	LG16	27854956
19994	0	LG16	27979524
19076	0.0065	LG16	28100272
17368	0.0224	LG16	28129391
4032	-0.0039	LG16	28482320
21905	0.0017	LG16	28586581
24025	-0.0018	LG16	28685001
16891	-0.0062	LG16	28854626
20748	0.0254	LG16	29407735
4016	0.01	LG16	29559461
4782	-0.0076	LG16	29902249
2786	-4e-04	LG16	30316865
13406	0.0736	LG16	30901281
25129	0.0162	LG17	588319
6593	0.0531	LG17	849889
22813	0.002	LG17	945052
2327	-0.0029	LG17	1002493
10840	4e-04	LG17	2067492
25139	0.0102	LG17	2245860
16549	-0.0059	LG17	3102403
8827	-0.0031	LG17	4130127
19772	-0.0049	LG17	4161952
2353	-0.0016	LG17	4205312
2100	-0.0022	LG17	4283147
377	0.0141	LG17	4388510
12054	0.0058	LG17	4393620
18312	0	LG17	4416937
22687	0.0203	LG17	4417025
5897	-0.0035	LG17	5256866
2058	-0.006	LG17	5380965
11859	0.0248	LG17	5512636
25366	0.0053	LG17	5971781
17325	0.002	LG17	6195355
5973	-4e-04	LG17	6461537
21772	0.0071	LG17	6468420
14930	7e-04	LG17	6469854
6467	-0.0043	LG17	6538332
9190	0.0245	LG17	6640394
11090	0.0098	LG17	6752875
13369	0.0108	LG17	6882621
22868	-0.0078	LG17	7022931
4893	7e-04	LG17	7310048
17436	0.0015	LG17	7310136
1817	0.0014	LG17	7587295
24774	-7e-04	LG17	7625576
3639	-0.0104	LG17	7633583
14979	-0.0095	LG17	8156150
3680	0.001	LG17	8605809
6426	-0.0074	LG17	8751324
14130	-8e-04	LG17	8854517
8769	-0.0051	LG17	9185034
25103	0.0081	LG17	9311094
13196	0.0057	LG17	9348149
15351	0.0068	LG17	9439339
11926	0.0081	LG17	10408429
23180	0.0272	LG17	10475862
11574	-0.002	LG17	10579200
16585	-0.0033	LG17	10579288
7869	-0.0024	LG17	10688746
17643	0.0095	LG17	10830571
15229	-0.0055	LG17	10830659
14740	-0.0131	LG17	10865346
12120	0.0126	LG17	11202738
19725	-0.0035	LG17	11204349
19885	0.0022	LG17	11215274
4885	-0.0015	LG17	11306859
10560	1e-04	LG17	11340830
21851	4e-04	LG17	11697684
420	7e-04	LG17	11891252
8320	-0.008	LG17	11946391
12979	-9e-04	LG17	11969763
2491	0.014	LG17	12103417
23848	-0.0043	LG17	12182417
7230	0.0127	LG17	13836722
14143	0.0158	LG17	13948333
9590	0.0216	LG17	14394793
14714	0.0105	LG17	14503970
12636	-0.0056	LG17	15217183
11337	4e-04	LG17	15326186
6100	0.0067	LG17	15529893
24840	0.0118	LG17	15615212
11964	0.003	LG17	15924327
3378	0.0094	LG17	15944429
23493	0.0148	LG17	16135309
7367	-0.0012	LG17	16378214
4734	0.1247	LG17	16510645
18594	0.0138	LG17	17024401
5189	0.0231	LG17	17473894
14045	6e-04	LG17	18367227
23645	-9e-04	LG17	18938718
14727	-0.0072	LG17	18986709
6870	0.0188	LG17	18989918
15378	-0.0034	LG18	153762
24077	0.001	LG18	153762
20419	7e-04	LG18	665800
9443	0.0348	LG18	803193
23272	0.0028	LG18	1075384
9812	0.0164	LG18	1096221
8217	0.0316	LG18	1681718
6604	0.0023	LG18	1703870
15571	-0.0095	LG18	1896621
8183	0.02	LG18	2018315
1205	0.0214	LG18	2123484
21596	0.0343	LG18	2607432
12322	-0.0039	LG18	3184470
24895	-0.0094	LG18	4762248
6860	0.0403	LG18	4956850
16011	-0.0052	LG18	4992066
3175	-0.0022	LG18	5047498
21482	-0.0047	LG18	5106734
14268	0.0061	LG18	5485921
9210	-0.0107	LG18	5958819
22530	0.0094	LG18	6141261
287	-0.0021	LG18	6244277
20500	-0.0102	LG18	6322989
3460	0.0085	LG18	6528272
23727	0.0352	LG18	6540727
20385	8e-04	LG18	7040191
13505	0.057	LG18	7040279
14997	-0.006	LG18	7269364
11454	0.0083	LG18	7277678
2998	-0.0018	LG18	7457147
7209	-0.0045	LG18	7478963
15754	0.007	LG18	7531815
6230	1e-04	LG18	7614232
5452	0.0174	LG18	7795023
25046	0.0209	LG18	7796759
5606	0.022	LG18	8168863
5398	1e-04	LG18	8286073
19141	-0.003	LG18	8738997
20321	0.0084	LG18	8985599
12705	1e-04	LG18	9156806
512	7e-04	LG18	9558850
17497	3e-04	LG18	9760266
16261	-0.0044	LG18	9852260
10139	7e-04	LG18	10073218
3866	0.0112	LG18	10794024
10894	0.0123	LG18	11058911
14968	-0.0065	LG18	11175149
24089	0.0132	LG18	11306607
22788	0.0165	LG18	11495314
20928	-0.0036	LG18	12055207
17624	-0.0047	LG18	12170837
25511	-6e-04	LG18	12211572
16153	-4e-04	LG18	12549315
17399	0.0046	LG18	12589872
20424	8e-04	LG18	12678763
6773	8e-04	LG18	13092359
3076	-0.0048	LG18	13129513
18094	0.0043	LG18	13222722
24062	-0.0069	LG18	13591321
20624	0	LG18	13659026
17837	0.0016	LG18	13681410
6735	-1e-04	LG18	13764485
23082	0.0122	LG18	13862641
13802	1e-04	LG18	13884781
6675	-0.0042	LG18	13914452
7976	-0.0021	LG18	13994590
4508	0.0369	LG18	14305873
5501	-0.0032	LG18	14588802
15459	-0.005	LG18	14866493
18915	0.0053	LG18	14885521
6845	0.0088	LG18	15567870
17002	-0.0013	LG18	16070330
3554	0.0075	LG18	16220209
15680	0.0104	LG18	16785048
25187	0.005	LG18	16918929
22922	-0.0084	LG18	16948854
11520	0.0256	LG18	17374494
25296	0.0146	LG18	17573131
20997	-0.0016	LG18	17575333
1020	0.0058	LG18	17770636
14765	-0.0046	LG18	17770724
7023	0.0189	LG18	17910715
3261	0.0118	LG18	18120527
3566	0.0081	LG18	18337381
1748	0.0068	LG18	18341373
9097	0.0183	LG18	18493608
15185	0.0056	LG18	18731251
13610	0.0284	LG18	18734658
8606	0.0067	LG18	18859511
19181	-7e-04	LG18	18862777
12242	0.0165	LG18	18874747
24910	-0.0063	LG18	19098051
10595	-0.003	LG18	19191660
9156	0.0079	LG18	19232226
16931	0.0041	LG18	19293340
24478	0.0135	LG18	19330205
21666	2e-04	LG18	19530417
10760	0.0032	LG18	19613888
23494	-0.0088	LG18	19645350
4720	-0.0047	LG18	19645438
15419	0.0161	LG18	19657777
20517	0.0051	LG18	19923264
4176	-0.0026	LG18	20408482
14641	0.0026	LG18	20610762
21289	0.0018	LG18	20707834
7106	0.0023	LG18	20842216
17923	0.0045	LG18	20853640
16178	7e-04	LG18	21410134
7412	0.0365	LG18	21670328
17875	0.0061	LG18	21708197
24407	0.0119	LG18	21802361
17165	0.009	LG18	21972144
20382	0.0055	LG18	22104721
14174	4e-04	LG18	22110953
13152	-0.0025	LG18	22541017
11951	-0.0022	LG18	22543425
8517	0.0038	LG18	22543513
17552	-0.0016	LG19	178221
10620	0.0048	LG19	1053140
19235	-0.0038	LG19	1397333
4062	0.0029	LG19	1676774
422	-0.0024	LG19	2645644
7421	-0.0017	LG19	3097487
13857	-0.004	LG19	3501506
24421	0.0068	LG19	3547594
5935	0.0179	LG19	3809995
22396	0.0108	LG19	3812359
9331	0.0013	LG19	4094309
12294	0.0493	LG19	4553077
7647	4e-04	LG19	4764986
16560	0.0219	LG19	5063117
139	0.0132	LG19	5505913
6677	0.0068	LG19	5644692
14550	-0.002	LG19	5644780
14506	0.0072	LG19	5819502
5137	-0.0081	LG19	5823389
888	0.0084	LG19	5854828
25060	0.0143	LG19	6221949
7828	0.0011	LG19	6872835
3375	0.0427	LG19	7130932
15805	-0.0034	LG19	7169435
6563	0.0115	LG19	7243278
11222	-0.0072	LG19	7639504
21721	0.0136	LG19	7685592
22653	-3e-04	LG19	7855618
25161	0.0455	LG19	8010194
25208	0.0156	LG19	8213158
18741	0.0011	LG19	8595624
8150	-0.0026	LG19	9468457
2038	-9e-04	LG19	9585216
24955	0.014	LG19	9644125
3186	3e-04	LG19	9805870
6520	-0.007	LG19	9865843
19241	0.0017	LG19	10009059
10979	0.024	LG19	10854621
17070	0.01	LG19	11077729
23368	0.0121	LG19	11098386
6899	0.0159	LG19	11783148
13982	0.0428	LG19	11889636
4744	-0.0064	LG19	11917050
14475	-2e-04	LG19	12036721
22126	-0.0037	LG19	12047075
19679	-5e-04	LG19	12150283
183	-0.0088	LG19	12157293
9326	-0.0029	LG19	12260534
23278	5e-04	LG19	12663018
23858	-0.0059	LG19	12740514
4536	-0.009	LG19	13287200
7335	0.0065	LG19	13457677
15794	3e-04	LG19	13824086
4187	-0.0033	LG19	14116914
6408	2e-04	LG19	14198859
11190	-0.002	LG19	14330578
17635	-1e-04	LG19	14330666
4661	0.017	LG19	14510561
901	0.0218	LG19	14535981
9054	0.0028	LG19	14616405
8690	0	LG19	14692145
19854	-0.0102	LG19	14775984
8414	-0.001	LG19	14776072
3351	1e-04	LG19	15047198
12541	0.0164	LG19	15079031
12184	0.0031	LG19	15296445
3416	0.0041	LG19	15655291
13892	0.0393	LG19	16044478
22913	-4e-04	LG19	16321589
8067	0.0649	LG19	16381195
23432	-0.009	LG19	16382989
25631	0.0215	LG19	16492194
6432	0.1754	LG19	17798082
6962	0.0099	LG19	17900522
13693	0.0639	LG19	18386627
24279	0.0095	LG19	18761611
2709	0.0131	LG19	18872684
9002	0.0072	LG19	19069826
5534	0.0058	LG19	19103458
12309	-0.003	LG19	19586926
18804	0.0032	LG19	19636844
19011	7e-04	LG19	19746275
15968	0.0117	LG19	19746363
14783	-0.002	LG19	19801598
17128	0.0215	LG19	19855741
11686	-0.0117	LG19	20003266
6443	0.003	LG19	20268119
3754	-0.0022	LG19	20346480
3946	-0.0042	LG19	20490861
9380	0.0048	LG19	20922391
22791	0.036	LG20	406559
22284	0.0434	LG20	406647
17522	0.0021	LG20	894030
6333	-0.0115	LG20	1257328
514	0.0041	LG20	1413400
16492	-0.0014	LG20	1852056
24158	-0.0038	LG20	1953008
4499	2e-04	LG20	2829965
25483	-0.0019	LG20	3304869
12332	2e-04	LG20	3304957
11262	0.0139	LG20	3439675
19066	2e-04	LG20	3439763
25009	0.0053	LG20	3492816
23920	4e-04	LG20	4206449
22941	0.0134	LG20	4347686
4070	0.0475	LG20	4384499
14117	-0.0058	LG20	4500729
3900	0.004	LG20	4903898
23026	-0.0015	LG20	5077173
425	-0.0016	LG20	5151213
19061	-8e-04	LG20	5261601
1452	0.0038	LG20	5697820
23575	-0.002	LG20	5716729
5334	0.0026	LG20	5780115
10530	0.0042	LG20	5796135
22409	0.0133	LG20	5968841
21119	0.0059	LG20	6179252
9565	-0.0085	LG20	6360309
7252	0.0167	LG20	6464030
18733	-0.0063	LG20	6483720
1323	0.0037	LG20	6539707
12213	-0.0062	LG20	6716434
15808	6e-04	LG20	6786084
9726	0.0035	LG20	6963568
8915	-0.0076	LG20	7955725
24691	0.0071	LG20	8312312
9855	-0.0056	LG20	8445572
769	0.0031	LG20	8455617
18028	0.0066	LG20	8934802
380	0.0151	LG20	8995844
16458	-0.0017	LG20	9073013
12320	-0.0016	LG20	9208037
3019	-0.0051	LG20	9261701
12520	-0.0017	LG20	9309314
19633	0.0078	LG20	9543982
5654	-0.0022	LG20	10038052
786	-0.0047	LG20	10305701
10732	9e-04	LG20	10708777
11146	0.0059	LG20	10708865
15373	-0.0051	LG20	10902738
8534	-0.0067	LG20	10902826
54	1e-04	LG20	10911887
12479	-0.0032	LG20	11076403
14059	0.0061	LG20	11201299
14803	0.0144	LG20	11246237
11983	-0.0036	LG20	11328196
7603	-0.0104	LG20	11490090
19294	0.007	LG20	11627795
16908	3e-04	LG20	11658627
21097	0.0017	LG20	11746796
20859	0.001	LG20	12055040
22336	9e-04	LG20	12477427
1469	-0.0078	LG20	12562983
22001	3e-04	LG20	13259719
3138	-0.0029	LG20	13442555
5155	0	LG20	13444345
19758	-3e-04	LG20	13703430
17475	-6e-04	LG20	13890554
4950	0.0181	LG20	14422635
23331	0.0162	LG20	14544825
2417	-0.0035	LG20	14555094
17549	0.0119	LG20	14800239
1197	-0.0061	LG20	15002118
232	-0.0042	LG20	15056758
15614	-0.0036	LG20	15153259
14311	0.039	LG20	15345806
12639	0.0378	LG20	15594600
9008	-0.0036	LG20	15722835
19070	-0.0149	LG20	15779831
10160	0.0067	LG20	15783678
24005	-0.0015	LG20	16265452
6947	0.0138	LG20	16306049
19304	0.0165	LG20	16370657
25052	2e-04	LG20	16846288
298	0.0019	LG20	17936497
17826	0.0584	LG20	17981362
13399	0.0092	LG20	18123036
22984	-0.0016	LG20	18502803
16690	0.002	LG20	19503177
18760	0.0034	LG20	19627592
18142	0.015	LG20	19914321
22761	-0.0015	LG20	20067363
9563	-0.0081	LG20	20191387
14764	-0.0129	LG20	20813925
1926	-0.0047	LG20	20827715
4766	-0.0023	LG20	21148698
22306	-0.0066	LG20	21312840
25286	-7e-04	LG20	21677336
10568	0.0038	LG20	21700706
1000	0.0129	LG20	21700794
14236	0.1032	LG20	21758312
9970	-0.0015	LG20	21800201
15293	0.0067	LG20	22046387
7127	-0.0056	LG20	22112286
13641	-0.0018	LG20	22149764
2497	0.0498	LG20	22149852
4939	0.0183	LG20	22418798
9355	0.0018	LG20	22453977
6026	0.0076	LG20	22696754
23747	-0.0024	LG20	22803965
18835	0.0114	LG20	23406232
15667	0.0117	LG20	23656667
4911	0.0066	LG20	24092274
16858	0.013	LG21	330607
20336	-0.006	LG21	1739622
23364	-0.0028	LG21	1951878
17149	0.0067	LG21	2315611
17237	0.0316	LG21	2997516
4541	-0.0035	LG21	3250882
17298	0.0329	LG21	3252770
1911	6e-04	LG21	3578040
992	4e-04	LG21	3580050
10676	0.0183	LG21	3879500
21433	-0.004	LG21	3980809
19	0.0066	LG21	4032093
17687	-0.0066	LG21	4600696
8471	-0.0031	LG21	4831712
9134	-0.0063	LG21	5010586
9079	-0.0059	LG21	5024714
4380	0.0036	LG21	5024802
24292	0.0062	LG21	5281194
8026	-0.0065	LG21	5322559
535	0.0071	LG21	5362930
4570	-0.0223	LG21	5426321
3797	-0.0082	LG21	5722754
14213	0.0245	LG21	6057118
6988	-0.0045	LG21	6125777
14741	0.0028	LG21	6153416
24471	0.0033	LG21	6153504
24454	0.0062	LG21	6228229
673	0.0315	LG21	6249646
10226	-0.0017	LG21	6811994
17192	-0.0014	LG21	6931837
15610	0	LG21	7275660
5765	-0.0036	LG21	7389806
3000	-0.0054	LG21	7459198
10552	-0.0039	LG21	7506255
16963	0.0431	LG21	7542984
8840	-7e-04	LG21	7607298
15039	-0.007	LG21	7743800
11846	0.0131	LG21	7885294
5001	0.0619	LG21	8264744
2694	-0.001	LG21	8442668
12775	-0.0067	LG21	8664788
700	0.0029	LG21	9085847
18471	0.0079	LG21	9085935
8586	0.0993	LG21	9106710
2677	-0.005	LG21	9477851
15527	-0.009	LG21	9637925
24309	3e-04	LG21	9666423
805	-0.0079	LG21	9856598
2135	0.0193	LG21	10135760
9852	-0.0016	LG21	10137258
10441	-0.0012	LG21	10658867
9964	0.0103	LG21	10996710
11268	0.0031	LG21	11120561
3902	0.0385	LG21	11188757
18476	0.0082	LG21	11674406
24994	-0.0049	LG21	12031059
5169	0.0266	LG21	12135222
1933	0.0434	LG21	12444588
17116	0.0438	LG21	12548555
3298	0.0019	LG21	12713994
13518	0.0054	LG21	12948521
2456	-0.0031	LG21	13077508
22240	-0.0043	LG21	13083088
24433	8e-04	LG21	13109523
8979	-6e-04	LG21	13555372
24980	-0.0029	LG21	14333627
10953	-0.0048	LG21	14345198
6721	-0.008	LG21	14929531
4100	0.0036	LG21	15218089
1503	0.0186	LG21	15279223
4036	-0.0096	LG21	15316907
13552	-0.0046	LG21	15321811
20688	0.0088	LG21	15905567
6085	0.0207	LG21	15957906
17523	-9e-04	LG21	16251869
3867	1e-04	LG21	16251957
93	-0.0013	LG21	16435657
9192	-0.0075	LG21	16443926
23252	-0.0028	LG21	16931771
7688	6e-04	LG21	17537300
6314	-0.0028	LG21	17634614
5632	0.0117	LG21	17876423
16057	-0.0036	LG21	18063310
746	0.0249	LG21	18110489
9766	-0.0095	LG21	18252963
23590	-0.0015	LG21	18263949
8409	-0.0051	LG21	18330944
17382	0.0021	LG21	18336350
3600	0.015	LG21	18337123
4148	-0.0066	LG21	18381376
11670	0.0216	LG21	19073942
23613	-0.001	LG21	19382634
21152	0.0066	LG21	19559785
7988	0.0028	LG21	19601801
7703	-0.0071	LG21	19625156
3855	0.0874	LG21	19913962
19650	-0.0099	LG21	20367923
5923	0.0044	LG21	20491767
24031	0.0132	LG21	20491855
19995	0.0055	LG21	20692491
8867	0.0375	LG21	20949290
2366	4e-04	LG21	21010013
18581	-0.0019	LG21	21143845
3043	-0.0077	LG21	21161935
12458	-0.0072	LG21	21179787
24928	0.0176	LG21	21180139
4257	-0.0021	LG21	21235457
13218	0.0178	LG21	21326887
13574	-0.0015	LG21	21915733
2769	0.0039	LG21	21919607
21920	9e-04	LG21	21956905
16615	0.0023	LG21	22174957
12255	0.0143	LG21	22222499
9323	0.0133	LG21	22259790
2762	8e-04	LG22	122447
4280	-0.0038	LG22	357359
18480	0.0237	LG22	407663
11048	-0.0023	LG22	635074
18398	0.0488	LG22	1046541
707	3e-04	LG22	1978209
11851	0.002	LG22	2223692
12537	0.0085	LG22	2287224
9184	-0.0019	LG22	2675465
18704	-0.0026	LG22	2749624
3780	0.0031	LG22	2810555
8530	0.0047	LG22	3244164
23351	0.0032	LG22	3637554
24664	0.0474	LG22	3891485
23950	0.0144	LG22	4037329
11469	-5e-04	LG22	4116742
6318	-0.0079	LG22	4155074
5273	0.0726	LG22	4266854
6617	-7e-04	LG22	4318361
6388	0.0044	LG22	4388180
17512	0.0104	LG22	4444450
15098	7e-04	LG22	4547122
5016	-0.0103	LG22	4547210
23441	0.0296	LG22	4571253
16577	0.0172	LG22	4572970
18331	0.0096	LG22	4794432
13608	5e-04	LG22	4982979
5516	-0.0026	LG22	5381422
19050	0.0123	LG22	5557857
11367	-0.0057	LG22	5685661
15267	-0.0065	LG22	5820699
24544	0.0169	LG22	5932831
7192	0.0036	LG22	5979214
613	-0.0074	LG22	6028173
17021	0.0213	LG22	6109204
21148	0.125	LG22	6221316
5891	0.0444	LG22	6395073
20242	0.0127	LG22	7133742
4404	0.0288	LG22	7532382
18881	0.0034	LG22	7620032
20466	0.009	LG22	7682050
6802	0.006	LG22	7924236
4081	0.0264	LG22	9230244
9418	0.0273	LG22	9230332
17004	-0.001	LG22	9292673
17131	-0.0033	LG22	9318448
4039	0.0449	LG22	9367737
2690	0.0124	LG22	9892159
8794	-0.0046	LG22	10702141
19286	-0.0034	LG22	10702229
5387	0.0057	LG22	10727070
20462	-9e-04	LG22	10749043
22899	0.0012	LG22	10850682
23627	-0.0054	LG22	11043718
22022	0.0255	LG22	11180967
17890	-0.0076	LG22	11257372
21537	-0.0021	LG22	11444989
1739	4e-04	LG22	11675953
9211	0.0761	LG22	11875758
14171	-0.0018	LG22	12059848
23361	0.0366	LG22	12129202
12736	6e-04	LG22	12325865
4775	-0.0069	LG22	12376372
13167	0.0021	LG22	12603468
2206	0.0332	LG22	13391318
6565	-0.0013	LG22	13653995
14592	0.0015	LG22	14345474
9610	-0.0046	LG22	14641840
20312	0.019	LG22	14743419
20835	0.0067	LG22	15230255
8056	0.0195	LG22	15240992
22406	0.0082	LG22	15374292
5035	0.0108	LG22	16170968
2554	-0.011	LG22	16243903
23115	0.0356	LG22	16243903
2718	0.0051	LG22	16526905
10316	-0.0032	LG22	16614805
11565	0.0144	LG22	16696270
8540	0.0028	LG22	16751795
21671	-0.0024	LG22	16784220
245	0.0106	LG22	16807954
9347	0.0054	LG22	17143940
19502	-0.0112	LG22	17169193
11144	0.0173	LG22	17277163
17615	2e-04	LG22	17373299
1629	0.0066	LG22	18697916
11611	-0.0061	LG22	18943071
8484	0.005	LG22	19029332
525	-0.0069	LG22	19123984
3196	-0.0071	LG22	19156479
24734	0.0016	LG22	19495640
12711	0.1109	LG22	19701486
4759	0.0089	LG22	19809786
647	-0.0014	LG22	19872092
22364	0.0104	LG22	19950094
20374	0.003	LG22	19950182
23502	0.0543	LG22	20045959
16745	-0.0051	LG22	20148987
18065	0.0069	LG23	23935
2947	0.0729	LG23	939621
1939	-0.0044	LG23	947149
20486	-0.001	LG23	1216584
4217	-0.0082	LG23	1421669
25365	0.0025	LG23	1422603
1969	0.0284	LG23	1571051
5776	0.0129	LG23	1598146
3499	-0.0016	LG23	1731017
14115	0.0033	LG23	1801745
23608	-8e-04	LG23	2056660
24671	0.0064	LG23	2294854
5673	-0.0016	LG23	2607933
24528	-0.0096	LG23	2793919
2498	-0.0045	LG23	2830661
9886	5e-04	LG23	2904649
862	-0.0013	LG23	3032160
6816	4e-04	LG23	3208908
12568	-0.0028	LG23	3548982
9415	-0.0046	LG23	3879604
18243	-0.0012	LG23	3883723
16418	-3e-04	LG23	3906293
4599	0.1729	LG23	4023710
14075	0.0054	LG23	4746307
14305	-0.001	LG23	4802793
9492	0.0187	LG23	4941457
8554	0.0021	LG23	4965463
14922	-0.0021	LG23	5120488
5431	5e-04	LG23	5415195
5586	0.0121	LG23	5729686
5859	0.0101	LG23	5934977
15780	0.0289	LG23	5975215
8126	0.0026	LG23	6176697
10745	0.009	LG23	6514744
24136	0.0059	LG23	6885062
17917	-0.008	LG23	6910701
13656	-5e-04	LG23	6939776
11343	0.0058	LG23	6939864
13253	-0.0096	LG23	7729126
13756	1e-04	LG23	7751151
25244	-0.0046	LG23	7799122
5633	0.0132	LG23	7996770
6953	-0.0021	LG23	8013738
24265	-0.0103	LG23	8127529
12886	0.0134	LG23	8197999
10928	1e-04	LG23	8351205
14913	0.0027	LG23	8352641
6080	0.0108	LG23	8352729
23214	0.0271	LG23	8604170
15122	-0.0064	LG23	8708221
4159	-0.01	LG23	9262983
7627	0.0108	LG23	9303595
5437	-0.0018	LG23	9601195
5538	0.0109	LG23	9616094
4412	0.0201	LG23	9893197
16517	-0.0019	LG23	9899809
11675	0.0014	LG23	9980807
15796	2e-04	LG23	10082796
23914	-8e-04	LG23	10085963
5662	-0.0058	LG23	10116938
10240	0.0066	LG23	10235311
16180	4e-04	LG23	10509126
7216	0.0161	LG23	11281788
16098	0.0175	LG23	11428544
25526	-0.0076	LG23	11553944
10598	-0.0012	LG23	11912700
10319	-9e-04	LG23	12543949
12555	0.0336	LG23	12601838
21003	-0.0043	LG23	12820690
1407	0.0702	LG23	12976106
7697	-0.0071	LG23	13180325
23534	-0.0021	LG23	13337311
2564	0.0109	LG23	13632032
5570	0.0046	LG23	13796931
14532	0.0054	LG23	13828739
19768	-0.0032	LG23	13992374
21786	-0.003	LG23	14033295
13650	-0.0063	LG23	14136677
2603	0.023	LG23	14392966
18938	-0.0013	LG23	14589392
21863	-0.0018	LG23	14840096
13462	0	LG23	14995379
21573	0.0041	LG23	15103569
8907	0.0147	LG23	15164927
2251	-0.009	LG23	15597949
10236	6e-04	LG23	16472284
6638	-0.0052	LG23	16622970
12600	0.0151	LG23	16671202
9655	-0.0039	LG23	16731817
16865	0.0026	LG23	16865370
11336	0.0133	LG23	17114644
2985	0.0777	LG23	17166837
5952	-0.0026	LG23	17392054
16902	0.01	LG23	17396584
21798	0.002	LG23	17398726
12615	0.0067	LG23	17463133
5201	-0.0055	LG23	17880932
8149	0.02	LG23	18211048
9941	0.0113	LG23	18507418
7620	-0.0022	LG23	18579738
11741	0.1386	LG23	18628873
7283	-0.0124	LG23	18658490
12758	-0.0056	LG23	18804744
10675	-0.002	LG23	19071795
3356	0.0144	LG23	19265074
11182	0.017	LG23	19306796
23124	8e-04	LG23	19544808
16157	-0.0057	LG23	19649645
20083	-4e-04	LG23	19876950
10514	-0.0044	LG23	21207956
7048	0.0272	LG23	21266614
12559	0.0046	LG23	21947173
13960	0.0081	LG23	22378723
13523	0.0229	LG23	22378811
22923	-2e-04	LG23	22909679
7754	0.0347	LG23	22966482
2751	-4e-04	LG23	22985440
