Locus	fst	chromosome	position
1	15791	0.0211	LG01	141695
2	15232	0.0028	LG01	1020445
3	16742	-0.0029	LG01	1741024
4	23271	0.0775	LG01	2020904
5	5208	-0.0032	LG01	2044448
6	13090	0.0428	LG01	2507110
7	14344	0.0189	LG01	2557271
8	25135	0.0364	LG01	3189475
9	14379	0.0197	LG01	3282792
10	1617	0.0209	LG01	3728784
11	21801	0.0579	LG01	3842286
12	15543	-0.0062	LG01	3923225
13	19183	-0.0066	LG01	4056640
14	18328	-8e-04	LG01	4337363
15	22648	0.0162	LG01	4342933
16	1773	-0.0068	LG01	4343021
17	20195	0.1206	LG01	4436797
18	24083	0.0405	LG01	4439028
19	13162	0.0728	LG01	4650983
20	14814	0.0065	LG01	4757332
21	5894	-0.0051	LG01	5179409
22	14329	-9e-04	LG01	5404659
23	13937	-0.0042	LG01	5901020
24	14234	0.0672	LG01	5909093
25	8445	-0.0064	LG01	6120990
26	4739	0.065	LG01	6163089
27	24874	-0.0026	LG01	6163947
28	15217	-0.0058	LG01	6363572
29	13020	0.303	LG01	6378884
30	15240	0.0083	LG01	7286931
31	15269	0.03	LG01	7489971
32	8242	0.0143	LG01	7621451
33	10366	0.0396	LG01	7718267
34	1190	-0.0073	LG01	8092422
35	13142	0.0172	LG01	8383158
36	4132	0.0084	LG01	8475035
37	1094	0.0406	LG01	8989975
38	15675	0.2184	LG01	8990063
39	7545	0.0477	LG01	9399694
40	23449	-0.0071	LG01	9519370
41	11140	-0.0078	LG01	11291570
42	9596	0.013	LG01	11383360
43	22978	-0.0012	LG01	11703390
44	2780	0.3623	LG01	11869646
45	24673	-0.0047	LG01	12331744
46	21720	0.003	LG01	12649886
47	21844	-0.0063	LG01	12649886
48	9825	1e-04	LG01	12866887
49	9456	0.0023	LG01	12895039
50	17342	-0.0075	LG01	13165795
51	13276	5e-04	LG01	13203369
52	253	-0.0066	LG01	13663746
53	24779	0.2337	LG01	14182553
54	14720	0.0682	LG01	14360204
55	22931	-0.0011	LG01	14391336
56	20245	0.0439	LG01	14915282
57	6220	0.1569	LG01	15305774
58	5584	0.0042	LG01	15478086
59	16036	0.002	LG01	15698538
60	20222	8e-04	LG01	15949701
61	765	0.1346	LG01	16350985
62	2990	0.0371	LG01	17231504
63	24372	-0.0023	LG01	17254201
64	6225	7e-04	LG01	17343059
65	23717	0.133	LG01	17410032
66	16441	-0.004	LG01	17478244
67	7823	-0.0067	LG01	17686137
68	15708	-0.0022	LG01	17762848
69	3794	-0.0061	LG01	17891914
70	13135	0.0338	LG01	17894333
71	4365	-0.0025	LG01	18164746
72	10477	0.082	LG01	18299147
73	18099	0.068	LG01	18634387
74	6218	0.0264	LG01	18938963
75	7173	-0.007	LG01	18990205
76	4301	-0.0057	LG01	18990497
77	20154	0.0609	LG01	19065023
78	20926	-0.0012	LG01	19851693
79	9000	-0.0075	LG01	20164805
80	17329	-0.0048	LG01	20190450
81	3223	0.06	LG01	21052003
82	21583	0.0102	LG01	21139714
83	24866	0.0032	LG01	21344701
84	10399	-0.0054	LG01	22235777
85	12877	-0.0061	LG01	22265414
86	16033	0.0279	LG01	22274751
87	24934	0.0203	LG01	22930946
88	11054	0.0186	LG01	22931034
89	2866	-0.0018	LG01	23087036
90	9277	0.0031	LG01	23131469
91	5569	0.1657	LG01	23205145
92	22373	0.0348	LG01	23816773
93	4003	0.0682	LG01	24038892
94	17121	0.1307	LG01	24067024
95	3776	0.1299	LG01	24455925
96	4909	0.0237	LG01	24794728
97	11479	0.2193	LG01	24916735
98	9421	0.0156	LG01	24972595
99	8948	-0.0048	LG01	25476939
100	9870	0.0031	LG01	25537657
101	7341	-0.0012	LG01	25623962
102	13766	0.0196	LG01	26270788
103	126	0.019	LG01	26277273
104	2672	0.0812	LG01	26278837
105	9996	-0.0082	LG01	26278925
106	23915	0.015	LG01	26446274
107	1059	-0.0055	LG01	27624343
108	2973	0.117	LG01	27732633
109	3630	-0.0068	LG01	28032467
110	2966	0.1575	LG01	28089763
111	13923	-0.0046	LG01	28259281
112	9530	0.0368	LG02	486766
113	9673	0.097	LG02	549312
114	12161	-0.0075	LG02	704956
115	2227	0.0256	LG02	1753025
116	12720	0.0244	LG02	1753113
117	12652	0.0183	LG02	2196715
118	24808	-0.0067	LG02	2862479
119	8450	5e-04	LG02	2934383
120	14890	0.0187	LG02	3068799
121	11304	0.0078	LG02	4112741
122	14293	0.0025	LG02	4229502
123	17606	-0.0063	LG02	4524449
124	23345	-7e-04	LG02	4533055
125	13038	-0.0045	LG02	5142106
126	16683	0.0119	LG02	5502143
127	20284	0.0879	LG02	5625109
128	21377	0.0439	LG02	5810716
129	8277	0.0434	LG02	5947585
130	9741	0.0421	LG02	5980256
131	803	0.0191	LG02	6015120
132	19750	0.0188	LG02	6566985
133	6709	-0.005	LG02	8318815
134	6441	-0.0064	LG02	8567129
135	10012	-0.0055	LG02	8567215
136	14655	-0.0051	LG02	8606584
137	12065	0.0183	LG02	9912651
138	15557	0.0196	LG02	9912739
139	17073	0.0307	LG02	10365156
140	23838	0.045	LG02	11039942
141	19045	0.0309	LG02	11101487
142	2332	-0.0075	LG02	11144818
143	20452	8e-04	LG02	11371678
144	19126	0.0349	LG02	11403166
145	6887	0.0186	LG02	11466154
146	8305	0.0058	LG02	11675992
147	8547	0.0679	LG02	11866579
148	15735	-3e-04	LG02	11907621
149	17332	-0.0013	LG02	12300457
150	3116	0.2228	LG02	12426111
151	17016	0.0679	LG02	12664574
152	2196	0.1029	LG02	13700077
153	3172	-0.0013	LG02	14430240
154	5196	-0.0051	LG02	16247316
155	18780	-0.005	LG02	16247404
156	695	0.0917	LG02	16820235
157	3791	0.1143	LG02	16926107
158	246	0.0065	LG02	17086725
159	11273	0.0654	LG02	17972205
160	23203	0.1314	LG02	18131841
161	8045	-0.0062	LG02	18447659
162	21277	0.1296	LG02	18598638
163	23624	4e-04	LG02	19001001
164	1906	0.0409	LG02	19009588
165	23112	0.0431	LG02	19178339
166	17391	0.0065	LG02	19424468
167	22131	0.0696	LG02	19717408
168	7610	-0.0039	LG02	19846598
169	19598	0.1119	LG02	20048778
170	14635	-4e-04	LG02	20550530
171	2733	0.0907	LG02	20586675
172	10577	-4e-04	LG02	21140684
173	17040	-0.0051	LG02	21265012
174	13321	-0.0053	LG02	21828564
175	21078	0.0413	LG02	22029483
176	10374	0.0077	LG02	22089412
177	22707	0.0324	LG02	23145300
178	3828	-0.0079	LG02	23363691
179	20586	-0.0078	LG02	23733031
180	12892	0.0121	LG03	714072
181	11905	0.118	LG03	970105
182	7509	0.0571	LG03	1901276
183	11166	0.142	LG03	2817506
184	6971	0.2112	LG03	2817594
185	5079	0.0418	LG03	3440963
186	8316	-0.0066	LG03	4477954
187	7117	-0.0068	LG03	5072653
188	12641	-0.0059	LG03	5337885
189	13796	-0.004	LG03	5379523
190	19441	-0.0031	LG03	5484346
191	13850	0.0538	LG03	5549748
192	5688	-0.0019	LG03	6697589
193	23215	0.091	LG03	6928935
194	19081	0.0866	LG03	7238162
195	21613	0.007	LG03	7275254
196	16360	0.0409	LG03	7374030
197	6657	0.0418	LG03	7628668
198	15903	0.1147	LG03	7655613
199	14032	0.0409	LG03	7893897
200	4002	0.0334	LG03	8053673
201	16706	0.1143	LG03	8053761
202	8205	-0.0064	LG03	8108048
203	23863	0.0128	LG03	8123980
204	6431	0.0819	LG03	8422729
205	7975	0.0464	LG03	8603130
206	2647	0.0611	LG03	8603218
207	2371	-0.0051	LG03	8761931
208	24348	0.008	LG03	9050793
209	4453	0.0187	LG03	9773441
210	10860	0.0711	LG03	10767775
211	7485	-0.0077	LG03	10832030
212	4905	0.0264	LG03	11011877
213	3799	0.0207	LG03	11143943
214	17132	-0.0049	LG03	11263632
215	10685	-0.0032	LG03	11289964
216	8375	-0.0045	LG03	11594755
217	23475	0.1162	LG03	11682954
218	11290	-0.0066	LG03	12068762
219	21185	0.0187	LG03	12326269
220	4010	0.0296	LG03	13761867
221	7322	-7e-04	LG03	14577642
222	17134	0.0448	LG03	14854029
223	169	0.0186	LG03	15330761
224	22800	0.0426	LG03	15388181
225	1845	0.0439	LG03	16345097
226	24600	-0.0093	LG03	16874492
227	13769	-5e-04	LG03	16947873
228	13583	0.0112	LG03	17439369
229	23544	0.0188	LG03	17774929
230	21046	0.0204	LG03	18033092
231	5524	0.0334	LG03	18033180
232	21244	0.3198	LG03	18402039
233	206	-0.0053	LG03	19138705
234	10413	0.0063	LG03	19637006
235	19255	0.001	LG03	19837223
236	13291	-0.0029	LG03	19837311
237	3853	-0.0028	LG03	19916664
238	15069	0.095	LG03	20311656
239	21327	0.0854	LG03	20363142
240	1451	-0.0054	LG03	20425799
241	1957	0.0122	LG03	20523113
242	8572	0.0613	LG03	20677019
243	101	0.0479	LG03	20685759
244	19592	-0.0049	LG03	20800363
245	25164	0.0357	LG03	21493309
246	12881	0.0523	LG03	22108213
247	6768	0.0024	LG03	22113564
248	9864	0.0153	LG03	22541811
249	9853	-0.0043	LG03	22734972
250	14972	0.0441	LG03	23204521
251	18535	-0.0075	LG03	23373618
252	15442	-0.0069	LG03	23446575
253	23706	0.0453	LG03	23466014
254	6993	0.0989	LG03	23801182
255	12623	0.163	LG03	23860880
256	24194	-0.0065	LG03	23926965
257	4025	0.012	LG03	24223878
258	25450	0.0728	LG03	24305530
259	1193	-0.0046	LG03	24543439
260	23000	0.0042	LG03	24732451
261	17454	0.0327	LG03	24732539
262	2148	0.1467	LG03	24816799
263	15677	0.0707	LG03	24849640
264	19881	0.0377	LG03	24958507
265	22895	0.031	LG03	24988455
266	19275	-0.0066	LG03	25242684
267	2977	-0.0066	LG03	25242772
268	189	-0.0073	LG03	25718099
269	12087	-0.0058	LG03	25954272
270	23029	-0.0065	LG03	26493285
271	24772	0.0739	LG03	27111842
272	18415	-0.0022	LG03	27141255
273	4747	0.0189	LG03	27467753
274	440	0.0265	LG03	27467841
275	1218	-0.0068	LG03	27647413
276	18994	0.0683	LG03	27850690
277	10222	-0.0033	LG03	27941905
278	14459	0.0178	LG03	28067721
279	2446	-0.0072	LG03	29018446
280	5413	0.0676	LG03	29071150
281	19975	0.0033	LG03	29149035
282	2621	-0.0053	LG04	378962
283	9681	0.0376	LG04	1199563
284	7074	0.1416	LG04	1318831
285	221	0.0412	LG04	1318919
286	9776	-0.007	LG04	1846805
287	7081	0.0078	LG04	2557433
288	9850	-0.0049	LG04	4223942
289	16944	0.0883	LG04	4758407
290	6567	0.0786	LG04	5614539
291	5754	-0.0051	LG04	5682240
292	11627	0.0031	LG04	6571022
293	6609	-0.0071	LG04	6791037
294	21624	-0.0073	LG04	8536219
295	16046	0.0214	LG04	8899634
296	5824	-0.0068	LG04	9835263
297	7000	0.0665	LG04	11009190
298	6995	0.0439	LG04	11127341
299	220	0.0083	LG04	13609089
300	2334	0.0679	LG04	13791139
301	1138	0.0056	LG04	14058546
302	16474	-0.007	LG04	14767734
303	9992	-0.0076	LG04	14860399
304	9714	0.0272	LG04	15238228
305	12570	0.0188	LG04	15462653
306	19718	-0.0041	LG04	15786063
307	22434	-0.0032	LG04	15803099
308	21419	-0.0077	LG04	15849042
309	12952	0.141	LG04	15935786
310	1122	-0.0065	LG04	16838600
311	20255	0.0087	LG04	17092539
312	6182	0.0049	LG04	17601862
313	23845	0.0076	LG04	17671956
314	19756	-0.0066	LG04	17689844
315	17357	0.0433	LG04	18182664
316	16620	0.1498	LG04	18616085
317	8018	0.0067	LG04	18659305
318	12331	-0.0054	LG04	18954802
319	19761	0.0662	LG04	19319412
320	11725	-0.0055	LG04	19611569
321	25334	0.019	LG04	19650453
322	10136	0.0273	LG04	19736434
323	7962	-1e-04	LG04	22010636
324	12982	-0.0068	LG04	22046280
325	10585	0.017	LG04	22250919
326	4373	-0.0072	LG04	22943548
327	6522	0.0515	LG04	23060319
328	4230	0.0437	LG04	23389886
329	11736	0.1512	LG04	23393908
330	8499	0.2224	LG04	23394825
331	3694	0.0075	LG04	23536033
332	2033	-0.0064	LG04	24372151
333	4133	0.2075	LG04	24866885
334	20574	-0.0043	LG04	25004497
335	8590	0.0189	LG04	25049798
336	13845	0.0062	LG04	25562752
337	4777	0.0318	LG04	25625757
338	18193	0.0185	LG04	26465366
339	11896	-0.0038	LG04	26693499
340	17909	-0.0012	LG04	27400513
341	20561	0.0453	LG04	28036248
342	22104	0.0093	LG04	28268549
343	9878	0.0168	LG04	28655265
344	21625	-0.0031	LG04	29329140
345	16190	0	LG04	29395045
346	4998	0.0044	LG04	29833176
347	23705	-0.0041	LG04	30578350
348	4898	-0.0049	LG04	30578438
349	9316	0.0194	LG04	30729475
350	10022	-0.0052	LG04	30922281
351	14472	-0.0051	LG04	30956502
352	1392	0.0455	LG04	31306420
353	6672	0.0186	LG04	31308425
354	19740	-0.0045	LG04	32561118
355	9308	0.0362	LG04	32661853
356	8095	-0.0065	LG04	33023845
357	7637	0.0516	LG04	33296125
358	825	-0.0019	LG04	33313977
359	4013	0.1493	LG04	33514896
360	4212	0.0384	LG04	33598863
361	3875	0.0437	LG04	34503689
362	22930	0.006	LG04	34615017
363	25555	0.0061	LG05	89763
364	5071	0.04	LG05	2633866
365	16947	0.0095	LG05	3136987
366	11509	0.02	LG05	3589620
367	14300	0.0167	LG05	4212380
368	16456	-0.0056	LG05	4768937
369	6554	0.0439	LG05	4972861
370	13100	0.0481	LG05	5100690
371	10488	0.1783	LG05	5151374
372	16370	-0.0066	LG05	7643714
373	11052	-0.0051	LG05	8177311
374	12823	-0.0023	LG05	9109345
375	17944	0.0521	LG05	9577848
376	24751	0.0025	LG05	9794993
377	8048	-0.0022	LG05	10285673
378	15308	0.2734	LG05	10331545
379	109	-0.0064	LG05	10536052
380	13066	0.0194	LG05	10679060
381	25641	4e-04	LG05	10857600
382	18355	0.0399	LG05	11138778
383	10648	0.0029	LG05	11265067
384	15382	0.2652	LG05	11546705
385	24504	-0.0068	LG05	11587563
386	24009	0.0265	LG05	12735878
387	13081	0.007	LG05	12942571
388	19118	0.0327	LG05	14061436
389	17629	0.0183	LG05	14114194
390	20144	0.0643	LG05	14401240
391	13979	0.0376	LG05	14406847
392	12291	0.0562	LG05	14410867
393	21290	0.026	LG05	16180064
394	11483	-0.0054	LG05	16568600
395	20929	0.064	LG05	17283664
396	25170	0.019	LG05	17962009
397	23233	0.0188	LG05	18045368
398	982	0.037	LG05	18446161
399	6944	0.0898	LG05	18764110
400	15494	0.1085	LG05	18979819
401	19937	0.0569	LG05	18997330
402	10276	0.0757	LG05	19239849
403	2934	-0.0068	LG05	19374392
404	19856	0.0671	LG05	19867310
405	13631	0.059	LG05	19888628
406	534	-0.0053	LG05	20110056
407	10849	0.045	LG05	20154474
408	22541	0.0425	LG05	20236929
409	11191	-0.0066	LG05	20436363
410	5600	0.0393	LG05	20613309
411	19450	0.1038	LG05	20850964
412	24976	-0.0055	LG05	20961741
413	18694	-0.0056	LG05	21068872
414	20449	0.0138	LG05	21122347
415	14897	0.0721	LG05	21210136
416	9174	0.0796	LG05	21240325
417	2075	0.0664	LG05	21654489
418	11717	-0.007	LG05	22040377
419	8849	0.0135	LG05	22279915
420	14824	0.0168	LG05	22503857
421	8820	-0.0051	LG05	23467616
422	20744	-0.0073	LG05	23975122
423	9216	0.0652	LG06	92177
424	20128	0.1181	LG06	176690
425	13991	0.0275	LG06	2695268
426	24966	-0.0102	LG06	2752792
427	19689	-0.0066	LG06	3616089
428	14572	0.009	LG06	3819643
429	14955	0.3518	LG06	4090145
430	6069	-0.0013	LG06	5096580
431	9967	0.0157	LG06	5507919
432	9502	0.0566	LG06	5572616
433	12746	-0.0063	LG06	5825278
434	15140	-0.0039	LG06	5825366
435	3734	-0.0088	LG06	5926292
436	13308	-4e-04	LG06	6089527
437	13575	0.043	LG06	6229225
438	7870	0.0187	LG06	6309938
439	927	0.0361	LG06	6420980
440	21453	0.0699	LG06	6580009
441	15573	-0.0049	LG06	6638277
442	18841	0.1074	LG06	6656691
443	4799	-0.0055	LG06	6902120
444	5610	0.1507	LG06	6965868
445	9369	0.0177	LG06	7049845
446	14140	-0.0066	LG06	7517417
447	18743	0.0348	LG06	7692783
448	20101	0.0143	LG06	7734851
449	5576	-0.0018	LG06	7858844
450	3940	0.1347	LG06	7867156
451	16571	0.1085	LG06	7867244
452	5770	0.0186	LG06	9501622
453	13341	0.0112	LG06	10553940
454	11521	0.019	LG06	11046781
455	15332	-0.0032	LG06	11688414
456	9135	0.0189	LG06	12182054
457	8758	-0.0074	LG06	12398312
458	8327	0.1266	LG06	13589351
459	24665	-0.0014	LG06	14270724
460	3887	0.1402	LG06	14278663
461	7726	-0.0047	LG06	14765352
462	16968	0.0279	LG06	17047164
463	23650	0.1603	LG06	17098228
464	3973	-0.0054	LG06	17505582
465	24868	0.0133	LG06	17520164
466	23346	0.0256	LG06	17719747
467	14906	0.04	LG06	18358526
468	4398	0.1731	LG06	18998161
469	23788	0.0593	LG06	19578433
470	1054	0.1097	LG06	19898749
471	5336	0.1166	LG06	20059538
472	4191	-0.0068	LG06	20741073
473	15407	0.0077	LG06	21582654
474	4887	-0.0051	LG06	22208449
475	19466	0.0071	LG06	22609209
476	5465	0.0194	LG06	22757568
477	7391	0.0425	LG06	22765329
478	16898	0.1707	LG06	23015385
479	16504	0.0139	LG06	23022030
480	7666	0.0201	LG06	23577967
481	18782	-0.0048	LG06	23908378
482	14932	-0.0045	LG06	24003056
483	17898	0.0106	LG06	24099530
484	17066	-0.0027	LG06	24966019
485	3396	0.0185	LG06	25314954
486	16904	0.048	LG07	241251
487	13556	-0.0051	LG07	545999
488	8890	-0.0056	LG07	6489881
489	16410	-0.0103	LG07	6570170
490	23190	-0.0043	LG07	6942938
491	7763	-0.0051	LG07	7478136
492	8334	0.1612	LG07	8045347
493	6882	0.0897	LG07	8078705
494	10210	0.0462	LG07	8879525
495	8898	0.0217	LG07	9012236
496	17835	0.0117	LG07	9383414
497	11760	0.0389	LG07	9519203
498	3284	0.0367	LG07	9539930
499	23562	0.0872	LG07	9752923
500	11576	-0.0019	LG07	10877109
501	12578	-0.0042	LG07	10968252
502	8100	0.0034	LG07	11428517
503	14999	0.0151	LG07	11429270
504	7875	0.1429	LG07	11452690
505	23986	-0.0059	LG07	11698160
506	15934	0.0091	LG07	11782849
507	13198	0.0142	LG07	11977671
508	20885	-0.0069	LG07	12288312
509	2520	0.0157	LG07	12362085
510	14810	-0.0023	LG07	12619906
511	2735	0.026	LG07	13236326
512	3195	0.011	LG07	13297888
513	14640	0.1201	LG07	13545769
514	23944	-0.0062	LG07	14383434
515	25567	0.0248	LG07	14745633
516	10999	8e-04	LG07	14769705
517	22166	-0.0083	LG07	14854682
518	10285	-0.0041	LG07	14894969
519	4637	0.1118	LG07	15411923
520	24467	0.0048	LG07	15454584
521	21874	0.0579	LG07	15564103
522	7479	0.0176	LG07	16236256
523	925	-0.0051	LG07	16246230
524	7171	-0.0061	LG07	16286288
525	18517	-0.0022	LG07	16558501
526	14474	0.0218	LG07	17381364
527	2069	7e-04	LG07	17433168
528	22303	0.1064	LG07	17494008
529	22862	-0.0017	LG07	17602063
530	7458	-0.005	LG07	17761824
531	17631	5e-04	LG07	17895354
532	8813	0.0246	LG07	18222159
533	15473	0.0156	LG07	18504448
534	24287	-0.0058	LG07	18609422
535	21829	0.0031	LG07	19738440
536	13935	0.0716	LG07	20916719
537	18796	-0.0052	LG07	20918202
538	12962	0.0717	LG07	20991578
539	2319	0.0183	LG07	20997192
540	15645	0.1764	LG07	21003278
541	20990	0.0028	LG07	21131169
542	20197	0.0196	LG07	21773059
543	11768	0.026	LG07	21989855
544	11902	0.18	LG07	22046260
545	22276	0.0021	LG07	22340068
546	22937	0.0811	LG07	23094487
547	2830	-0.0068	LG07	23332711
548	1490	-0.007	LG07	23424347
549	3798	0.0571	LG07	23461249
550	21016	-0.0065	LG07	23507934
551	7604	-0.0052	LG07	24657611
552	19632	0.0744	LG07	24868754
553	6357	0.1618	LG07	25230566
554	19046	-0.0061	LG07	25485765
555	11886	0.1032	LG07	25941514
556	3307	0.0026	LG07	26173439
557	23211	0.0499	LG07	26183959
558	24833	0.0273	LG07	26668142
559	12946	0.0434	LG07	26921264
560	8693	-0.007	LG07	26942791
561	20753	0.0735	LG07	27066137
562	1258	0.0187	LG07	27182155
563	11488	-0.0048	LG07	27215381
564	12394	0.0023	LG07	27314143
565	20472	-0.0077	LG07	27329202
566	11176	-0.0022	LG07	27362617
567	16425	0.0127	LG07	27583603
568	22430	0.1608	LG07	27902353
569	16718	-0.006	LG07	27965978
570	16834	-0.0057	LG07	28130284
571	24680	0.0098	LG07	28196913
572	964	-0.0073	LG07	28218086
573	7313	-0.0092	LG07	28218174
574	1036	-0.0059	LG07	28626276
575	19685	0.0012	LG07	28686518
576	17993	0.0183	LG07	28876115
577	11566	-0.0062	LG07	28941938
578	3606	0.2105	LG07	29181476
579	23402	0.0866	LG07	30073509
580	5739	0.1028	LG07	30391639
581	7395	0.013	LG07	30555580
582	19372	0.008	LG07	30915399
583	8103	-0.0075	LG08	667242
584	4596	0.0818	LG08	1761739
585	17856	0.0448	LG08	4176493
586	3193	-0.0066	LG08	4803505
587	16186	0.036	LG08	4941063
588	23100	-0.001	LG08	5415753
589	22626	0.0106	LG08	5588163
590	3207	0.0179	LG08	5648759
591	16965	0.0087	LG08	5811721
592	16238	-0.0043	LG08	5811809
593	20526	0.0188	LG08	5973861
594	7046	-0.0025	LG08	6188289
595	6771	0.3654	LG08	6712888
596	16032	0.3267	LG08	6862619
597	21600	-0.0051	LG08	7171130
598	5623	-0.0013	LG08	7239686
599	16134	0.0298	LG08	8305901
600	11132	0.0113	LG08	8582009
601	8208	0.0231	LG08	8756918
602	5060	0.0021	LG08	9590391
603	12064	-0.0075	LG08	10043041
604	23580	0.0617	LG08	10125644
605	545	-0.002	LG08	10413548
606	24825	0.0582	LG08	10604355
607	4491	0.0679	LG08	10633171
608	18628	0.0541	LG08	10815737
609	21539	-0.0053	LG08	10823636
610	16698	2e-04	LG08	10896352
611	4040	0.0421	LG08	10912553
612	16165	0.0281	LG08	10923168
613	571	0.327	LG08	11071974
614	2506	0.0288	LG08	11296393
615	7865	0.0046	LG08	11365031
616	22563	0.0174	LG08	11820497
617	23593	0.0065	LG08	11824764
618	7501	0.074	LG08	13128416
619	227	-0.007	LG08	13650675
620	17870	-0.0015	LG08	13840335
621	23395	0.0564	LG08	14187546
622	1821	0.0282	LG08	14640764
623	10061	0.1169	LG08	15659186
624	10951	0.0185	LG08	16407110
625	7974	0.045	LG08	16567202
626	24993	-0.0057	LG08	17575533
627	13241	0.0716	LG08	18014083
628	11759	0.356	LG08	18102613
629	6229	0.0689	LG08	18383781
630	7807	5e-04	LG08	18470173
631	2234	-0.0032	LG08	18949206
632	12521	0.0455	LG08	19539358
633	8997	-0.0065	LG08	20043558
634	19923	0.018	LG08	20933711
635	13724	-0.0041	LG08	21563933
636	18702	-0.0064	LG08	21564021
637	373	0.0014	LG08	21935513
638	9940	-2e-04	LG08	22367438
639	16205	0.0182	LG08	23333714
640	9419	0.0188	LG08	24203128
641	22526	0.0083	LG08	24326107
642	23159	0.0594	LG08	24547395
643	22824	0.0437	LG08	24757841
644	4609	0.0167	LG08	24762010
645	3197	0.0606	LG08	24846203
646	7522	-0.0013	LG08	25397751
647	2368	0.0187	LG08	26184505
648	15881	0.0179	LG08	26492037
649	21802	0.0183	LG09	609295
650	11018	0.3525	LG09	1255390
651	4556	-0.0062	LG09	1872502
652	18276	-0.0052	LG09	1894085
653	20522	0.0718	LG09	2507199
654	18196	0.0918	LG09	3577647
655	7151	0.061	LG09	4221656
656	3683	0.0628	LG09	4680682
657	8194	0.2861	LG09	4886819
658	415	-0.005	LG09	6944185
659	1047	0.0976	LG09	6946806
660	21454	0.0569	LG09	7105409
661	22698	0.1589	LG09	7438914
662	14594	-0.0049	LG09	7829697
663	20036	0.0827	LG09	7937542
664	4702	0.0067	LG09	9449210
665	15907	0.0171	LG09	9465117
666	5174	0.2321	LG09	10347416
667	25293	0.0028	LG09	10421422
668	18401	0.0016	LG09	10862292
669	11848	0.0679	LG09	11140996
670	23308	0	LG09	11265092
671	617	5e-04	LG09	11297440
672	18757	-8e-04	LG09	11297595
673	22918	0.1338	LG09	11494887
674	20446	0.0793	LG09	11671951
675	11849	0.0118	LG09	12564139
676	22806	-1e-04	LG09	12871481
677	11307	0.0088	LG09	12988378
678	22092	0.1309	LG09	13245403
679	7328	0.2297	LG09	13296658
680	21686	0.0505	LG09	13925989
681	410	0.0246	LG09	13926079
682	8199	-0.0071	LG09	14464715
683	12201	0.0687	LG09	14680579
684	15311	-0.0076	LG09	14890489
685	15650	0.0186	LG09	16091715
686	22246	0.1536	LG09	16119065
687	14260	0.1475	LG09	16137299
688	9611	0.0857	LG09	16641125
689	9980	0.0062	LG09	17129352
690	17038	8e-04	LG09	17129440
691	16009	0.0174	LG09	17406696
692	21118	0.1918	LG09	17644011
693	22640	-0.0051	LG09	17652604
694	9966	-0.0052	LG09	17673401
695	22488	0.0218	LG09	17756102
696	4960	-0.0024	LG09	17810629
697	39	0.0605	LG09	17882115
698	8603	0.0034	LG09	18435106
699	16667	0.0193	LG09	19262015
700	7759	7e-04	LG09	19279622
701	21239	0.1252	LG09	19366042
702	9545	0.3951	LG09	19485278
703	18188	0.0083	LG09	19813932
704	13207	0.0058	LG09	19949567
705	263	-0.007	LG09	19977194
706	12648	0.0124	LG09	20115383
707	23178	-0.003	LG09	20841659
708	19360	0.0044	LG09	21644883
709	18319	0.0432	LG09	21889342
710	17912	0.0324	LG09	23034645
711	11209	-0.0045	LG09	23570711
712	20068	0.0747	LG09	23628908
713	8124	-0.0087	LG09	23766555
714	13163	0.0026	LG09	23918871
715	1794	0.0388	LG09	24143400
716	11638	-0.0046	LG09	24432292
717	4226	0.0848	LG09	24607602
718	5002	0.0035	LG10	1370047
719	16612	0.0937	LG10	1560210
720	11954	-0.0036	LG10	2256027
721	17879	0.0487	LG10	2293277
722	9252	-0.0027	LG10	2489942
723	18111	0.0373	LG10	2525180
724	1073	4e-04	LG10	2603183
725	22771	-0.0037	LG10	3784167
726	22011	0.0439	LG10	4306943
727	4426	0.1041	LG10	4400003
728	25250	-0.0015	LG10	4629105
729	10995	-0.0072	LG10	5381301
730	5962	-0.0066	LG10	5834804
731	18330	-0.0081	LG10	5843219
732	885	-0.0011	LG10	5851100
733	3434	-0.0085	LG10	6003116
734	9159	0.0132	LG10	6204018
735	10291	-0.0064	LG10	6547702
736	10396	0.0059	LG10	7240187
737	14287	-3e-04	LG10	7429779
738	7214	0.022	LG10	7431430
739	4620	0.058	LG10	7813485
740	18629	0.0185	LG10	8019257
741	3753	-0.0026	LG10	9860946
742	92	0.0094	LG10	10496043
743	12725	-0.0069	LG10	10819623
744	8033	0.0028	LG10	10895467
745	13125	0.0039	LG10	11392859
746	12182	0.059	LG10	11702412
747	198	-0.0093	LG10	12542466
748	11049	-0.0031	LG10	12577783
749	11546	0.0036	LG10	12653334
750	13791	0.0482	LG10	12697932
751	9755	0.0225	LG10	13377165
752	24796	-0.0041	LG10	13900062
753	17990	-0.0013	LG10	13900150
754	15313	0.0071	LG10	14212835
755	4083	0.0308	LG10	15139047
756	8507	0.065	LG10	15259978
757	15234	0.07	LG10	15260066
758	4251	-0.0052	LG10	16638251
759	14526	0.056	LG10	16803171
760	13301	0.1718	LG10	17347191
761	4171	-0.0034	LG10	17543844
762	17760	0.0041	LG10	18095577
763	16422	0.0246	LG10	18439664
764	24307	0.0704	LG10	18499922
765	18366	0.0118	LG10	18594290
766	9452	0.0258	LG10	19417830
767	7879	0.1784	LG10	19467967
768	16245	-0.0044	LG10	19765296
769	3248	0.0776	LG10	20021617
770	10580	-0.0051	LG10	20152067
771	19564	0.0195	LG10	20345887
772	2558	0.0202	LG10	22020828
773	8486	0.0021	LG10	22526695
774	11	-0.0034	LG10	22879220
775	25444	0.2053	LG10	22997820
776	23146	0.0681	LG10	23430455
777	8798	0.0711	LG10	24193411
778	16791	0.019	LG10	25140041
779	21313	-0.0059	LG11	852857
780	7711	0.023	LG11	2322577
781	3258	0.0187	LG11	2454027
782	23150	0.0124	LG11	2463269
783	11282	0.0207	LG11	2541278
784	8526	0.0207	LG11	2619748
785	18879	0.0394	LG11	2695805
786	21335	-0.0019	LG11	2991166
787	16270	0.0015	LG11	3234999
788	3428	0.0186	LG11	3481234
789	5966	0.0174	LG11	3737428
790	24196	0.0043	LG11	3832245
791	18571	9e-04	LG11	4312750
792	23094	-8e-04	LG11	4350264
793	7940	0.1321	LG11	4935309
794	3931	-0.0077	LG11	5295900
795	18322	1e-04	LG11	5422392
796	7929	0.1092	LG11	5422480
797	19943	0.1138	LG11	5432424
798	21590	0.0884	LG11	5432942
799	19964	-0.0052	LG11	5576643
800	15954	0.0996	LG11	5805730
801	2468	0.0165	LG11	6043896
802	12889	-0.0057	LG11	6356698
803	9158	0.0348	LG11	6826719
804	12810	0.1208	LG11	7562224
805	1547	0.0144	LG11	7746059
806	752	0.0206	LG11	8223689
807	22145	-0.0033	LG11	9814031
808	18762	0.0253	LG11	9890924
809	12254	-0.0065	LG11	10063725
810	4956	0.0682	LG11	10490527
811	8192	0.0404	LG11	10551327
812	10886	0.1008	LG11	10701151
813	15114	0.0179	LG11	11123840
814	9205	0.0036	LG11	11238044
815	17087	-0.0043	LG11	11366771
816	9585	0.023	LG11	11440099
817	6890	-0.0092	LG11	11780929
818	21789	0.0022	LG11	11847676
819	13355	0.043	LG11	13376613
820	20923	4e-04	LG11	14468605
821	2604	0.0558	LG11	14815925
822	16257	0.0187	LG11	15142617
823	17726	1e-04	LG11	16223640
824	21360	0.0959	LG11	16819948
825	10828	0.0591	LG11	16821051
826	25416	0.0854	LG11	16875369
827	11019	0.061	LG11	17081030
828	20140	0.2454	LG11	18447554
829	4837	-0.0079	LG11	18564220
830	3266	-0.0048	LG11	18795306
831	19830	4e-04	LG11	18942693
832	6729	0.0816	LG11	19415556
833	19784	0.3254	LG11	19585086
834	15354	0.0659	LG11	19828160
835	2153	0.0165	LG11	20773096
836	14020	0.0347	LG11	21264705
837	22851	-0.0065	LG11	21940307
838	8152	0.0049	LG11	22005892
839	5464	0.0044	LG11	22086835
840	20666	-0.0063	LG11	22294272
841	3039	0.0401	LG11	22402420
842	18250	-0.0063	LG11	22636036
843	19035	0.0147	LG11	23667786
844	5614	3e-04	LG11	23808690
845	1655	0.0622	LG11	24272512
846	6158	0.0893	LG11	24273058
847	17644	-0.0071	LG11	24432463
848	22637	-0.0053	LG11	24477451
849	2922	0.0982	LG11	24771036
850	11912	0.0211	LG11	25064455
851	5572	0.008	LG11	25112679
852	7749	-0.0078	LG11	25187021
853	53	0.0252	LG11	26240806
854	23448	0.0141	LG11	26240894
855	23014	0.001	LG11	26491712
856	25289	-0.0036	LG11	26514142
857	9251	0.0125	LG11	26642181
858	21807	0.0517	LG11	26732894
859	8670	0.0112	LG11	27130781
860	4361	0.0777	LG11	27160901
861	1473	0.0195	LG11	27198631
862	6377	-0.0076	LG11	27229186
863	13880	0.0061	LG11	27245517
864	5	0.1575	LG11	27261814
865	11535	0.1122	LG11	27770790
866	9213	-0.0051	LG11	27848202
867	12431	0.0445	LG11	27862706
868	15756	0.0049	LG11	27938726
869	8190	-0.0071	LG11	28080960
870	18166	0.003	LG12	567544
871	7431	0.0044	LG12	3326685
872	4473	0.1181	LG12	4009809
873	780	0.009	LG12	4213605
874	16343	0.0365	LG12	4298091
875	4568	0.0065	LG12	4779086
876	10263	0.1511	LG12	5229610
877	11770	0.0409	LG12	5439863
878	15646	0.0109	LG12	5579243
879	2335	0.0546	LG12	6026045
880	20544	0.0675	LG12	6086824
881	8064	-0.0033	LG12	6180142
882	17582	-0.0029	LG12	6410601
883	6144	-0.0071	LG12	6428619
884	15017	0.0226	LG12	6450207
885	8278	-0.0049	LG12	6752117
886	7574	-0.0067	LG12	6911449
887	3833	0.0025	LG12	7696087
888	13458	-0.0077	LG12	7732046
889	15003	0.0135	LG12	8128215
890	6094	0.0288	LG12	8466885
891	9061	0.0023	LG12	8785295
892	17406	0.0086	LG12	8874489
893	11591	0.2318	LG12	9634261
894	960	0.0206	LG12	10174457
895	541	0.0195	LG12	10886813
896	1881	-0.0051	LG12	11484342
897	18478	0.0114	LG12	11760945
898	15061	0.0755	LG12	11994413
899	10698	0.1775	LG12	12379590
900	12403	0.0069	LG12	12909587
901	4550	0.0187	LG12	17753872
902	18070	0.1149	LG12	18432995
903	522	0.0024	LG12	18820544
904	772	0.006	LG12	19202962
905	5133	0.0682	LG12	19492744
906	10207	-0.002	LG12	19645674
907	19222	0.043	LG12	19916291
908	7565	0.0755	LG12	19921439
909	11992	-0.0022	LG12	19963181
910	12668	0.0665	LG12	20070737
911	25622	0.0246	LG12	20249556
912	98	-0.0055	LG12	20292473
913	7086	0.0209	LG12	20716376
914	9979	0.0234	LG12	20945653
915	9658	0.0353	LG12	21292189
916	22206	0.1018	LG12	21990158
917	3304	0.1613	LG12	21990246
918	4411	0.0531	LG12	22019003
919	18012	0.0038	LG12	22709819
920	3480	-6e-04	LG12	23074809
921	10295	-0.0067	LG12	23243263
922	3437	0.01	LG12	23290112
923	18434	-6e-04	LG12	23397580
924	1568	0.0183	LG12	23698751
925	11506	0.0276	LG12	24036984
926	12851	0.0214	LG12	24393793
927	187	0.0708	LG12	25008487
928	11415	0.0188	LG12	25161775
929	6462	0.0152	LG12	25449456
930	6312	0.0251	LG12	26603732
931	167	0.0403	LG12	26759763
932	9896	-0.0067	LG12	26878070
933	12028	0.0476	LG13	1250680
934	10029	0.0437	LG13	1297680
935	15595	0.0029	LG13	1320012
936	3708	0.0346	LG13	1535521
937	8596	0.0049	LG13	3111762
938	13514	0.0423	LG13	3195046
939	15145	-0.0067	LG13	3341126
940	13318	0.0503	LG13	3584634
941	3062	-0.0051	LG13	4642806
942	24464	0.0275	LG13	5444037
943	4643	0.0026	LG13	5556883
944	3929	0.0068	LG13	6072318
945	7736	0.1075	LG13	6632801
946	24135	-0.0049	LG13	6936637
947	10460	0.0437	LG13	6966466
948	2258	0.0371	LG13	7099455
949	16752	0.0188	LG13	7127580
950	4396	0.0194	LG13	7298301
951	9165	-0.0075	LG13	8397560
952	7747	0.0078	LG13	8626858
953	13762	0.0029	LG13	8670969
954	17739	0.0672	LG13	9164472
955	16482	-6e-04	LG13	9438752
956	17586	-0.0013	LG13	9571485
957	10006	-0.0013	LG13	9576401
958	23503	0.0763	LG13	9971401
959	16650	0.0618	LG13	11699849
960	1571	0.0048	LG13	12440085
961	19683	0.0044	LG13	13024843
962	12083	0.0134	LG13	13895706
963	8086	-3e-04	LG13	14527894
964	7957	0.0268	LG13	14587252
965	21653	-0.0076	LG13	14590679
966	5845	0.0373	LG13	14709344
967	14122	0.0058	LG13	14951265
968	18591	-0.003	LG13	15078131
969	20056	0.0033	LG13	15343655
970	4575	-0.003	LG13	16159529
971	11119	-0.0059	LG13	16168416
972	7183	-0.0051	LG13	16489759
973	4671	0.0154	LG13	16647496
974	7301	0.0386	LG13	17075597
975	705	0.0208	LG13	17217650
976	5560	0.0409	LG13	17284812
977	20198	0.0439	LG13	17432380
978	10334	0	LG13	17465274
979	11579	0.058	LG13	17644758
980	8241	0.0493	LG13	17644845
981	16227	0.0196	LG13	17695584
982	2826	-0.007	LG13	18593933
983	8288	0.0235	LG13	18629424
984	9845	0.0159	LG13	18630044
985	25273	-0.0073	LG13	18720674
986	7775	-0.0044	LG13	18791841
987	23792	0.0128	LG13	18856816
988	2824	-0.0019	LG13	18962061
989	14869	0.0183	LG13	19009416
990	7803	-0.0069	LG13	19032494
991	16005	0.002	LG13	19499378
992	1228	0.0033	LG13	20016866
993	7027	-0.0023	LG13	20020878
994	18514	0.052	LG13	20554528
995	18586	-0.0045	LG13	20555449
996	11170	0.0324	LG13	20663798
997	20770	-0.007	LG13	20742960
998	1048	-0.0018	LG13	21014787
999	14505	0.0172	LG13	21021074
1000	1689	-0.0013	LG13	21043471
1001	4140	-0.0051	LG13	22202718
1002	20257	-0.0051	LG13	23629689
1003	23883	0.0045	LG13	23701508
1004	10960	0.0412	LG13	24575456
1005	3541	0.0632	LG13	24575544
1006	8295	0.2906	LG13	24899963
1007	2587	-0.0017	LG14	202833
1008	490	0.0152	LG14	1523992
1009	616	0.0108	LG14	1538720
1010	18528	0.0011	LG14	1687979
1011	1078	0.0133	LG14	1738653
1012	17625	0.0111	LG14	1955317
1013	21704	-9e-04	LG14	2137806
1014	618	-0.0019	LG14	2325174
1015	24167	0.1023	LG14	2490084
1016	12622	0.0155	LG14	2527534
1017	22282	-0.0051	LG14	2687638
1018	20625	0.0393	LG14	3709595
1019	25091	-0.0062	LG14	3830858
1020	24451	-1e-04	LG14	4188617
1021	8330	0.005	LG14	4242362
1022	13188	0.0685	LG14	4639051
1023	6608	0.0676	LG14	4655642
1024	1975	-0.0029	LG14	5051097
1025	19651	0.0466	LG14	5180737
1026	9717	-0.0042	LG14	5541915
1027	21726	-0.0054	LG14	5603751
1028	3594	-0.003	LG14	5903591
1029	5781	-0.0053	LG14	5998727
1030	14517	0.003	LG14	6015956
1031	7910	0.0192	LG14	6573265
1032	21403	-0.0053	LG14	6790576
1033	2204	0.0053	LG14	7233760
1034	20732	0.0857	LG14	7233848
1035	17597	0.0154	LG14	7665891
1036	19720	0.033	LG14	7840851
1037	9102	0.0358	LG14	7840939
1038	20609	0.0341	LG14	8091522
1039	2425	0.0426	LG14	8286219
1040	5580	0.0219	LG14	8286307
1041	15239	0.0865	LG14	8514359
1042	14839	0.1234	LG14	8562765
1043	14702	0.0048	LG14	8731298
1044	20364	0.0907	LG14	8805051
1045	24342	0.065	LG14	9467759
1046	2974	0.008	LG14	9719363
1047	8389	0.011	LG14	9808133
1048	21492	0.2112	LG14	10086345
1049	21779	0.0703	LG14	10097824
1050	1441	0.1124	LG14	10322868
1051	11313	0.1343	LG14	11519823
1052	3417	0.0206	LG14	11676361
1053	24098	0.0904	LG14	11755005
1054	10462	0.0108	LG14	11822248
1055	8461	-2e-04	LG14	12165644
1056	4989	0.04	LG14	12252629
1057	14864	0.0084	LG14	12377418
1058	721	0.0545	LG14	12869166
1059	5151	-0.0066	LG14	12928347
1060	10954	-0.0011	LG14	13316350
1061	15316	0.0023	LG14	14880637
1062	17654	0.0448	LG14	14918702
1063	4185	0.0182	LG14	15778586
1064	6631	0.0201	LG14	15779407
1065	25130	0.0123	LG14	16964736
1066	5333	0.0185	LG14	17190035
1067	1339	0.0231	LG14	17204107
1068	4402	5e-04	LG14	17552012
1069	6597	-0.0065	LG14	17715921
1070	12884	0.0427	LG14	17957451
1071	24824	0.0085	LG14	18241278
1072	9675	0.0488	LG14	20158765
1073	22688	-0.0074	LG14	20409170
1074	331	0.0067	LG14	21214207
1075	14492	9e-04	LG14	21336299
1076	8046	0.0184	LG14	21864304
1077	3102	0.1419	LG14	22294077
1078	11749	-6e-04	LG14	22298004
1079	1002	0.1744	LG14	22855271
1080	1159	-0.0211	LG14	22877258
1081	8885	0.0187	LG14	23077035
1082	148	-0.008	LG14	23216958
1083	9731	0.0187	LG14	23757247
1084	12869	-0.0037	LG14	24287175
1085	2917	-0.0027	LG14	24703575
1086	18687	0.0012	LG14	25020971
1087	13430	0.0467	LG14	25158945
1088	4754	0.0241	LG14	25213748
1089	844	0.0219	LG14	25532106
1090	10079	0.1962	LG14	25560788
1091	19231	3e-04	LG14	25976208
1092	17320	0.078	LG14	26201708
1093	10086	0.0716	LG14	26250657
1094	7952	-0.0055	LG14	26291480
1095	2429	0.0174	LG14	26890038
1096	18808	0.0915	LG14	27046103
1097	23694	-0.0063	LG14	27086884
1098	20070	-0.0033	LG14	27100953
1099	24801	0.0097	LG14	27298761
1100	17490	0.0508	LG14	27420218
1101	7953	0.014	LG14	27471012
1102	22898	0.1889	LG14	28147577
1103	12866	0.0213	LG14	28684850
1104	3341	0.0025	LG14	28893155
1105	14341	0.0065	LG14	29162427
1106	18404	0.0703	LG15	31666
1107	12099	0.0183	LG15	2399558
1108	16457	-0.0076	LG15	3946906
1109	6031	0.2811	LG15	4924703
1110	11505	-0.0033	LG15	4956975
1111	12664	0.0188	LG15	5039497
1112	2175	7e-04	LG15	5358650
1113	15274	0.0262	LG15	5888323
1114	3523	-0.0055	LG15	5955032
1115	18075	-0.0051	LG15	6218214
1116	11947	0.0185	LG15	7306164
1117	6244	-0.0076	LG15	7405534
1118	8527	0.014	LG15	7756968
1119	14502	0.0358	LG15	7810607
1120	20691	0.1028	LG15	7901474
1121	23412	-0.0063	LG15	8051383
1122	6938	0.0071	LG15	8293172
1123	20908	0.0772	LG15	8329374
1124	6926	0.0141	LG15	8356855
1125	20588	0.0181	LG15	8372922
1126	20017	0.0027	LG15	8397570
1127	10691	0.0684	LG15	8792435
1128	19158	0.0105	LG15	9445017
1129	1031	-0.0052	LG15	10603181
1130	20781	0.0176	LG15	10765691
1131	23685	0.0714	LG15	10818312
1132	17217	0.073	LG15	10839639
1133	11486	0.0419	LG15	10839727
1134	10076	0.0133	LG15	10908966
1135	8601	0.0164	LG15	10911179
1136	23929	0.1075	LG15	11597683
1137	18662	0.013	LG15	12265718
1138	23827	0.0092	LG15	12270324
1139	9187	0.0037	LG15	12299422
1140	13209	0.0316	LG15	12653317
1141	6969	0.0062	LG15	12665066
1142	9449	0.2755	LG15	13018839
1143	17708	1e-04	LG15	13907715
1144	16480	-0.0024	LG15	14087189
1145	16520	0.0334	LG15	14334485
1146	19393	0.1895	LG15	14447479
1147	11552	0.0114	LG15	14987505
1148	1560	0.235	LG15	15461179
1149	16535	0.0182	LG15	15737628
1150	16599	0.0092	LG15	16275261
1151	18621	0.0377	LG15	16439929
1152	12206	0.0081	LG15	17049341
1153	88	-0.0072	LG15	17142273
1154	7096	-0.0102	LG15	17339557
1155	1160	0.0498	LG15	17477533
1156	15474	-0.0073	LG15	17483500
1157	2820	0.064	LG15	17496341
1158	19193	-0.0034	LG15	17580160
1159	22839	0.0215	LG15	17946990
1160	13082	0.0631	LG15	18002680
1161	974	0.0412	LG15	18002768
1162	15398	-0.0034	LG15	18062209
1163	19971	-0.0027	LG15	18510285
1164	22889	0.0474	LG15	19171896
1165	25087	-0.0057	LG15	19506489
1166	4824	-0.0013	LG15	19559265
1167	5679	-0.007	LG15	19847386
1168	20895	-0.009	LG15	19993255
1169	10839	0.0444	LG15	20569522
1170	24029	0.0115	LG15	20569610
1171	6417	0.1264	LG15	20574788
1172	15326	0.0185	LG15	21253119
1173	20672	0.0203	LG15	21374181
1174	14166	-0.0067	LG15	21897538
1175	20023	0.0185	LG15	21939601
1176	3849	0.019	LG15	22242308
1177	6658	0.0345	LG15	22394483
1178	7193	0.0181	LG15	22684695
1179	3484	0.0316	LG15	23057730
1180	12070	0.0034	LG15	23757783
1181	11133	-0.0051	LG15	24264749
1182	20473	0.0094	LG15	24761398
1183	22794	-8e-04	LG15	24809886
1184	8759	0.0083	LG15	24908542
1185	16966	-0.0066	LG15	25007035
1186	25025	0.0226	LG15	25017358
1187	2539	0.0057	LG15	25129974
1188	6526	0.0025	LG15	25143238
1189	12956	0.061	LG15	25165052
1190	17335	-0.0054	LG15	25184354
1191	12025	0.0025	LG15	25246517
1192	24485	-0.0043	LG15	25286539
1193	25199	0.0116	LG15	25487648
1194	19391	0.0242	LG15	26295688
1195	19554	0.1208	LG16	415421
1196	117	0.0188	LG16	670282
1197	13221	0.0214	LG16	670370
1198	2029	-0.0061	LG16	1408228
1199	24841	0.0024	LG16	2273141
1200	13352	-0.0023	LG16	2319360
1201	21633	0.0965	LG16	3885750
1202	22331	-0.0071	LG16	3984059
1203	6315	0.0098	LG16	4018052
1204	18297	-0.0049	LG16	4251988
1205	22295	0.2271	LG16	4288722
1206	23511	0.0188	LG16	4694470
1207	5730	0.0172	LG16	5110535
1208	2844	0.0145	LG16	5617631
1209	13600	0.121	LG16	6622274
1210	15752	0.1263	LG16	7650464
1211	8209	0.0664	LG16	8038342
1212	11872	-0.0061	LG16	8113974
1213	24219	0.1874	LG16	8745678
1214	11843	-1e-04	LG16	8907544
1215	13083	0.03	LG16	8943019
1216	6403	0.006	LG16	8943107
1217	13818	-0.0062	LG16	9080244
1218	17941	0.0188	LG16	9896654
1219	19864	0.4369	LG16	10083819
1220	17046	0.0978	LG16	10104528
1221	13533	0.0187	LG16	10109648
1222	22286	0.0643	LG16	10185157
1223	24284	-0.0052	LG16	10938452
1224	14405	0.0083	LG16	11024455
1225	23633	-0.0051	LG16	11778376
1226	9393	0.007	LG16	12409656
1227	3338	-0.0085	LG16	12671455
1228	15528	0.155	LG16	13025420
1229	9162	-1e-04	LG16	13623596
1230	2149	0.0186	LG16	13928206
1231	20078	0.051	LG16	14766717
1232	2997	0.0819	LG16	15198287
1233	11899	0.0525	LG16	16177834
1234	3331	0.0274	LG16	17157144
1235	12972	0.016	LG16	17979586
1236	7571	0.0369	LG16	18094498
1237	3827	0.0013	LG16	18742865
1238	9144	0.041	LG16	19012335
1239	348	-9e-04	LG16	19876759
1240	21107	-0.0064	LG16	20463948
1241	20230	0.0196	LG16	20860046
1242	23758	4e-04	LG16	21133818
1243	9682	0.0334	LG16	21936621
1244	15165	0.128	LG16	22293396
1245	7450	-0.0062	LG16	23321770
1246	10342	8e-04	LG16	23334848
1247	3659	-0.0078	LG16	23334936
1248	14852	0.0163	LG16	23792477
1249	4192	0.0215	LG16	23885047
1250	13774	0.0157	LG16	24085921
1251	20399	0.0143	LG16	24136086
1252	20719	-0.0075	LG16	24193447
1253	4242	-0.0053	LG16	24526804
1254	13725	0.0039	LG16	24533622
1255	2329	1e-04	LG16	24549889
1256	14006	0.0292	LG16	24742755
1257	13297	-8e-04	LG16	24748163
1258	12723	-0.0046	LG16	25058738
1259	2118	-0.006	LG16	25894782
1260	18678	0.0186	LG16	26034933
1261	16352	-0.0066	LG16	26257743
1262	22719	-0.0027	LG16	26563582
1263	18990	-0.0063	LG16	26741031
1264	23413	0.0353	LG16	26990205
1265	20085	0.0202	LG16	27127755
1266	5288	0.0046	LG16	27216949
1267	12218	-0.0035	LG16	27383916
1268	6835	-0.0031	LG16	27854868
1269	19994	0.0145	LG16	27979524
1270	19076	-0.0014	LG16	28100272
1271	17368	2e-04	LG16	28129391
1272	4032	-0.0043	LG16	28482320
1273	21905	-0.0023	LG16	28586581
1274	24025	-0.0057	LG16	28685001
1275	4782	0.099	LG16	29902249
1276	13406	0.0238	LG16	30901281
1277	25129	-0.0034	LG17	588319
1278	22813	0.0432	LG17	945052
1279	2327	4e-04	LG17	1002493
1280	10840	0.0527	LG17	2067492
1281	25139	-0.0048	LG17	2245860
1282	19772	-0.0043	LG17	4161952
1283	2100	0.0025	LG17	4283147
1284	377	-0.0038	LG17	4388510
1285	12054	-0.0053	LG17	4393620
1286	18312	0.0073	LG17	4416937
1287	22687	0.0386	LG17	4417025
1288	17325	-0.0068	LG17	6195355
1289	5973	-0.0041	LG17	6461537
1290	21772	-0.0051	LG17	6468420
1291	14930	-0.0013	LG17	6469854
1292	6467	-0.0071	LG17	6538332
1293	9190	0.012	LG17	6640394
1294	13369	-0.0063	LG17	6882621
1295	4893	-0.0067	LG17	7310048
1296	17436	0.0023	LG17	7310136
1297	1817	-0.0035	LG17	7587295
1298	24774	0.087	LG17	7625576
1299	3639	-0.0067	LG17	7633583
1300	14979	0.0409	LG17	8156150
1301	3680	0.008	LG17	8605809
1302	6426	0.0885	LG17	8751324
1303	25103	0.0105	LG17	9311094
1304	13196	-0.007	LG17	9348149
1305	15351	0.0176	LG17	9439339
1306	23180	-0.001	LG17	10475862
1307	11574	0.0217	LG17	10579200
1308	7869	-0.0097	LG17	10688746
1309	17643	0.0012	LG17	10830571
1310	15229	0.0242	LG17	10830659
1311	12120	-0.0073	LG17	11202738
1312	19725	-4e-04	LG17	11204349
1313	19885	0.0676	LG17	11215274
1314	4885	0.1603	LG17	11306859
1315	10560	0.0862	LG17	11340830
1316	21851	0.0797	LG17	11697684
1317	12979	-0.0054	LG17	11969763
1318	2491	0.0455	LG17	12103417
1319	7230	-0.0082	LG17	13836722
1320	9590	4e-04	LG17	14394793
1321	12636	0.0224	LG17	15217183
1322	11337	0.001	LG17	15326186
1323	24840	-0.0041	LG17	15615212
1324	23493	-0.0052	LG17	16135309
1325	7367	-6e-04	LG17	16378214
1326	18594	0.0033	LG17	17024401
1327	14045	-0.0052	LG17	18367227
1328	23645	0.0118	LG17	18938718
1329	14727	0.016	LG17	18986709
1330	15378	0.0011	LG18	153762
1331	24077	0.0141	LG18	153762
1332	23272	-0.0051	LG18	1075384
1333	9812	-0.0051	LG18	1096221
1334	8217	-0.005	LG18	1681718
1335	6604	0.0178	LG18	1703870
1336	15571	0.0181	LG18	1896621
1337	8183	-0.0051	LG18	2018315
1338	21596	0.0122	LG18	2607432
1339	12322	0.0861	LG18	3184470
1340	24895	-0.0071	LG18	4762248
1341	6860	0.0143	LG18	4956850
1342	16011	0.0102	LG18	4992066
1343	3175	-0.0071	LG18	5047498
1344	21482	0.0206	LG18	5106734
1345	14268	-0.0034	LG18	5485921
1346	9210	-0.0078	LG18	5958819
1347	22530	0.0125	LG18	6141261
1348	287	-0.0013	LG18	6244277
1349	20500	-0.0013	LG18	6322989
1350	3460	0.0141	LG18	6528272
1351	23727	0.0082	LG18	6540727
1352	13505	0.0439	LG18	7040279
1353	2998	0.01	LG18	7457147
1354	6230	-0.0075	LG18	7614232
1355	5398	0.0058	LG18	8286073
1356	19141	-0.007	LG18	8738997
1357	12705	0.0733	LG18	9156806
1358	512	-0.0052	LG18	9558850
1359	17497	0.1923	LG18	9760266
1360	10139	0.0022	LG18	10073218
1361	24089	-0.0081	LG18	11306607
1362	22788	-1e-04	LG18	11495314
1363	20928	0.0191	LG18	12055207
1364	17624	0.0437	LG18	12170837
1365	25511	0.004	LG18	12211572
1366	16153	0.119	LG18	12549315
1367	20424	0.012	LG18	12678763
1368	6773	0.051	LG18	13092359
1369	3076	-0.0067	LG18	13129513
1370	18094	-0.0058	LG18	13222722
1371	24062	-0.0053	LG18	13591321
1372	20624	0.006	LG18	13659026
1373	17837	-6e-04	LG18	13681410
1374	6735	-0.0028	LG18	13764485
1375	23082	0.0121	LG18	13862641
1376	13802	-0.0072	LG18	13884781
1377	7976	0.008	LG18	13994590
1378	4508	5e-04	LG18	14305873
1379	15459	-0.0059	LG18	14866493
1380	6845	-0.0059	LG18	15567870
1381	25187	0.052	LG18	16918929
1382	25296	-0.0054	LG18	17573131
1383	20997	0.0281	LG18	17575333
1384	1020	-0.0052	LG18	17770636
1385	14765	-0.0049	LG18	17770724
1386	3261	0.0558	LG18	18120527
1387	9097	0.0473	LG18	18493608
1388	15185	-0.0072	LG18	18731251
1389	13610	0.0108	LG18	18734658
1390	8606	0.0682	LG18	18859511
1391	19181	0.0056	LG18	18862777
1392	12242	-0.0056	LG18	18874747
1393	24910	-0.001	LG18	19098051
1394	10595	-0.006	LG18	19191660
1395	16931	-0.0032	LG18	19293340
1396	24478	-0.0033	LG18	19330205
1397	21666	6e-04	LG18	19530417
1398	10760	0.0436	LG18	19613888
1399	23494	7e-04	LG18	19645350
1400	4720	-0.007	LG18	19645438
1401	20517	-0.0043	LG18	19923264
1402	4176	-0.0068	LG18	20408482
1403	21289	-0.0073	LG18	20707834
1404	7412	0.0064	LG18	21670328
1405	17875	0.0135	LG18	21708197
1406	17165	0.0187	LG18	21972144
1407	14174	0.0043	LG18	22110953
1408	13152	-0.0063	LG18	22541017
1409	11951	-0.0048	LG18	22543425
1410	17552	0.0748	LG19	178221
1411	10620	-0.0066	LG19	1053140
1412	4062	-0.0024	LG19	1676774
1413	7421	0.0365	LG19	3097487
1414	13857	0.0154	LG19	3501506
1415	9331	-0.0058	LG19	4094309
1416	12294	0.0182	LG19	4553077
1417	7647	-0.0057	LG19	4764986
1418	6677	-0.0033	LG19	5644692
1419	14550	-0.0063	LG19	5644780
1420	888	0.0042	LG19	5854828
1421	15805	0.0932	LG19	7169435
1422	6563	0.0196	LG19	7243278
1423	11222	-0.0076	LG19	7639504
1424	21721	0.0289	LG19	7685592
1425	22653	-0.0051	LG19	7855618
1426	25161	0.0186	LG19	8010194
1427	18741	0.0453	LG19	8595624
1428	8150	-0.0064	LG19	9468457
1429	3186	0.0068	LG19	9805870
1430	6520	7e-04	LG19	9865843
1431	19241	-0.0078	LG19	10009059
1432	17070	0.0431	LG19	11077729
1433	23368	0.0096	LG19	11098386
1434	13982	0.0183	LG19	11889636
1435	4744	-0.0023	LG19	11917050
1436	14475	0.0025	LG19	12036721
1437	22126	0.1569	LG19	12047075
1438	19679	0.0434	LG19	12150283
1439	183	0.0086	LG19	12157293
1440	9326	0.0155	LG19	12260534
1441	23858	-0.004	LG19	12740514
1442	4536	-0.0059	LG19	13287200
1443	7335	0.0387	LG19	13457677
1444	15794	0.1337	LG19	13824086
1445	6408	-0.0062	LG19	14198859
1446	17635	0.0843	LG19	14330666
1447	9054	0.0632	LG19	14616405
1448	8690	-0.0037	LG19	14692145
1449	19854	-0.0035	LG19	14775984
1450	3351	0.0574	LG19	15047198
1451	12184	-0.0081	LG19	15296445
1452	3416	0.0436	LG19	15655291
1453	22913	-0.0078	LG19	16321589
1454	23432	0.019	LG19	16382989
1455	6962	-0.0059	LG19	17900522
1456	13693	0.2448	LG19	18386627
1457	24279	0.0214	LG19	18761611
1458	2709	0.0639	LG19	18872684
1459	9002	0.14	LG19	19069826
1460	12309	0.0023	LG19	19586926
1461	18804	0.0022	LG19	19636844
1462	19011	0.231	LG19	19746275
1463	17128	0.0209	LG19	19855741
1464	11686	0.0085	LG19	20003266
1465	6443	-3e-04	LG19	20268119
1466	22791	5e-04	LG20	406559
1467	22284	-0.0064	LG20	406647
1468	6333	-0.0051	LG20	1257328
1469	514	0.003	LG20	1413400
1470	24158	0.0187	LG20	1953008
1471	4499	0.0063	LG20	2829965
1472	25483	0.1444	LG20	3304869
1473	19066	0.3002	LG20	3439763
1474	25009	-0.0034	LG20	3492816
1475	23920	-0.0013	LG20	4206449
1476	3900	7e-04	LG20	4903898
1477	23026	-0.0014	LG20	5077173
1478	425	-0.0067	LG20	5151213
1479	19061	0.0748	LG20	5261601
1480	1452	0.0179	LG20	5697820
1481	10530	0.0111	LG20	5796135
1482	9565	0.0469	LG20	6360309
1483	18733	0.0432	LG20	6483720
1484	1323	-0.0063	LG20	6539707
1485	15808	0.017	LG20	6786084
1486	9726	0.0281	LG20	6963568
1487	8915	0.0041	LG20	7955725
1488	9855	0.0699	LG20	8445572
1489	769	0.0206	LG20	8455617
1490	16458	0.1409	LG20	9073013
1491	12320	0.0535	LG20	9208037
1492	3019	0.0409	LG20	9261701
1493	12520	0.0206	LG20	9309314
1494	5654	0.1881	LG20	10038052
1495	10732	-6e-04	LG20	10708777
1496	11146	0.0728	LG20	10708865
1497	15373	0.0216	LG20	10902738
1498	8534	0.0199	LG20	10902826
1499	54	0.0407	LG20	10911887
1500	12479	-0.0012	LG20	11076403
1501	14803	0.058	LG20	11246237
1502	21097	0.0134	LG20	11746796
1503	20859	0.039	LG20	12055040
1504	22336	-0.0049	LG20	12477427
1505	1469	0.0103	LG20	12562983
1506	22001	0.005	LG20	13259719
1507	3138	0.2354	LG20	13442555
1508	5155	0.0613	LG20	13444345
1509	19758	0.0365	LG20	13703430
1510	23331	0.0914	LG20	14544825
1511	2417	0.2681	LG20	14555094
1512	14311	0.0252	LG20	15345806
1513	9008	0.0131	LG20	15722835
1514	10160	0.0337	LG20	15783678
1515	24005	0.1108	LG20	16265452
1516	6947	-4e-04	LG20	16306049
1517	19304	-0.003	LG20	16370657
1518	25052	0.0432	LG20	16846288
1519	13399	-0.0074	LG20	18123036
1520	18760	-0.0037	LG20	19627592
1521	18142	0.0128	LG20	19914321
1522	22761	0.0189	LG20	20067363
1523	14764	0.0022	LG20	20813925
1524	4766	0.1145	LG20	21148698
1525	14236	-0.0029	LG20	21758312
1526	9970	0.0631	LG20	21800201
1527	15293	0.0273	LG20	22046387
1528	7127	0.0617	LG20	22112286
1529	13641	0.0614	LG20	22149764
1530	9355	0.0187	LG20	22453977
1531	18835	0.0573	LG20	23406232
1532	15667	3e-04	LG20	23656667
1533	4911	-0.0078	LG20	24092274
1534	20336	0.0671	LG21	1739622
1535	23364	-0.0036	LG21	1951878
1536	17149	0.2284	LG21	2315611
1537	17237	-0.0032	LG21	2997516
1538	4541	-0.0063	LG21	3250882
1539	1911	0.2322	LG21	3578040
1540	19	0.0187	LG21	4032093
1541	8471	-0.0037	LG21	4831712
1542	9134	1e-04	LG21	5010586
1543	24292	0.0084	LG21	5281194
1544	8026	-0.0052	LG21	5322559
1545	4570	-0.0019	LG21	5426321
1546	3797	0.0423	LG21	5722754
1547	14213	0.0497	LG21	6057118
1548	6988	0.0679	LG21	6125777
1549	14741	0.0682	LG21	6153416
1550	24471	0.0679	LG21	6153504
1551	24454	0.0081	LG21	6228229
1552	10226	0.0815	LG21	6811994
1553	5765	0.1121	LG21	7389806
1554	3000	0.0193	LG21	7459198
1555	10552	1e-04	LG21	7506255
1556	16963	0.0266	LG21	7542984
1557	15039	-0.0066	LG21	7743800
1558	2694	0.0195	LG21	8442668
1559	12775	3e-04	LG21	8664788
1560	700	0.019	LG21	9085847
1561	2677	0.0176	LG21	9477851
1562	24309	-0.0068	LG21	9666423
1563	805	0.0138	LG21	9856598
1564	2135	0.0191	LG21	10135760
1565	9852	-0.005	LG21	10137258
1566	10441	-0.0016	LG21	10658867
1567	3902	-0.0079	LG21	11188757
1568	18476	0.0197	LG21	11674406
1569	24994	-0.0052	LG21	12031059
1570	1933	-0.0014	LG21	12444588
1571	3298	-0.0058	LG21	12713994
1572	24433	0.0232	LG21	13109523
1573	8979	0.0024	LG21	13555372
1574	24980	0.027	LG21	14333627
1575	10953	0.0187	LG21	14345198
1576	4100	-0.0067	LG21	15218089
1577	1503	-0.002	LG21	15279223
1578	4036	0.0629	LG21	15316907
1579	13552	0.012	LG21	15321811
1580	20688	0.0223	LG21	15905567
1581	6085	0.0439	LG21	15957906
1582	17523	0.0302	LG21	16251869
1583	3867	-0.0072	LG21	16251957
1584	93	0.0347	LG21	16435657
1585	9192	-0.0061	LG21	16443926
1586	23252	-0.0064	LG21	16931771
1587	7688	0.1018	LG21	17537300
1588	6314	-0.0074	LG21	17634614
1589	9766	-0.0017	LG21	18252963
1590	23590	0.1089	LG21	18263949
1591	8409	0.0195	LG21	18330944
1592	4148	-0.0063	LG21	18381376
1593	7988	0.0604	LG21	19601801
1594	7703	-0.005	LG21	19625156
1595	3855	-0.0052	LG21	19913962
1596	19650	0.1881	LG21	20367923
1597	2366	0.0445	LG21	21010013
1598	18581	0.0139	LG21	21143845
1599	3043	0.0189	LG21	21161935
1600	21920	0.0192	LG21	21956905
1601	16615	0.0187	LG21	22174957
1602	12255	0.0156	LG21	22222499
1603	9323	0.0189	LG21	22259790
1604	2762	-0.0026	LG22	122447
1605	18398	2e-04	LG22	1046541
1606	11851	0.0355	LG22	2223692
1607	9184	-0.006	LG22	2675465
1608	18704	-0.007	LG22	2749624
1609	3780	-0.0036	LG22	2810555
1610	23351	-0.0075	LG22	3637554
1611	24664	-0.0055	LG22	3891485
1612	23950	0.1052	LG22	4037329
1613	11469	-0.0051	LG22	4116742
1614	6318	0.0457	LG22	4155074
1615	6617	0.0098	LG22	4318361
1616	6388	-9e-04	LG22	4388180
1617	17512	0.0193	LG22	4444450
1618	15098	-0.007	LG22	4547122
1619	5016	0.06	LG22	4547210
1620	18331	0.0587	LG22	4794432
1621	13608	0.1494	LG22	4982979
1622	5516	0.0438	LG22	5381422
1623	613	-0.0069	LG22	6028173
1624	20242	-0.0073	LG22	7133742
1625	6802	0.1387	LG22	7924236
1626	4081	-0.0062	LG22	9230244
1627	17004	0.1891	LG22	9292673
1628	19286	0.0186	LG22	10702229
1629	20462	0.008	LG22	10749043
1630	22899	0.3544	LG22	10850682
1631	22022	-0.0038	LG22	11180967
1632	21537	-0.0073	LG22	11444989
1633	1739	0.0201	LG22	11675953
1634	23361	-0.0051	LG22	12129202
1635	6565	0.0752	LG22	13653995
1636	14592	-0.0075	LG22	14345474
1637	9610	0.0071	LG22	14641840
1638	20835	0.0025	LG22	15230255
1639	8056	0.0817	LG22	15240992
1640	5035	0.0196	LG22	16170968
1641	2554	0.0173	LG22	16243903
1642	23115	8e-04	LG22	16243903
1643	2718	0.1916	LG22	16526905
1644	10316	0.0128	LG22	16614805
1645	21671	5e-04	LG22	16784220
1646	9347	-0.0075	LG22	17143940
1647	19502	0.0037	LG22	17169193
1648	11144	0.0018	LG22	17277163
1649	17615	0.0025	LG22	17373299
1650	1629	-0.0056	LG22	18697916
1651	11611	0.0287	LG22	18943071
1652	8484	0.0077	LG22	19029332
1653	525	-0.003	LG22	19123984
1654	3196	0.0551	LG22	19156479
1655	24734	0.0027	LG22	19495640
1656	12711	0.0956	LG22	19701486
1657	4759	0.0122	LG22	19809786
1658	647	0.0067	LG22	19872092
1659	22364	0.013	LG22	19950094
1660	20374	0.0096	LG22	19950182
1661	1939	0.0295	LG23	947149
1662	20486	-0.0016	LG23	1216584
1663	5776	-0.0051	LG23	1598146
1664	3499	0.0325	LG23	1731017
1665	14115	0.0256	LG23	1801745
1666	23608	0.0303	LG23	2056660
1667	2498	0.0175	LG23	2830661
1668	6816	0.0105	LG23	3208908
1669	12568	0.0272	LG23	3548982
1670	16418	0.0194	LG23	3906293
1671	14305	-4e-04	LG23	4802793
1672	9492	-0.0052	LG23	4941457
1673	8554	0.02	LG23	4965463
1674	5431	0.0439	LG23	5415195
1675	5859	-0.0097	LG23	5934977
1676	15780	-0.0073	LG23	5975215
1677	24136	0.0639	LG23	6885062
1678	17917	0.0076	LG23	6910701
1679	13656	-0.0081	LG23	6939776
1680	11343	0.0397	LG23	6939864
1681	13253	0.1088	LG23	7729126
1682	13756	0.0842	LG23	7751151
1683	5633	0.0203	LG23	7996770
1684	24265	5e-04	LG23	8127529
1685	12886	0.0491	LG23	8197999
1686	10928	-0.0046	LG23	8351205
1687	14913	-0.0051	LG23	8352641
1688	6080	0.0437	LG23	8352729
1689	15122	-0.0052	LG23	8708221
1690	7627	-0.0069	LG23	9303595
1691	5538	0.027	LG23	9616094
1692	16517	0.0754	LG23	9899809
1693	11675	1e-04	LG23	9980807
1694	5662	-0.0015	LG23	10116938
1695	16180	-0.0058	LG23	10509126
1696	7216	6e-04	LG23	11281788
1697	16098	-0.0103	LG23	11428544
1698	10598	0.0317	LG23	11912700
1699	12555	0.0538	LG23	12601838
1700	19768	0.0101	LG23	13992374
1701	13650	0.0156	LG23	14136677
1702	2603	0.0055	LG23	14392966
1703	18938	-0.0058	LG23	14589392
1704	21863	0.3265	LG23	14840096
1705	13462	0.0185	LG23	14995379
1706	8907	0.052	LG23	15164927
1707	12600	0.0244	LG23	16671202
1708	16865	0.0183	LG23	16865370
1709	11336	-0.0054	LG23	17114644
1710	2985	0.0097	LG23	17166837
1711	16902	0.0683	LG23	17396584
1712	21798	0.0065	LG23	17398726
1713	12615	0.0183	LG23	17463133
1714	5201	0.0939	LG23	17880932
1715	8149	0.0671	LG23	18211048
1716	9941	0.0434	LG23	18507418
1717	7620	0.0132	LG23	18579738
1718	7283	0.1242	LG23	18658490
1719	12758	-0.0066	LG23	18804744
1720	10675	0.0406	LG23	19071795
1721	23124	0.131	LG23	19544808
1722	16157	0.0247	LG23	19649645
1723	20083	-0.0064	LG23	19876950
1724	10514	-0.0068	LG23	21207956
1725	12559	-1e-04	LG23	21947173
1726	13523	0.026	LG23	22378811
1727	22923	0.0886	LG23	22909679
1728	7754	0.0682	LG23	22966482
