chromosome	position	Fst.Fct/Ho	Mean_boostrap	lower_95	upper_95	pvalue
East v. West (Divergent Region)
2760	LG19	8489537.51006711	0.471409163681536	0.0933760904366047	0.0221065419387135	0.445750375057349	0.999705252671664	1	0	Yes
2761	LG19	8619346.99328859	0.699419067452175	0.0779974968149481	0.0148615578837858	0.597187517303511	0.999992576440647	1	0	Yes
2762	LG19	8749156.47651007	0.788836586231703	0.0713838418017814	0.0155174522578788	0.654257837845737	0.999997731697188	1	0	Yes
2763	LG19	8878965.95973154	0.606346057271442	0.0917505585310708	0.024202794385829	0.521229191224738	0.999989995319144	1	0	Yes
East (All)
LG19	8489537.51006711	0.0169075044340645	0.0836413466025706	0.00520949647759403	0.302306885931166	0.209481224758932
LG19	8619346.99328859	0.0111619211461869	0.066879942354012	0.00190163965375984	0.370822549001224	0.300696688114193
LG19	8749156.47651007	0.0106347137152306	0.0545353257940185	0.00465738184536096	0.399090975919648	0.354215476143896
LG19	8878965.95973154	0.0231656617818853	0.0735109933815553	0.00937726394234583	0.329671463251441	0.288052954150046
West (All)
LG19	8489537.51006711	0.0270033485276679	0.105787554091601	0.0118212651952674	0.314691563264671	0.170875175263437
LG19	8619346.99328859	0.0181522606683134	0.0881198715142723	0.00504233896427572	0.376526180554024	0.257425721525982
LG19	8749156.47651007	0.0288191863305915	0.0740250083520248	0.00847054784247011	0.402902495552735	0.349709659428854
LG19	8878965.95973154	0.0775831037041913	0.0928702996649484	0.0164913003367799	0.337492927962145	0.433038759205652


East v. West (Divergent Region)
1331	LG09	21346006.2147651	0.607073947926914	0.0887679466360548	0.0171909841311917	0.531683317025334	0.999979115503583	1	0	Yes
1332	LG09	21503345.3087248	0.575260434176776	0.0858181061665663	0.0161913208576068	0.514892864395161	0.999949974539593	1	0	Yes
1333	LG09	21660684.4026846	0.468668589625609	0.0892682987244093	0.0164680141280281	0.43169864968183	0.999523745341927	1	0	Yes
East (All)
LG09	2150636.75167785	0.125418531615781	0.0981451198068538	0.0167693657156415	0.237198136232099	0.680542052219092


East v. West (Divergent Region)
1878	LG13	13301255.2684564	0.312815499935497	0.114385487156169	0.0328617273754086	0.312505341907444	0.995527032843901	1	0	Yes
1879	LG13	13461696.3758389	0.352486338411059	0.108894854075901	0.0316306559788145	0.325661097434501	0.998823764087069	1	0	Yes
1880	LG13	13622137.4832215	0.357554506458754	0.112540525126301	0.0304535330476066	0.324803033377762	0.99894251735569	1	0	Yes
1881	LG13	13782578.590604	0.346176713464655	0.111784883252871	0.0291316611306139	0.327134765079104	0.998085029221851	1	0	Yes
East (All)
LG13	13301255.2684564	0.0513573506087653	0.0997232713686904	0.0161444097360904	0.23178944880878	0.198244914591234
LG13	13461696.3758389	0.0235669937840888	0.0994197825349779	0.0156543683089625	0.239641965320911	0.10427163270968
LG13	13622137.4832215	0.0206807331722904	0.100106929154997	0.0140381324938049	0.237648045444627	0.0899185671208709
LG13	13782578.590604	0.0305397361771128	0.0991988353114417	0.0149102477063311	0.237269143209752	0.121032784661302

East v. West (Divergent Region)
2318	LG16	14174237.3959732	0.371299881497875	0.108868327026325	0.0299932534095267	0.340418796553527	0.99912562305365	1	0	Yes
West (All)
LG16	13979072.3154362	0.0172288906589429	0.11454901635213	0.028743339410676	0.259850273593351	0.056483094795749
LG16	14174237.3959732	0.0235462099678348	0.117503001755422	0.027777355138747	0.249053504162672	0.0522820928822031
LG16	14369402.4765101	0.0310595393346395	0.117797377455477	0.0255702849964995	0.253301541709757	0.07309035319324
