chromosome	position	num_markers	loci_names
LG01	12825250.9731544	23	13506,24673,19031,21720,21844,1104,669,1565,9825,9456,17342,13276,7855,1176,23055,15037,1848,17074,8920,2362,19716,15548,7573
LG01	13004324.5100671	23	24673,19031,21720,21844,1104,669,1565,9825,9456,17342,13276,7855,1176,23055,15037,1848,17074,8920,2362,19716,15548,7573,253
LG01	13183398.0469799	22	19031,21720,21844,1104,669,1565,9825,9456,17342,13276,7855,1176,23055,15037,1848,17074,8920,2362,19716,15548,7573,253
LG01	18376530.6174497	17	7823,15708,23879,23836,3794,13135,4365,22376,10477,18099,8649,6218,7173,4301,20154,1275,12082
LG01	24465030.8724832	10	22373,4003,17121,11504,3776,19526,4909,11479,9421,67
LG02	9051007.03355705	10	6709,6275,15007,6441,10012,14655,7132,368,21296,7390
LG02	9198445.54362416	10	6441,10012,14655,7132,368,21296,7390,24148,12065,15557
LG02	9345884.05369128	8	14655,7132,368,21296,7390,24148,12065,15557
LG02	12589531.2751678	8	8547,15735,3623,17332,3116,17016,15872,1858
LG02	12736969.7852349	6	3623,17332,3116,17016,15872,1858
LG02	18044756.147651	9	14249,22014,9604,11273,12434,23203,17978,8045,21277
LG02	18192194.6577181	9	22014,9604,11273,12434,23203,17978,8045,21277,3721
LG04	15190086.295302	12	2057,21683,16474,9992,9714,12768,12570,19718,22434,20057,21419,12952
LG04	15409791.3624161	10	16474,9992,9714,12768,12570,19718,22434,20057,21419,12952
LG04	15629496.4295302	8	9714,12768,12570,19718,22434,20057,21419,12952
LG04	15849201.4966443	8	9714,12768,12570,19718,22434,20057,21419,12952
LG04	16068906.5637584	8	12768,12570,19718,22434,20057,21419,12952,20735
LG04	24637404.1812081	8	22908,2033,4133,2154,20574,8590,12352,1499
LG04	24857109.2483221	9	2033,4133,2154,20574,8590,12352,1499,23840,13845
LG04	25076814.3154362	13	2033,4133,2154,20574,8590,12352,1499,23840,13845,4777,23422,20158,18577
LG06	16922717.114094	12	9684,12544,6652,9582,16968,21921,15615,23650,22783,3973,24868,2885
LG06	17081930.3825503	11	9582,16968,21921,15615,23650,22783,3973,24868,2885,23346,13547
LG06	17241143.6510067	11	9582,16968,21921,15615,23650,22783,3973,24868,2885,23346,13547
LG06	19947769.2147651	6	23788,5232,1054,8805,5336,12069
LG07	12739230.0604027	12	16062,25059,20885,23563,2520,14810,5031,17322,2735,3195,22035,1555
LG07	12935029.7114094	12	25059,20885,23563,2520,14810,5031,17322,2735,3195,22035,1555,14640
LG07	13130829.3624161	8	14810,5031,17322,2735,3195,22035,1555,14640
LG07	13326629.0134228	8	14810,5031,17322,2735,3195,22035,1555,14640
LG07	15480425.1744966	14	25567,10999,14546,22166,11149,10285,16881,24274,4637,24467,21874,4660,16218,17141
LG07	15676224.8255034	13	16881,24274,4637,24467,21874,4660,16218,17141,7479,925,7171,6697,3324
LG07	28011602.8389262	20	11406,12394,20472,11176,19020,22989,16425,4514,19879,21785,12564,22430,16718,25032,16834,24680,964,7313,1036,19685
LG07	28207402.4899329	17	16425,4514,19879,21785,12564,22430,16718,25032,16834,24680,964,7313,1036,19685,17993,11566,2087
LG07	28403202.1409396	17	4514,19879,21785,12564,22430,16718,25032,16834,24680,964,7313,1036,19685,17993,11566,2087,21723
LG08	11804195.0872483	13	571,2506,7865,9679,13723,17666,20578,22563,23593,2408,16121,18615,10726
LG08	11968169.6979866	14	2506,7865,9679,13723,17666,20578,22563,23593,2408,16121,18615,10726,17267,14044
LG08	12132144.3087248	14	9679,13723,17666,20578,22563,23593,2408,16121,18615,10726,17267,14044,4368,23293
LG08	12296118.9194631	11	20578,22563,23593,2408,16121,18615,10726,17267,14044,4368,23293
LG08	12460093.5302013	14	20578,22563,23593,2408,16121,18615,10726,17267,14044,4368,23293,1089,7501,256
LG08	24102290.8926174	9	10401,9419,22526,23159,21092,22824,21470,4609,3197
LG08	24266265.5033557	8	9419,22526,23159,21092,22824,21470,4609,3197
LG08	24430240.114094	9	9419,22526,23159,21092,22824,21470,4609,3197,18726
LG09	17097850.6778523	21	13129,9611,17901,4617,17959,1582,4090,18043,17001,9980,17038,16009,10687,4142,11056,21118,5451,22640,9966,22488,4960
LG09	17255189.7718121	23	13129,9611,17901,4617,17959,1582,4090,18043,17001,9980,17038,16009,10687,4142,11056,21118,5451,22640,9966,22488,4960,14555,39
LG09	21346006.2147651	4	23178,19360,5980,18319
LG09	21503345.3087248	4	23178,19360,5980,18319
LG09	21660684.4026846	4	19360,5980,18319,12384
LG10	10678289.1006711	8	17181,10966,92,12725,21971,8033,17999,13125
LG10	10836955.8926174	7	10966,92,12725,21971,8033,17999,13125
LG10	10995622.6845638	8	10966,92,12725,21971,8033,17999,13125,12182
LG10	12106290.2281879	9	17999,13125,12182,198,11049,14190,11546,20081,13791
LG11	6667103.04026846	8	8196,2468,4336,12889,6203,12897,9158,6550
LG11	6846052.60402685	8	4336,12889,6203,12897,9158,6550,5281,12810
LG11	7025002.16778523	8	12889,6203,12897,9158,6550,5281,12810,1547
LG11	7203951.73154362	7	6203,12897,9158,6550,5281,12810,1547
LG11	12035589.9530201	16	17087,23927,9585,16429,6797,6890,21789,8536,11594,4834,24071,4188,5337,9203,23709,17709
LG11	12214539.5167785	13	16429,6797,6890,21789,8536,11594,4834,24071,4188,5337,9203,23709,17709
LG11	16688278.6107383	16	19263,9458,8346,7161,17726,9408,23486,5003,11013,21360,10828,25416,11019,1963,8493,8641
LG11	16867228.1744966	13	17726,9408,23486,5003,11013,21360,10828,25416,11019,1963,8493,8641,19478
LG11	17046177.738255	10	5003,11013,21360,10828,25416,11019,1963,8493,8641,19478
LG11	26709454.1812081	16	4901,1157,53,23448,23014,25289,15052,9251,21807,8670,4361,1473,6377,13880,5,23093
LG13	6883610.97315436	11	8426,15763,19626,7736,24135,10460,8902,2258,16752,4396,12055
LG13	12338608.6241611	11	16650,1306,17446,5741,10730,25378,15546,1571,6660,19683,11618
LG13	12499049.7315436	10	1306,17446,5741,10730,25378,15546,1571,6660,19683,11618
LG13	12659490.8389262	9	17446,5741,10730,25378,15546,1571,6660,19683,11618
LG13	13301255.2684564	9	6660,19683,11618,8130,367,364,24543,13702,12083
LG13	13461696.3758389	9	6660,19683,11618,8130,367,364,24543,13702,12083
LG13	13622137.4832215	8	19683,11618,8130,367,364,24543,13702,12083
LG13	13782578.590604	10	11618,8130,367,364,24543,13702,12083,9050,8086,4442
LG13	14263901.9127517	14	367,364,24543,13702,12083,9050,8086,4442,7957,21653,5845,14122,13180,24277
LG14	1505710.73154362	14	9378,8847,13418,11003,490,616,18528,1078,23334,17625,9770,25478,21704,18659
LG14	1690003.30872483	16	8847,13418,11003,490,616,18528,1078,23334,17625,9770,25478,21704,18659,23776,618,6540
LG14	4085806.81208054	15	6353,16325,20625,13411,25091,5711,16233,24451,8330,2550,25561,5892,14127,13188,6608
LG14	11088924.7449664	9	3308,7690,445,11313,3417,7203,24098,10462,13563
LG14	11273217.3221477	9	3308,7690,445,11313,3417,7203,24098,10462,13563
LG14	17354872.3691275	13	75,25130,8726,5333,1339,4402,6597,7498,25649,3832,12884,18830,10218
LG14	17539164.9463087	15	75,25130,8726,5333,1339,4402,6597,7498,25649,3832,12884,18830,10218,19918,24824
LG15	5767710.69798658	5	12664,2175,15274,3523,18075
LG15	5933912.18791946	4	2175,15274,3523,18075
LG15	6100113.67785235	4	2175,15274,3523,18075
LG15	6266315.16778524	3	15274,3523,18075
LG15	6432516.65771812	3	15274,3523,18075
LG15	6598718.14765101	4	15274,3523,18075,11947
LG16	14174237.3959732	9	18553,9162,13626,2149,735,8671,14199,17255,20078
LG17	8542582.89932886	7	14979,3601,3680,6426,14130,2082,8769
LG17	8656669.19463087	9	14979,3601,3680,6426,14130,2082,8769,25103,13196
LG18	6371549.17449665	13	18523,9210,24400,22530,287,20500,3460,23727,4892,17097,1711,20385,13505
LG18	6511748.84563758	13	18523,9210,24400,22530,287,20500,3460,23727,4892,17097,1711,20385,13505
LG18	6651948.51677852	15	18523,9210,24400,22530,287,20500,3460,23727,4892,17097,1711,20385,13505,14997,11454
LG18	9315742.26845638	11	19141,22690,16933,21647,20321,12705,10440,512,17497,8808,16261
LG18	9455941.93959732	12	19141,22690,16933,21647,20321,12705,10440,512,17497,8808,16261,10139
LG18	12960933.7181208	15	25511,10921,22858,18534,16153,17399,20424,6773,3076,18094,24062,11422,20624,17837,22085
LG18	13101133.3892617	16	22858,18534,16153,17399,20424,6773,3076,18094,24062,11422,20624,17837,22085,13104,6735,21907
LG18	13241333.0604027	18	18534,16153,17399,20424,6773,3076,18094,24062,11422,20624,17837,22085,13104,6735,21907,23082,13802,6675
LG19	8489537.51006711	6	22653,768,25161,13856,25208,18741
LG19	8619346.99328859	5	768,25161,13856,25208,18741
LG19	8749156.47651007	8	25161,13856,25208,18741,12068,20259,9168,8150
LG19	8878965.95973154	8	25208,18741,12068,20259,9168,8150,13908,2038
LG19	18225248.7516779	9	6432,6962,13773,13693,22655,24279,2709,16211,21317
LG20	3228090.40939597	8	23891,4499,5562,25483,12332,11262,19066,25009
LG20	3379324.87248322	8	23891,4499,5562,25483,12332,11262,19066,25009
LG20	3530559.33557047	9	4499,5562,25483,12332,11262,19066,25009,644,23920
LG20	3681793.79865772	12	5562,25483,12332,11262,19066,25009,644,23920,22941,20186,12277,4070
LG20	3833028.26174497	13	5562,25483,12332,11262,19066,25009,644,23920,22941,20186,12277,4070,14117
LG20	9126234.46979866	15	9855,769,2880,18028,4066,12693,380,16458,3405,12320,3019,12520,24,19633,19541
LG20	10487344.6375839	10	5654,786,10732,11146,15373,8534,54,12479,6576,14059
LG20	10638579.1006711	12	5654,786,10732,11146,15373,8534,54,12479,6576,14059,14803,11983
LG20	10789813.5637584	12	786,10732,11146,15373,8534,54,12479,6576,14059,14803,11983,7603
LG20	10941048.0268456	14	786,10732,11146,15373,8534,54,12479,6576,14059,14803,11983,7603,19294,16908
LG20	11092282.4899329	14	10732,11146,15373,8534,54,12479,6576,14059,14803,11983,7603,19294,16908,21097
LG21	11582988.852349	10	9865,9964,11268,3902,7315,18476,24994,3501,5169,8831
LG21	11721178.0872483	10	9964,11268,3902,7315,18476,24994,3501,5169,8831,1933
LG23	14313407.9530201	15	16748,2564,5570,14532,19768,21786,13650,2603,18938,3238,11761,21863,739,13462,5310
LG23	14457444.8993289	15	5570,14532,19768,21786,13650,2603,18938,3238,11761,21863,739,13462,5310,21573,8907
LG23	14601481.8456376	13	19768,21786,13650,2603,18938,3238,11761,21863,739,13462,5310,21573,8907
LG23	14745518.7919463	13	21786,13650,2603,18938,3238,11761,21863,739,13462,5310,21573,8907,25588
