Window	chromosome	position	Fst/Fct	Mean_boostrap	lower_95	upper_95	pvalue	positive	negative	selection
68	LG01	12825250.9731544	0.326218114326488	0.120801410594796	0.0459715186148534	0.268628818126373	0.999740103894257	1	0	Yes
69	LG01	13004324.5100671	0.328074330735012	0.124180076337941	0.0531021192063415	0.247932063701457	0.999965002200577	1	0	Yes
70	LG01	13183398.0469799	0.255239487359894	0.124180153546372	0.0550602173923863	0.242290530231996	0.996283803083597	1	0	Yes
99	LG01	18376530.6174497	0.349359040131446	0.108875427566406	0.0375767663690318	0.322483539148932	0.999049348724684	1	0	Yes
133	LG01	24465030.8724832	0.333869650459401	0.108947368615647	0.0325241130304895	0.330678632279538	0.99719154761281	1	0	Yes
204	LG02	9051007.03355705	0.370128049549442	0.103863885029869	0.0302259084353399	0.352089316590996	0.998751298485236	1	0	Yes
205	LG02	9198445.54362416	0.441837788614016	0.0952907331540341	0.0267194479168641	0.406241281067501	0.99969762544988	1	0	Yes
206	LG02	9345884.05369128	0.430334556413361	0.103371018877659	0.028098879344981	0.394262869836805	0.999750902036715	1	0	Yes
228	LG02	12589531.2751678	0.400942067468499	0.094700267196578	0.0241787269900054	0.397172819754745	0.998512282448497	1	0	Yes
229	LG02	12736969.7852349	0.457684620947489	0.10103270669065	0.0235327011025484	0.420703476923743	0.999770086531427	1	0	Yes
265	LG02	18044756.147651	0.372436586208139	0.105359751222352	0.0290859359446098	0.343148713929771	0.998991916341782	1	0	Yes
266	LG02	18192194.6577181	0.366233541293907	0.109116504152546	0.0286672840455569	0.334986266927671	0.998977644234723	1	0	Yes
515	LG04	15190086.295302	0.371899081517679	0.104291924058852	0.0305699911987346	0.353593387182852	0.99883259283068	1	0	Yes
516	LG04	15409791.3624161	0.385135010902832	0.108680891967357	0.0333757942695402	0.330174890870156	0.999673381532516	1	0	Yes
517	LG04	15629496.4295302	0.380714270676227	0.117728854027683	0.0338929486107488	0.302706749304815	0.999868976453902	1	0	Yes
518	LG04	15849201.4966443	0.380744868489714	0.110202051089613	0.0299305580055138	0.327478166205423	0.999581696506682	1	0	Yes
519	LG04	16068906.5637584	0.363093312230572	0.107349630061145	0.0271527316634985	0.344489626228914	0.998357378402022	1	0	Yes
558	LG04	24637404.1812081	0.433330716165343	0.106504726191196	0.02718832013206	0.350968731520203	0.999885366030649	1	0	Yes
559	LG04	24857109.2483221	0.419860790062501	0.106939367165118	0.029874857952658	0.339164342110469	0.999887282626351	1	0	Yes
560	LG04	25076814.3154362	0.323993718320316	0.115560305633742	0.0363086061153556	0.305667617680936	0.997931482557871	1	0	Yes
852	LG06	16922717.114094	0.363474309501232	0.114259705239547	0.0330780242199934	0.314933763029323	0.999444275261941	1	0	Yes
853	LG06	17081930.3825503	0.386843667936281	0.113334930511912	0.0350229676388992	0.307535315421351	0.999892317096763	1	0	Yes
854	LG06	17241143.6510067	0.347006376116815	0.118940099260633	0.0388832776079318	0.287972763052568	0.999682979451947	1	0	Yes
871	LG06	19947769.2147651	0.341217492340382	0.10909689561001	0.0273926188056608	0.336850845930852	0.996987895834937	1	0	Yes
961	LG07	12739230.0604027	0.357112049306549	0.104797160157942	0.0336367752628933	0.354748897066859	0.998241691415449	1	0	Yes
962	LG07	12935029.7114094	0.397351241203502	0.112642021286973	0.0359453956214048	0.313855698281936	0.999928841120262	1	0	Yes
963	LG07	13130829.3624161	0.380790952333251	0.11180563827621	0.0317089538140235	0.322795504240679	0.99968313516815	1	0	Yes
964	LG07	13326629.0134228	0.327651044001444	0.113560182403703	0.0297602663286498	0.322590330962404	0.996386115558213	1	0	Yes
975	LG07	15480425.1744966	0.375803541512089	0.109042742755196	0.0331427693803638	0.327667196672149	0.999551057421101	1	0	Yes
976	LG07	15676224.8255034	0.380565643379993	0.110849813483608	0.0361569650796893	0.317491155575298	0.999807447730014	1	0	Yes
1039	LG07	28011602.8389262	0.279850860168469	0.122862753824835	0.0456872219823247	0.264310739809202	0.996795296718669	1	0	Yes
1040	LG07	28207402.4899329	0.404322319930919	0.118834471746831	0.0425415784724823	0.282231057916327	0.999996168786706	1	0	Yes
1041	LG07	28403202.1409396	0.407767467225433	0.118614602629255	0.0422196926649232	0.282398376062739	0.999996704323443	1	0	Yes
1115	LG08	11804195.0872483	0.356302071292301	0.119372297552736	0.0411913719311869	0.279420119302641	0.999911001553518	1	0	Yes
1116	LG08	11968169.6979866	0.438339051928364	0.11880093231802	0.0384568508998282	0.291160822704891	0.999998725470116	1	0	Yes
1117	LG08	12132144.3087248	0.477491560546322	0.113799507963353	0.0367428538211128	0.309408086298506	0.999999606955143	1	0	Yes
1118	LG08	12296118.9194631	0.474745258317219	0.112802064567727	0.0378271496606021	0.310950816007775	0.999999652872374	1	0	Yes
1119	LG08	12460093.5302013	0.406756911868201	0.113386254578743	0.0357052650304999	0.315805829739955	0.999951628294389	1	0	Yes
1190	LG08	24102290.8926174	0.481009921040318	0.0923512992797052	0.0231385446371332	0.438151481289007	0.999788871900512	1	0	Yes
1191	LG08	24266265.5033557	0.427896141094609	0.10391596563325	0.028938605609913	0.354144127450106	0.999861952268545	1	0	Yes
1192	LG08	24430240.114094	0.350990848082564	0.11507731490358	0.0335040743855003	0.310253486242448	0.999227441684929	1	0	Yes
1304	LG09	17097850.6778523	0.310363403560167	0.121772017017072	0.0481520128030881	0.262291292728583	0.999559451876729	1	0	Yes
1305	LG09	17255189.7718121	0.290075121170548	0.123790371736441	0.0536284073594507	0.247966110119811	0.999459798315699	1	0	Yes
1331	LG09	21346006.2147651	0.607073947926914	0.0887679466360548	0.0171909841311917	0.531683317025334	0.999979115503583	1	0	Yes
1332	LG09	21503345.3087248	0.575260434176776	0.0858181061665663	0.0161913208576068	0.514892864395161	0.999949974539593	1	0	Yes
1333	LG09	21660684.4026846	0.468668589625609	0.0892682987244093	0.0164680141280281	0.43169864968183	0.999523745341927	1	0	Yes
1413	LG10	10678289.1006711	0.420997455195284	0.107424760342431	0.0267704146400928	0.341771169547615	0.999855922291938	1	0	Yes
1414	LG10	10836955.8926174	0.470345972303903	0.103154326672501	0.0268587958006154	0.356940468842602	0.999970516773253	1	0	Yes
1415	LG10	10995622.6845638	0.452719743437627	0.104207903602818	0.0281776809865554	0.35496145268223	0.999947868387337	1	0	Yes
1422	LG10	12106290.2281879	0.345287740576738	0.109489762642453	0.0319526056688885	0.333177380482271	0.998165264720771	1	0	Yes
1533	LG11	6667103.04026846	0.365499134671046	0.108060057756278	0.028095375448495	0.341567747436956	0.998670267727293	1	0	Yes
1534	LG11	6846052.60402685	0.554061186404964	0.0981317694627347	0.024079323858955	0.393390452106092	0.999996257229851	1	0	Yes
1535	LG11	7025002.16778523	0.616222121495156	0.0920296867223526	0.0239095509596101	0.430169449320897	0.999999047505613	1	0	Yes
1536	LG11	7203951.73154362	0.44527258438263	0.101761707924407	0.0251955334763603	0.363740499783649	0.99988380263108	1	0	Yes
1563	LG11	12035589.9530201	0.314109572002368	0.119307448864326	0.0420872985054986	0.283402642960856	0.998757618141961	1	0	Yes
1564	LG11	12214539.5167785	0.300284945082443	0.118422868295434	0.0411304983305736	0.284260772150175	0.997554581039175	1	0	Yes
1589	LG11	16688278.6107383	0.328053424648308	0.117112670575627	0.0422321563787783	0.28887940990078	0.999342525091067	1	0	Yes
1590	LG11	16867228.1744966	0.384606036788639	0.115321576095812	0.0370802709092155	0.300497226947096	0.999923072528638	1	0	Yes
1591	LG11	17046177.738255	0.33145761055723	0.116826629715498	0.034576073248928	0.300828645223475	0.998585926151762	1	0	Yes
1645	LG11	26709454.1812081	0.295487092925262	0.115010629858664	0.042060669621016	0.29540178556674	0.995959878857994	1	0	Yes
1838	LG13	6883610.97315436	0.289213567585763	0.11957296297091	0.0402363611413337	0.282039496276989	0.995751320380215	1	0	Yes
1872	LG13	12338608.6241611	0.333651077153182	0.110233831846757	0.0329696761971679	0.32460267116819	0.997649080296674	1	0	Yes
1873	LG13	12499049.7315436	0.405997171417949	0.108642972801267	0.0324111809032595	0.336506325535118	0.999838804079247	1	0	Yes
1874	LG13	12659490.8389262	0.422680644265012	0.108614659288802	0.0303189271838635	0.338514803946706	0.999914131292046	1	0	Yes
1878	LG13	13301255.2684564	0.312815499935497	0.114385487156169	0.0328617273754086	0.312505341907444	0.995527032843901	1	0	Yes
1879	LG13	13461696.3758389	0.352486338411059	0.108894854075901	0.0316306559788145	0.325661097434501	0.998823764087069	1	0	Yes
1880	LG13	13622137.4832215	0.357554506458754	0.112540525126301	0.0304535330476066	0.324803033377762	0.99894251735569	1	0	Yes
1881	LG13	13782578.590604	0.346176713464655	0.111784883252871	0.0291316611306139	0.327134765079104	0.998085029221851	1	0	Yes
1884	LG13	14263901.9127517	0.301781249045047	0.117113046595545	0.0364117837810889	0.300834098159214	0.99542079114911	1	0	Yes
1954	LG14	1505710.73154362	0.312594291056033	0.117290127249006	0.0396055213052632	0.291323472912274	0.998050159983878	1	0	Yes
1955	LG14	1690003.30872483	0.288560763988157	0.119718304992104	0.0431759603215916	0.276380948757321	0.996772875025818	1	0	Yes
1968	LG14	4085806.81208054	0.28270410462122	0.11979287617087	0.0425800593603631	0.277239840694507	0.995379900679477	1	0	Yes
2006	LG14	11088924.7449664	0.46880710262757	0.0920546786056505	0.0236749444353657	0.420489610244596	0.999725628269328	1	0	Yes
2007	LG14	11273217.3221477	0.380486248736753	0.103943086571183	0.0298462160122197	0.355945279416596	0.999019657920038	1	0	Yes
2040	LG14	17354872.3691275	0.356628782426607	0.114542577399469	0.037761924488799	0.305654409565096	0.999614416062607	1	0	Yes
2041	LG14	17539164.9463087	0.343997073479557	0.115274019373573	0.0405167256046066	0.300683454415271	0.99951701159917	1	0	Yes
2131	LG15	5767710.69798658	0.490880687573158	0.0922997388243502	0.0192580491678997	0.430790629051149	0.999798704643905	1	0	Yes
2132	LG15	5933912.18791946	0.602350615621795	0.0896530918751884	0.0179838484752013	0.423796392766265	0.999996648484328	1	0	Yes
2133	LG15	6100113.67785235	0.710633377679708	0.0896280097080517	0.0168612996730216	0.415565652491139	0.999999976275282	1	0	Yes
2134	LG15	6266315.16778524	0.814210267390113	0.0849755680462139	0.0147730386491504	0.505709271159081	0.999999996925565	1	0	Yes
2135	LG15	6432516.65771812	0.894170498321201	0.0769857602846661	0.0118214886039414	0.613074945589829	0.999999983479803	1	0	Yes
2136	LG15	6598718.14765101	0.90386260497991	0.0702996741615412	0.0114360661094957	0.669229206794899	0.999999867294565	1	0	Yes
2318	LG16	14174237.3959732	0.371299881497875	0.108868327026325	0.0299932534095267	0.340418796553527	0.99912562305365	1	0	Yes
2465	LG17	8542582.89932886	0.376438751388324	0.109621887106264	0.0283854889220365	0.339879001604	0.999195320500721	1	0	Yes
2466	LG17	8656669.19463087	0.371509363450867	0.107408709362389	0.0294513171481417	0.339401909423973	0.999114706516409	1	0	Yes
2590	LG18	6371549.17449665	0.335267985359869	0.118168831662179	0.0396849918814172	0.290434395631514	0.99937985336993	1	0	Yes
2591	LG18	6511748.84563758	0.367860324031352	0.114899440182836	0.03959890310496	0.296246630411707	0.999883425692773	1	0	Yes
2592	LG18	6651948.51677852	0.345463661954244	0.116554386002078	0.0396325425220621	0.2942747426825	0.999614446035314	1	0	Yes
2611	LG18	9315742.26845638	0.328903905490962	0.110036963193172	0.035687531068576	0.321064902883691	0.997677287144878	1	0	Yes
2612	LG18	9455941.93959732	0.345288135817327	0.110187429157298	0.0337495574552392	0.333186292763473	0.998218830426383	1	0	Yes
2637	LG18	12960933.7181208	0.327991143028073	0.111423559150998	0.0353983788769118	0.319487192787834	0.997572343111312	1	0	Yes
2638	LG18	13101133.3892617	0.384630172881294	0.103749535631683	0.03547910857521	0.339425862602721	0.999568570530131	1	0	Yes
2639	LG18	13241333.0604027	0.32559025447957	0.112797023353427	0.0406005793551358	0.308492978792138	0.998380508689237	1	0	Yes
2760	LG19	8489537.51006711	0.471409163681536	0.0933760904366047	0.0221065419387135	0.445750375057349	0.999705252671664	1	0	Yes
2761	LG19	8619346.99328859	0.699419067452175	0.0779974968149481	0.0148615578837858	0.597187517303511	0.999992576440647	1	0	Yes
2762	LG19	8749156.47651007	0.788836586231703	0.0713838418017814	0.0155174522578788	0.654257837845737	0.999997731697188	1	0	Yes
2763	LG19	8878965.95973154	0.606346057271442	0.0917505585310708	0.024202794385829	0.521229191224738	0.999989995319144	1	0	Yes
2835	LG19	18225248.7516779	0.354703151310587	0.105468497700067	0.0282087073887432	0.348409698996048	0.997672857541793	1	0	Yes
2867	LG20	3228090.40939597	0.342185271448678	0.114256118377362	0.0328924029191445	0.311813546728266	0.998813687108118	1	0	Yes
2868	LG20	3379324.87248322	0.37584762402272	0.113533028782312	0.0304505596203692	0.318233152729057	0.999610433971055	1	0	Yes
2869	LG20	3530559.33557047	0.397859369432257	0.112533656519101	0.0297028996216538	0.324457530327377	0.999811714967442	1	0	Yes
2870	LG20	3681793.79865772	0.394777200081174	0.111366587050952	0.0343637971894042	0.321846598115154	0.999861890825161	1	0	Yes
2871	LG20	3833028.26174497	0.305195666908945	0.117304587341738	0.0420436677959088	0.285872830547998	0.998095869132033	1	0	Yes
2906	LG20	9126234.46979866	0.2698556359193	0.12249746468465	0.0432011441693859	0.267806135419319	0.993341018342918	1	0	Yes
2915	LG20	10487344.6375839	0.347647034712728	0.108990342244426	0.0323269180575654	0.33197919928876	0.998241442320524	1	0	Yes
2916	LG20	10638579.1006711	0.418570499719375	0.113287277722422	0.0358643531330895	0.314535551723776	0.999976497958468	1	0	Yes
2917	LG20	10789813.5637584	0.43816745165707	0.116345478862009	0.0381411480973404	0.294340709092306	0.999998499545218	1	0	Yes
2918	LG20	10941048.0268456	0.385761819932762	0.120442933453777	0.0407452427746431	0.278809544006172	0.999985136556746	1	0	Yes
2919	LG20	11092282.4899329	0.280470572475603	0.12124675513492	0.0426225337579469	0.272367706229819	0.995346718653509	1	0	Yes
3077	LG21	11582988.852349	0.402282070912655	0.100661099009054	0.0293793548710622	0.378705671452	0.999256058640635	1	0	Yes
3078	LG21	11721178.0872483	0.410916619496094	0.10462060667701	0.0298458884427157	0.371146122900957	0.999682453386853	1	0	Yes
3395	LG23	14313407.9530201	0.333791409812355	0.115526806516933	0.0386599346267052	0.303690092904492	0.998933663992651	1	0	Yes
3396	LG23	14457444.8993289	0.360970683385396	0.114288519070975	0.0393366041095157	0.301437592831658	0.999774215089363	1	0	Yes
3397	LG23	14601481.8456376	0.364842850320343	0.116664807528443	0.0395692197715791	0.294968442697456	0.999853024466426	1	0	Yes
3398	LG23	14745518.7919463	0.336386152184366	0.119430771101364	0.0394911404366471	0.284119986767434	0.999552251955602	1	0	Yes
