Output from NeEstimator v.2
Starting time: Mon Apr 23 11:17:52 2018
Input File: "D:\Pacific cod\DataAnalysis\PCod-Compare-repo\stacks_b8_wgenome_r05\batccompare_batch_8_r05_filtered_aligned_west_byreg_LDNe"

Number of Loci = 4286

Non-polymorphic loci:     6,     7,     8,    13,    14,    15,    17,    24,
           25,    27,    34,    39,    43,    48,    52,    54,    58,    61,
           62,    68,    73,    79,    80,    83,    84,    87,    89,    90,
           92,    97,    99,   102,   103,   104,   109,   111,   112,   121,
          122,   123,   125,   126,   131,   132,   137,   139,   140,   141,
          145,   150,   158,   160,   162,   166,   167,   169,   171,   176,
          177,   183,   184,   185,   187,   188,   193,   196,   203,   204,
          205,   210,   212,   218,   222,   223,   224,   225,   229,   231,
          232,   234,   236,   239,   242,   244,   245,   246,   248,   249,
          252,   258,   259,   263,   268,   270,   273,   277,   282,   288,
          299,   300,   306,   307,   309,   311,   312,   319,   328,   329,
          336,   338,   339,   344,   348,   351,   352,   360,   363,   365,
          368,   376,   378,   379,   380,   381,   383,   388,   389,   390,
          393,   395,   397,   399,   400,   406,   407,   408,   409,   414,
          419,   421,   422,   423,   426,   427,   431,   432,   435,   437,
          439,   440,   446,   452,   454,   459,   472,   480,   490,   495,
          501,   503,   510,   513,   515,   518,   519,   520,   525,   527,
          531,   534,   537,   538,   540,   541,   543,   546,   548,   551,
          552,   555,   557,   564,   567,   570,   573,   574,   575,   576,
          578,   584,   590,   593,   598,   603,   621,   623,   625,   626,
          628,   634,   637,   639,   640,   641,   642,   643,   646,   647,
          649,   653,   657,   659,   664,   666,   679,   680,   682,   684,
          686,   688,   689,   690,   693,   695,   696,   705,   707,   708,
          709,   711,   713,   714,   715,   719,   723,   724,   727,   729,
          731,   733,   736,   738,   739,   742,   743,   744,   745,   747,
          749,   751,   752,   754,   757,   765,   772,   773,   776,   779,
          782,   783,   788,   789,   792,   794,   795,   799,   801,   808,
          809,   811,   815,   823,   824,   829,   834,   838,   839,   840,
          845,   847,   850,   862,   863,   864,   868,   872,   874,   876,
          877,   879,   883,   888,   890,   891,   893,   894,   895,   898,
          900,   902,   903,   904,   907,   908,   910,   911,   912,   913,
          914,   917,   919,   921,   927,   928,   934,   936,   938,   944,
          945,   947,   953,   954,   958,   961,   963,   966,   967,   968,
          970,   972,   976,   983,   984,   986,   987,   988,   994,   995,
          997,   999,  1003,  1004,  1005,  1006,  1007,  1009,  1014,  1018,
         1022,  1024,  1027,  1028,  1029,  1030,  1034,  1035,  1039,  1041,
         1047,  1053,  1054,  1059,  1061,  1066,  1069,  1072,  1073,  1079,
         1082,  1089,  1090,  1101,  1102,  1103,  1106,  1107,  1110,  1112,
         1115,  1120,  1121,  1122,  1123,  1124,  1127,  1128,  1130,  1132,
         1135,  1137,  1138,  1139,  1142,  1144,  1148,  1150,  1152,  1155,
         1160,  1161,  1168,  1169,  1170,  1172,  1175,  1177,  1182,  1185,
         1188,  1189,  1191,  1195,  1196,  1198,  1200,  1203,  1206,  1211,
         1212,  1213,  1216,  1217,  1219,  1224,  1229,  1232,  1235,  1236,
         1243,  1249,  1252,  1254,  1257,  1260,  1262,  1264,  1268,  1269,
         1271,  1272,  1274,  1275,  1279,  1280,  1281,  1283,  1287,  1297,
         1298,  1300,  1308,  1309,  1311,  1312,  1316,  1325,  1333,  1340,
         1346,  1350,  1351,  1352,  1355,  1367,  1369,  1372,  1376,  1383,
         1384,  1386,  1387,  1394,  1397,  1401,  1405,  1409,  1413,  1419,
         1426,  1431,  1434,  1436,  1437,  1442,  1446,  1447,  1448,  1449,
         1451,  1454,  1462,  1466,  1469,  1470,  1473,  1475,  1476,  1482,
         1484,  1485,  1487,  1495,  1500,  1502,  1504,  1507,  1510,  1512,
         1515,  1517,  1518,  1521,  1523,  1524,  1530,  1534,  1544,  1545,
         1548,  1557,  1561,  1574,  1587,  1589,  1591,  1593,  1603,  1604,
         1605,  1608,  1609,  1610,  1611,  1614,  1618,  1622,  1628,  1629,
         1638,  1639,  1642,  1645,  1647,  1662,  1664,  1665,  1666,  1667,
         1668,  1674,  1675,  1677,  1690,  1692,  1697,  1698,  1700,  1701,
         1702,  1709,  1710,  1717,  1720,  1721,  1723,  1725,  1730,  1731,
         1734,  1738,  1740,  1742,  1743,  1744,  1747,  1752,  1758,  1759,
         1760,  1761,  1767,  1771,  1772,  1774,  1780,  1782,  1785,  1786,
         1790,  1797,  1798,  1800,  1801,  1804,  1807,  1810,  1817,  1826,
         1828,  1830,  1832,  1835,  1839,  1840,  1845,  1846,  1848,  1852,
         1864,  1865,  1866,  1868,  1871,  1873,  1875,  1876,  1879,  1880,
         1881,  1883,  1887,  1888,  1891,  1893,  1894,  1898,  1901,  1902,
         1904,  1908,  1911,  1914,  1915,  1921,  1924,  1927,  1929,  1930,
         1935,  1936,  1938,  1939,  1940,  1941,  1943,  1944,  1945,  1949,
         1950,  1958,  1959,  1961,  1962,  1966,  1967,  1973,  1976,  1977,
         1992,  1998,  2000,  2008,  2015,  2017,  2028,  2030,  2033,  2037,
         2038,  2039,  2040,  2041,  2043,  2044,  2048,  2049,  2050,  2052,
         2053,  2061,  2063,  2068,  2069,  2070,  2071,  2072,  2075,  2076,
         2080,  2085,  2097,  2101,  2107,  2111,  2114,  2121,  2123,  2124,
         2127,  2129,  2131,  2136,  2138,  2139,  2141,  2145,  2146,  2147,
         2155,  2156,  2157,  2158,  2159,  2161,  2168,  2170,  2173,  2174,
         2175,  2179,  2182,  2185,  2186,  2187,  2192,  2201,  2202,  2203,
         2206,  2211,  2214,  2215,  2218,  2220,  2227,  2232,  2233,  2234,
         2235,  2237,  2238,  2240,  2242,  2244,  2252,  2253,  2259,  2261,
         2263,  2270,  2276,  2278,  2280,  2282,  2291,  2292,  2295,  2297,
         2302,  2303,  2314,  2316,  2319,  2321,  2327,  2328,  2333,  2337,
         2338,  2340,  2344,  2347,  2350,  2352,  2354,  2359,  2362,  2363,
         2369,  2370,  2381,  2382,  2386,  2387,  2389,  2404,  2406,  2407,
         2409,  2410,  2412,  2413,  2415,  2419,  2420,  2423,  2426,  2430,
         2433,  2434,  2436,  2438,  2440,  2441,  2442,  2444,  2447,  2450,
         2451,  2452,  2454,  2455,  2458,  2462,  2466,  2470,  2476,  2477,
         2480,  2484,  2485,  2487,  2494,  2497,  2500,  2502,  2506,  2507,
         2513,  2514,  2519,  2521,  2522,  2523,  2525,  2527,  2528,  2531,
         2532,  2533,  2535,  2539,  2540,  2541,  2545,  2546,  2547,  2548,
         2549,  2554,  2559,  2562,  2564,  2573,  2574,  2575,  2578,  2580,
         2581,  2583,  2584,  2585,  2587,  2589,  2594,  2595,  2603,  2606,
         2608,  2609,  2614,  2629,  2631,  2632,  2633,  2636,  2637,  2639,
         2647,  2650,  2655,  2658,  2660,  2661,  2662,  2663,  2665,  2674,
         2675,  2677,  2682,  2684,  2687,  2690,  2694,  2696,  2697,  2698,
         2703,  2706,  2708,  2712,  2715,  2717,  2719,  2725,  2727,  2729,
         2734,  2735,  2736,  2737,  2746,  2747,  2749,  2758,  2761,  2762,
         2765,  2767,  2768,  2769,  2770,  2773,  2775,  2776,  2777,  2785,
         2786,  2787,  2791,  2793,  2794,  2798,  2801,  2805,  2812,  2814,
         2819,  2822,  2824,  2826,  2829,  2837,  2841,  2842,  2843,  2844,
         2845,  2846,  2848,  2849,  2851,  2853,  2854,  2855,  2858,  2864,
         2866,  2871,  2873,  2874,  2875,  2876,  2878,  2881,  2882,  2884,
         2888,  2889,  2891,  2893,  2895,  2896,  2900,  2901,  2902,  2905,
         2913,  2915,  2918,  2920,  2921,  2925,  2933,  2934,  2935,  2936,
         2940,  2942,  2945,  2946,  2947,  2948,  2949,  2951,  2952,  2957,
         2962,  2963,  2964,  2966,  2971,  2975,  2979,  2980,  2981,  2983,
         2987,  2988,  2991,  2996,  2998,  3002,  3007,  3009,  3011,  3015,
         3018,  3019,  3025,  3027,  3037,  3038,  3041,  3046,  3047,  3050,
         3053,  3056,  3058,  3063,  3067,  3072,  3073,  3074,  3075,  3078,
         3082,  3084,  3088,  3092,  3093,  3095,  3097,  3098,  3100,  3107,
         3108,  3113,  3115,  3116,  3117,  3118,  3119,  3120,  3122,  3125,
         3129,  3132,  3133,  3140,  3149,  3150,  3151,  3153,  3154,  3155,
         3156,  3165,  3166,  3169,  3172,  3174,  3183,  3186,  3187,  3190,
         3191,  3198,  3200,  3201,  3203,  3210,  3216,  3217,  3221,  3223,
         3227,  3228,  3233,  3241,  3244,  3250,  3253,  3254,  3260,  3261,
         3268,  3269,  3277,  3278,  3281,  3282,  3288,  3289,  3292,  3303,
         3306,  3312,  3314,  3316,  3317,  3326,  3332,  3335,  3339,  3341,
         3346,  3356,  3357,  3358,  3362,  3368,  3374,  3376,  3378,  3379,
         3384,  3386,  3389,  3397,  3398,  3401,  3402,  3404,  3410,  3414,
         3415,  3418,  3419,  3420,  3425,  3429,  3430,  3433,  3434,  3437,
         3445,  3447,  3448,  3449,  3450,  3453,  3455,  3458,  3461,  3462,
         3463,  3464,  3469,  3472,  3479,  3485,  3489,  3490,  3495,  3498,
         3502,  3504,  3506,  3508,  3518,  3520,  3522,  3523,  3524,  3528,
         3533,  3538,  3539,  3540,  3544,  3548,  3559,  3560,  3564,  3565,
         3567,  3571,  3577,  3583,  3585,  3586,  3588,  3589,  3591,  3593,
         3594,  3597,  3603,  3604,  3607,  3608,  3609,  3613,  3614,  3618,
         3622,  3627,  3630,  3631,  3634,  3636,  3643,  3647,  3648,  3654,
         3656,  3661,  3662,  3663,  3667,  3669,  3671,  3673,  3680,  3682,
         3683,  3687,  3692,  3694,  3697,  3698,  3700,  3701,  3706,  3709,
         3710,  3715,  3718,  3719,  3727,  3729,  3743,  3744,  3745,  3747,
         3748,  3749,  3757,  3763,  3766,  3774,  3778,  3784,  3785,  3786,
         3791,  3792,  3795,  3801,  3812,  3815,  3816,  3818,  3822,  3824,
         3827,  3828,  3829,  3833,  3835,  3836,  3840,  3841,  3842,  3846,
         3853,  3855,  3856,  3857,  3864,  3874,  3879,  3880,  3883,  3884,
         3887,  3888,  3889,  3890,  3893,  3896,  3903,  3905,  3915,  3919,
         3920,  3922,  3923,  3926,  3927,  3931,  3934,  3940,  3941,  3944,
         3948,  3949,  3954,  3955,  3956,  3963,  3965,  3971,  3973,  3975,
         3980,  3981,  3985,  3988,  3990,  3992,  3995,  4001,  4003,  4007,
         4008,  4011,  4014,  4015,  4019,  4024,  4027,  4028,  4032,  4033,
         4034,  4035,  4039,  4042,  4045,  4047,  4048,  4053,  4056,  4058,
         4059,  4060,  4061,  4067,  4074,  4077,  4090,  4094,  4097,  4100,
         4101,  4102,  4103,  4104,  4106,  4108,  4113,  4114,  4116,  4121,
         4122,  4124,  4125,  4127,  4130,  4131,  4132,  4133,  4135,  4139,
         4142,  4143,  4144,  4145,  4147,  4150,  4154,  4163,  4168,  4174,
         4175,  4176,  4179,  4181,  4182,  4183,  4191,  4192,  4195,  4198,
         4202,  4203,  4204,  4205,  4207,  4213,  4214,  4216,  4226,  4231,
         4234,  4235,  4236,  4242,  4244,  4249,  4251,  4254,  4255,  4258,
         4259,  4260,  4264,  4265,  4266,  4270,  4272,  4282,  4286
Total non-polymorphic = 1427

LD mating model: Random

Population     1 [PO010715_02_92bp]  (Number of Individuals = 173)
****************
--------------------------------------------------------------------------
Lowest Allele Frequency Used     0.050       0.020       0.010         0+
--------------------------------------------------------------------------

LINKAGE DISEQUILIBRIUM METHOD

Harmonic Mean Sample Size =      162.0       162.3       162.0       162.2
Independent Comparisons =    1579651     2693517     3109864     4072012
OverAll r^2 =                  0.00683     0.00675     0.00675     0.00740
Expected r^2 Sample =          0.00623     0.00622     0.00623     0.00623
Estimated Ne^ =                  545.4       630.0       638.3       281.4

95% CIs for Ne^
* Parametric                     532.2       616.6       625.5       278.9
                                 559.3       643.9       651.6       283.8

* CIs by Jackknife are skipped when number of polymorphic loci > 100

**************************************************************************

Time: Mon Apr 23 11:22:41 2018

Non-polymorphic loci:     1,     3,     7,     9,    11,    12,    13,    14,
           15,    17,    25,    27,    33,    39,    43,    44,    48,    52,
           53,    54,    58,    61,    62,    68,    72,    73,    75,    80,
           83,    84,    87,    89,    90,    92,    97,    99,   102,   103,
          104,   109,   111,   112,   121,   122,   123,   125,   126,   131,
          132,   137,   138,   139,   141,   143,   145,   150,   158,   162,
          163,   166,   167,   169,   171,   173,   176,   183,   184,   185,
          187,   188,   196,   200,   203,   204,   205,   207,   210,   212,
          215,   217,   218,   222,   223,   224,   225,   232,   242,   244,
          245,   248,   249,   251,   255,   258,   259,   263,   264,   268,
          272,   273,   277,   278,   282,   286,   288,   290,   293,   294,
          299,   300,   306,   307,   309,   311,   312,   314,   319,   325,
          328,   336,   338,   339,   343,   344,   345,   348,   352,   354,
          360,   363,   364,   365,   368,   369,   378,   379,   380,   381,
          388,   389,   390,   395,   396,   397,   400,   406,   409,   411,
          414,   422,   423,   425,   426,   431,   432,   435,   437,   439,
          440,   446,   450,   452,   453,   454,   455,   459,   472,   480,
          483,   490,   494,   495,   497,   499,   501,   503,   510,   511,
          518,   520,   525,   527,   528,   532,   534,   537,   538,   540,
          541,   543,   546,   550,   552,   555,   557,   564,   570,   573,
          574,   575,   576,   578,   584,   590,   593,   598,   600,   607,
          610,   619,   621,   624,   626,   628,   631,   634,   637,   639,
          641,   642,   643,   646,   647,   650,   653,   657,   659,   664,
          665,   666,   680,   682,   684,   688,   689,   690,   691,   696,
          702,   705,   707,   709,   710,   711,   713,   714,   715,   719,
          721,   723,   727,   729,   731,   735,   736,   738,   739,   742,
          743,   747,   750,   751,   754,   756,   757,   758,   768,   772,
          776,   778,   779,   782,   788,   789,   792,   794,   795,   799,
          805,   807,   809,   811,   815,   816,   823,   824,   828,   829,
          834,   838,   839,   845,   847,   850,   856,   862,   864,   868,
          872,   873,   874,   876,   877,   878,   879,   883,   888,   890,
          893,   894,   895,   899,   900,   902,   903,   904,   907,   908,
          912,   913,   914,   917,   919,   921,   923,   928,   934,   936,
          938,   943,   944,   945,   946,   947,   948,   953,   954,   958,
          961,   963,   966,   968,   970,   973,   982,   983,   984,   986,
          987,   988,   994,   995,   997,   998,   999,  1001,  1002,  1003,
         1004,  1005,  1006,  1007,  1014,  1018,  1021,  1022,  1027,  1028,
         1029,  1030,  1033,  1034,  1039,  1047,  1050,  1053,  1054,  1062,
         1069,  1072,  1073,  1082,  1089,  1090,  1098,  1101,  1102,  1104,
         1106,  1110,  1112,  1113,  1121,  1122,  1123,  1128,  1129,  1130,
         1132,  1135,  1137,  1138,  1139,  1142,  1144,  1148,  1150,  1152,
         1155,  1160,  1161,  1168,  1169,  1170,  1172,  1177,  1179,  1181,
         1189,  1191,  1195,  1196,  1200,  1201,  1203,  1204,  1206,  1211,
         1212,  1213,  1216,  1217,  1219,  1223,  1224,  1226,  1229,  1230,
         1232,  1235,  1236,  1243,  1244,  1249,  1252,  1257,  1260,  1264,
         1267,  1268,  1269,  1271,  1272,  1274,  1275,  1278,  1279,  1280,
         1281,  1283,  1285,  1287,  1288,  1297,  1298,  1300,  1304,  1307,
         1308,  1309,  1312,  1316,  1328,  1340,  1350,  1351,  1355,  1360,
         1369,  1372,  1373,  1375,  1376,  1383,  1384,  1386,  1387,  1394,
         1397,  1401,  1403,  1405,  1409,  1413,  1431,  1434,  1436,  1441,
         1442,  1444,  1447,  1448,  1449,  1451,  1452,  1453,  1454,  1460,
         1462,  1465,  1466,  1469,  1473,  1475,  1476,  1484,  1487,  1493,
         1495,  1500,  1502,  1504,  1507,  1509,  1510,  1512,  1513,  1514,
         1515,  1517,  1518,  1521,  1522,  1527,  1530,  1534,  1539,  1544,
         1545,  1546,  1548,  1549,  1556,  1557,  1559,  1561,  1574,  1575,
         1578,  1579,  1585,  1587,  1589,  1591,  1602,  1604,  1605,  1608,
         1609,  1610,  1614,  1616,  1618,  1621,  1622,  1628,  1629,  1638,
         1639,  1642,  1645,  1647,  1662,  1664,  1667,  1671,  1674,  1676,
         1677,  1690,  1692,  1698,  1701,  1702,  1704,  1709,  1710,  1714,
         1717,  1718,  1721,  1723,  1725,  1730,  1731,  1734,  1735,  1738,
         1740,  1742,  1743,  1744,  1747,  1752,  1754,  1758,  1759,  1767,
         1771,  1772,  1774,  1778,  1779,  1780,  1782,  1783,  1785,  1787,
         1790,  1793,  1794,  1796,  1797,  1800,  1801,  1805,  1810,  1817,
         1820,  1828,  1830,  1832,  1835,  1838,  1839,  1840,  1845,  1846,
         1848,  1852,  1864,  1866,  1871,  1873,  1875,  1876,  1884,  1887,
         1888,  1891,  1893,  1894,  1898,  1899,  1902,  1904,  1908,  1911,
         1912,  1914,  1917,  1921,  1924,  1927,  1929,  1930,  1935,  1936,
         1938,  1940,  1941,  1943,  1944,  1945,  1949,  1950,  1954,  1959,
         1961,  1962,  1964,  1967,  1973,  1974,  1976,  1977,  1984,  1987,
         1989,  1992,  1998,  2000,  2003,  2008,  2017,  2028,  2033,  2037,
         2038,  2039,  2041,  2043,  2048,  2049,  2050,  2052,  2053,  2061,
         2062,  2063,  2068,  2069,  2070,  2071,  2072,  2075,  2076,  2080,
         2087,  2089,  2097,  2101,  2107,  2111,  2114,  2123,  2124,  2129,
         2131,  2136,  2138,  2145,  2146,  2147,  2157,  2158,  2159,  2161,
         2166,  2170,  2173,  2174,  2179,  2181,  2182,  2183,  2187,  2188,
         2192,  2201,  2202,  2203,  2206,  2211,  2214,  2215,  2218,  2220,
         2232,  2233,  2234,  2235,  2237,  2238,  2240,  2252,  2253,  2254,
         2257,  2259,  2261,  2270,  2276,  2280,  2281,  2282,  2291,  2295,
         2299,  2301,  2302,  2303,  2314,  2315,  2319,  2326,  2327,  2328,
         2333,  2337,  2338,  2340,  2347,  2350,  2357,  2359,  2362,  2370,
         2374,  2381,  2386,  2404,  2406,  2407,  2408,  2409,  2412,  2413,
         2415,  2419,  2420,  2422,  2426,  2430,  2433,  2436,  2438,  2440,
         2441,  2442,  2444,  2445,  2447,  2448,  2449,  2450,  2451,  2452,
         2456,  2458,  2463,  2465,  2466,  2470,  2472,  2474,  2475,  2476,
         2477,  2480,  2484,  2485,  2486,  2487,  2489,  2494,  2495,  2497,
         2500,  2502,  2506,  2507,  2513,  2514,  2515,  2519,  2521,  2522,
         2523,  2525,  2526,  2528,  2529,  2530,  2532,  2533,  2535,  2538,
         2539,  2542,  2545,  2547,  2548,  2549,  2554,  2562,  2572,  2573,
         2574,  2575,  2578,  2580,  2583,  2584,  2585,  2589,  2594,  2595,
         2603,  2608,  2620,  2625,  2629,  2632,  2633,  2636,  2637,  2639,
         2645,  2655,  2658,  2660,  2661,  2662,  2663,  2665,  2670,  2674,
         2675,  2677,  2682,  2685,  2687,  2690,  2694,  2696,  2697,  2698,
         2708,  2712,  2715,  2717,  2719,  2725,  2727,  2729,  2730,  2731,
         2734,  2735,  2746,  2748,  2749,  2758,  2761,  2762,  2765,  2767,
         2768,  2770,  2773,  2775,  2776,  2777,  2784,  2785,  2786,  2787,
         2788,  2791,  2794,  2795,  2797,  2798,  2801,  2805,  2806,  2812,
         2814,  2819,  2822,  2823,  2824,  2828,  2829,  2837,  2843,  2844,
         2846,  2848,  2849,  2851,  2854,  2856,  2858,  2864,  2866,  2871,
         2874,  2875,  2876,  2884,  2885,  2888,  2889,  2893,  2895,  2896,
         2901,  2902,  2903,  2905,  2913,  2915,  2918,  2921,  2924,  2930,
         2934,  2935,  2936,  2940,  2943,  2946,  2947,  2948,  2949,  2951,
         2952,  2956,  2957,  2961,  2962,  2963,  2964,  2966,  2971,  2975,
         2979,  2980,  2983,  2985,  2987,  2988,  2990,  2991,  2996,  2998,
         3002,  3007,  3009,  3011,  3015,  3017,  3018,  3019,  3023,  3028,
         3034,  3036,  3037,  3038,  3041,  3045,  3047,  3050,  3051,  3053,
         3057,  3058,  3059,  3063,  3065,  3067,  3072,  3073,  3074,  3078,
         3082,  3084,  3087,  3088,  3092,  3093,  3094,  3095,  3098,  3100,
         3101,  3107,  3108,  3113,  3115,  3119,  3120,  3121,  3122,  3126,
         3127,  3130,  3132,  3133,  3134,  3137,  3140,  3149,  3150,  3153,
         3154,  3155,  3156,  3165,  3166,  3169,  3172,  3174,  3175,  3183,
         3186,  3187,  3188,  3191,  3203,  3207,  3208,  3210,  3213,  3216,
         3217,  3218,  3219,  3223,  3227,  3228,  3233,  3241,  3242,  3244,
         3250,  3253,  3254,  3260,  3261,  3267,  3268,  3269,  3277,  3281,
         3282,  3285,  3289,  3299,  3303,  3306,  3312,  3314,  3316,  3317,
         3318,  3322,  3332,  3333,  3335,  3339,  3343,  3346,  3352,  3356,
         3358,  3361,  3362,  3368,  3374,  3375,  3379,  3384,  3386,  3391,
         3397,  3402,  3404,  3415,  3418,  3420,  3422,  3423,  3427,  3431,
         3434,  3442,  3444,  3445,  3447,  3448,  3449,  3450,  3453,  3455,
         3458,  3461,  3462,  3463,  3464,  3469,  3472,  3473,  3479,  3483,
         3485,  3490,  3502,  3504,  3507,  3508,  3513,  3518,  3522,  3523,
         3524,  3533,  3539,  3544,  3559,  3564,  3565,  3567,  3571,  3577,
         3583,  3585,  3586,  3587,  3589,  3593,  3597,  3608,  3609,  3610,
         3613,  3617,  3618,  3620,  3622,  3627,  3629,  3630,  3631,  3636,
         3640,  3643,  3646,  3647,  3648,  3654,  3655,  3656,  3657,  3660,
         3662,  3663,  3666,  3667,  3671,  3672,  3673,  3680,  3682,  3683,
         3692,  3694,  3695,  3697,  3698,  3700,  3701,  3704,  3706,  3710,
         3712,  3715,  3718,  3719,  3721,  3727,  3729,  3735,  3743,  3744,
         3745,  3747,  3748,  3749,  3753,  3757,  3763,  3766,  3768,  3772,
         3775,  3778,  3782,  3786,  3789,  3791,  3792,  3795,  3801,  3815,
         3816,  3818,  3824,  3827,  3828,  3833,  3835,  3836,  3839,  3840,
         3841,  3842,  3843,  3846,  3853,  3855,  3856,  3857,  3864,  3866,
         3879,  3880,  3883,  3884,  3887,  3889,  3893,  3896,  3903,  3905,
         3910,  3915,  3920,  3922,  3927,  3932,  3935,  3936,  3938,  3940,
         3941,  3948,  3954,  3955,  3956,  3962,  3963,  3965,  3969,  3971,
         3972,  3975,  3981,  3985,  3988,  3989,  3990,  3993,  3995,  4001,
         4003,  4007,  4008,  4011,  4014,  4015,  4019,  4022,  4024,  4027,
         4028,  4032,  4033,  4034,  4035,  4038,  4039,  4045,  4047,  4048,
         4056,  4058,  4059,  4061,  4070,  4074,  4077,  4080,  4084,  4087,
         4090,  4097,  4100,  4101,  4102,  4103,  4104,  4106,  4107,  4108,
         4113,  4121,  4122,  4124,  4125,  4127,  4130,  4131,  4132,  4133,
         4135,  4139,  4142,  4143,  4144,  4145,  4146,  4147,  4150,  4154,
         4162,  4163,  4168,  4174,  4175,  4179,  4181,  4182,  4183,  4184,
         4191,  4192,  4195,  4196,  4197,  4202,  4203,  4204,  4207,  4209,
         4213,  4214,  4216,  4218,  4219,  4221,  4222,  4227,  4228,  4229,
         4231,  4234,  4235,  4236,  4237,  4243,  4244,  4248,  4249,  4251,
         4254,  4255,  4256,  4257,  4258,  4259,  4260,  4265,  4266,  4270,
         4282,  4286
Total non-polymorphic = 1460


Population     2 [YS121315_08.1_92bp]  (Number of Individuals = 46)
****************
--------------------------------------------------------------------------
Lowest Allele Frequency Used     0.050       0.020       0.010         0+
--------------------------------------------------------------------------

LINKAGE DISEQUILIBRIUM METHOD

Harmonic Mean Sample Size =       44.7        44.7        44.7        44.7
Independent Comparisons =    1625054     3126514     3980424     3980424
OverAll r^2 =                  0.02393     0.02389     0.02387     0.02387
Expected r^2 Sample =          0.02390     0.02390     0.02391     0.02391
Estimated Ne^ =                10390.9    Infinite    Infinite    Infinite

95% CIs for Ne^
* Parametric                    3957.3     10296.4    Infinite    Infinite
                              Infinite    Infinite    Infinite    Infinite

* CIs by Jackknife are skipped when number of polymorphic loci > 100

**************************************************************************

Ending time: Mon Apr 23 11:24:04 2018
-------------------------------------

