sample	prop_het	prop_missing	num_seq
PO010715_02_92bp	0.129987586	0.00774239	6817653
PO010715_02_rep_92bp	0.129146709	0.008094316	7823165
PO010715_04_92bp	0.124621684	0.011613584	3432097
PO010715_06.1_92bp	0.112452694	0.023579096	2473192
PO010715_08.1_92bp	0.117531657	0.013373218	2503625
PO010715_10.1_92bp	0.127697521	0.013373218	3106846
PO010715_11.1_92bp	0.128173043	0.015660743	3372281
PO010715_12_92bp	0.121109728	0.010557804	3295834
PO010715_17.1_92bp	0.120575022	0.020763681	2645508
PO010715_19.1_92bp	0.124153901	0.012141475	2927703
PO010715_27.1_92bp	0.123700251	0.018476157	2937015
PO010715_28.1_92bp	0.126896306	0.014077072	3255176
PO010715_29.1_92bp	0.121548942	0.018476157	3110048
PO020515_01_92bp	0.122663343	0.011613584	2640637
PO020515_03.1_92bp	0.12609708	0.01759634	3142354
PO020515_05.1_92bp	0.127207207	0.023403132	3691453
PO020515_06_92bp	0.13326207	0.012317438	8336214
PO020515_08.1_92bp	0.122397703	0.019531937	2808032
PO020515_09.1_92bp	0.126694379	0.02639451	3016815
PO020515_10.1_92bp	0.127667205	0.01865212	4812537
PO020515_14.1_92bp	0.120520592	0.013021292	3306735
PO020515_15.1_92bp	0.125710227	0.008974133	4916525
PO020515_16.1_92bp	0.126672614	0.013725145	3504202
PO020515_17.1_92bp	0.120135666	0.014253035	4137911
PO031715_03_92bp	0.124733096	0.011085694	2722559
PO031715_04_92bp	0.127826242	0.011613584	3094421
PO031715_13.1_92bp	0.130217624	0.013549182	3495400
PO031715_20.1_92bp	0.120416966	0.020939645	1961294
PO031715_23_92bp	0.120526972	0.011613584	4707310
PO031715_24_92bp	0.1217903	0.013197255	2820366
PO010715_26_2_92bp	0.124091473	0.007390463	4097320
PO010715_07_92bp	0.129181495	0.011085694	4070626
PO010715_07_rep_92bp	0.127958712	0.011261658	4135965
GE011215_01.1_92bp	0.127094474	0.012845328	3807454
GE011215_07.1_92bp	0.122459989	0.021467535	3631183
GE011215_08.1_92bp	0.124795937	0.029913778	2076442
GE011215_09.1_92bp	0.126182402	0.014077072	3758901
GE011215_10.1_92bp	0.12723055	0.013901109	3440184
GE011215_14.1_92bp	0.118139701	0.012493401	6549008
GE011215_15.1_92bp	0.133820385	0.012493401	5694239
GE011215_16.1_92bp	0.127383951	0.021995425	3791389
GE011215_18_92bp	0.125778331	0.010909731	6852956
GE011215_19_92bp	0.12680064	0.010557804	4019476
GE011215_20.1_92bp	0.131293364	0.010909731	4147822
GE011215_21.1_92bp	0.124285714	0.014604962	3384807
GE011215_22_92bp	0.123601492	0.009150097	6470888
GE011215_24.1_92bp	0.128553549	0.015836706	3134738
GE011215_28_92bp	0.129777778	0.010205877	3861430
GE011215_29.1_92bp	0.127783863	0.036072497	2245206
GE012315_01.1_92bp	0.127778782	0.02639451	2199367
GE012315_03.1_92bp	0.122346168	0.021995425	3747521
GE012315_05.1_92bp	0.135635906	0.021819462	3029457
GE012315_06.1_92bp	0.138585497	0.017244413	3646562
GE012315_08.1_92bp	0.127009646	0.014956889	2649848
GE012315_17.1_92bp	0.124821683	0.013197255	3009275
GE012315_20.1_92bp	0.126958689	0.011789548	3109124
GE012315_22.1_92bp	0.118219499	0.023579096	3048700
GEO012315_02_92bp	0.104565801	0.017244413	5152585
GEO012315_12_92bp	0.136209663	0.013021292	6131307
GEO012315_18_92bp	0.108127462	0.01706845	4614041
GEO012315_21_92bp	0.111031519	0.017420377	4819847
GE011215_11_92bp	0.12777679	0.00985395	8550021
GE011215_11_rep_92bp	0.126955903	0.010381841	7558364
NA021015_02.1_92bp	0.131702051	0.021995425	4039779
NA021015_08.1_92bp	0.122300853	0.030265705	2468650
NA021015_14.1_92bp	0.126401994	0.011613584	4332781
NA021015_16.1_92bp	0.124376336	0.012493401	5291624
NA021015_17.1_92bp	0.124710493	0.012317438	4162902
NA021015_21.1_92bp	0.129124309	0.013373218	3800139
NA021015_22.1_92bp	0.126516774	0.013901109	3309272
NA021015_23_92bp	0.12390956	0.011613584	2712287
NA021015_25_92bp	0.127376088	0.009502024	5191269
NA021015_26_92bp	0.135951662	0.00985395	3817109
NA021015_30_92bp	0.135620334	0.010029914	3712357
YS_121316_01_92bp	0.128205128	0.004926975	6316229
YS_121316_03_92bp	0.129083807	0.008974133	2808906
YS_121316_05_92bp	0.132390279	0.029737815	6635649
YS_121316_13_92bp	0.126944837	0.004751012	4409814
YS_121316_17_92bp	0.131513648	0.007214499	3900580
YS_121316_18_92bp	0.113828613	0.043111033	5165500
YS_121316_21_92bp	0.135221239	0.005806792	5653775
YS_121316_22_92bp	0.129442971	0.004926975	5677131
YS_121316_23_92bp	0.134771843	0.005102939	3985378
YS_121316_24_92bp	0.126371681	0.005806792	6058065
YS_121316_25_92bp	0.123579545	0.008974133	3211547
YS_121316_26_92bp	0.136363636	0.005102939	2863848
YS_121316_27_92bp	0.110217066	0.059651592	4262963
YS_121316_28_92bp	0.111153335	0.073904628	3981699
YS_121316_29_92bp	0.099495733	0.092732712	2857842
YS121315_08.1_92bp	0.127575703	0.017948267	2252448
YS121315_10.1_92bp	0.122858184	0.03466479	1311987
YS121315_12_92bp	0.121045148	0.010029914	5791989
YS121315_12_300_92bp	0.111050725	0.028682034	4038365
YS121315_15_92bp	0.117480035	0.008446243	4324878
YS121315_16_92bp	0.124047492	0.007038536	6716657
YS121316_30_92bp	0.137784091	0.008974133	4335330
YS_121316_04_92bp	0.120087336	0.032905156	1444967
YS_121316_19_92bp	0.110505544	0.063698751	980562
YS_121316_21_2_92bp	0.134241245	0.005102939	10601998
YS_121316_20_2_92bp	0.133038087	0.006686609	7233818
YS_121316_07_92bp	0.130773314	0.005630829	2921349
JUK07_01_92bp	0.096960656	0.056308288	3616220
JUK07_02.1_92bp	0.138186959	0.004223122	8561987
JUK07_02_rep.1_92bp	0.137626039	0.005278902	3929100
JUK07_03_92bp	0.103845439	0.05278902	3800860
JUK07_06.1_92bp	0.138035175	0.009502024	17189641
JUK07_09.1_92bp	0.140257905	0.003871195	7283224
JUK07_09_rep.1_92bp	0.140611199	0.003871195	7959380
JUK07_14_92bp	0.107175969	0.051029386	3822809
JUK07_15_92bp	0.116456595	0.00879817	6618897
JUK07_16.1_92bp	0.138133333	0.010205877	6629190
JUK07_16_rep.1_92bp	0.138256228	0.011085694	5945979
JUK07_17_92bp	0.095045306	0.087277846	2540837
JUK07_18_92bp	0.111603843	0.047686081	3931160
JUK07_19_92bp	0.115535714	0.014604962	4498926
JUK07_20_92bp	0.097098214	0.054020764	3519086
JUK07_22_92bp	0.087805803	0.072144994	2968381
JUK07_25_92bp	0.079606978	0.122470526	2183098
JUK07_26_92bp	0.113944365	0.013197255	4618372
JUK07_27_92bp	0.117186109	0.011965511	5317563
JUK07_28_92bp	0.079018547	0.089213444	2441945
JUK07_29.1_92bp	0.126810314	0.003695231	9984096
JUK07_30_92bp	0.13253012	0.006862573	9952413
JUK07_32_92bp	0.14328675	0.005278902	10988844
JUK07_36.1_92bp	0.134649591	0.010733767	4837063
JUK07_37.1_92bp	0.135159168	0.010557804	5751544
JUK07_10_92bp	0.108399546	0.06985747	966730
JUK07_13_92bp	0.123432461	0.017772303	2331019
JUK07_21_92bp	0.127158273	0.021643498	1992512
JUK07_23_92bp	0.134365545	0.011261658	6616902
JUK07_34_92bp	0.133381012	0.015836706	3598520
JUK07_04_92bp	0.126213592	0.021291571	2122471
JUK07_12_92bp	0.107273076	0.083054725	843226
JUK07_31_92bp	0.120353982	0.005806792	5458205
JUK07_11_92bp	0.137992832	0.01812423	2625620
JUK07_06_2_92bp	0.138311111	0.010205877	10884840
JUK07_08_92bp	0.140989399	0.004047158	6164980
JUK07_33_92bp	0.128236963	0.007918353	4761034
JB121807_01_92bp	0.128601921	0.010733767	2672936
JB121807_03.1_92bp	0.13086771	0.010381841	2695033
JB121807_04.1_92bp	0.104185022	0.201126166	626185
JB121807_05_92bp	0.06886354	0.166989266	1990280
JB121807_06.1_92bp	0.137076649	0.012845328	2942523
JB121807_08_92bp	0.122267638	0.00985395	2592970
JB121807_08_rep_92bp	0.120931887	0.010557804	2268661
JB121807_09.1_92bp	0.093967796	0.267816294	612073
JB121807_11.1_92bp	0.13318005	0.005102939	4079581
JB121807_12.1_92bp	0.11743487	0.121942636	1220369
JB121807_14.1_92bp	0.127829078	0.028154144	3532063
JB121807_16.1_92bp	0.103440572	0.212387823	1814325
JB121807_19.1_92bp	0.137531217	0.013549182	2325569
JB121807_20.1_92bp	0.134749241	0.014077072	1789463
JB121807_21.1_92bp	0.117723157	0.047862045	3461393
JB121807_24.1_92bp	0.123941632	0.023227169	2080584
JB121807_25_92bp	0.116032928	0.102234735	1119322
JB121807_27_92bp	0.075686106	0.179306704	1521654
JB121807_28.1_92bp	0.123329722	0.025514693	1348383
JB121807_30_92bp	0.079916753	0.154495865	1799365
JB121807_31.1_92bp	0.119440459	0.018828084	4858641
JB121807_32.1_92bp	0.113032399	0.033257083	3692041
JB121807_33.1_92bp	0.119299526	0.035368643	4011732
JB121807_34.1_92bp	0.127610209	0.014077072	3964034
JB121807_37_92bp	0.125155777	0.011613584	3947023
JB121807_38.1_92bp	0.125272331	0.030793595	3410899
JB121807_41.1_92bp	0.112048453	0.186521204	2021500
JB121807_42_92bp	0.082821478	0.111912722	2624412
JB121807_44_92bp	0.118362239	0.015836706	5447707
JB121807_46_92bp	0.100752432	0.041175436	3609690
JB121807_48.1_92bp	0.095056227	0.170684498	1626523
JB121807_22_c_92bp	0.092127303	0.159598803	3313335
JB121807_26_c_92bp	0.104283776	0.092204821	3862006
JB121807_39_92bp	0.122146933	0.013197255	8133702
JB121807_03_rep_92bp	0.125558135	0.014780926	7297187
JB121807_05_2_92bp	0.132906894	0.009677987	2716081
JB121807_35_2_92bp	0.103672107	0.051205349	1045274
JB121807_47_2_92bp	0.078936851	0.119479148	601315
JB121807_23_2_92bp	0.096892811	0.04293507	1844035
JB121807_27_2_92bp	0.128648649	0.023403132	2720735
JB121807_30_2_92bp	0.126575441	0.022699279	3019204
JB121807_16_2_92bp	0.119607843	0.012845328	5692288
JB121807_18_92bp	0.120028536	0.013373218	2622235
JB121807_43_92bp	0.123423903	0.009150097	3599829
JB121807_29_92bp	0.12463925	0.024458913	1504511
JB021108_01.1_92bp	0.100484262	0.27327116	826535
JB021108_02.1_92bp	0.125900576	0.023051205	4311669
JB021108_04.1_92bp	0.127696456	0.086398029	1816458
JB021108_05_92bp	0.115153656	0.003695231	10651977
JB021108_05_rep_92bp	0.115309906	0.003519268	12697218
JB021108_06_92bp	0.128688233	0.010029914	2104987
JB021108_07.1_92bp	0.127552848	0.017772303	2503842
JB021108_08.1_92bp	0.111748948	0.080415274	1721654
JB021108_09.1_92bp	0.122324159	0.021819462	4329770
JB021108_12.1_92bp	0.126108549	0.007918353	4944510
JB021108_13.1_92bp	0.123049327	0.019004047	2579086
JB021108_16_92bp	0.129989403	0.003695231	3108991
JB021108_17.1_92bp	0.135481574	0.011613584	2425901
JB021108_19.1_92bp	0.124399359	0.011261658	6267465
JB021108_20_92bp	0.120007362	0.04399085	1053046
JB021108_22.1_92bp	0.118428544	0.072848847	3244823
JB021108_25.1_92bp	0.106836713	0.15836706	1081054
JB021108_26.1_92bp	0.125248509	0.02639451	2900671
JB021108_29_92bp	0.126368528	0.051733239	1814690
JB021108_30_92bp	0.126566637	0.003167341	5002275
JB021108_32_92bp	0.138442522	0.003519268	7666082
JB021108_34_92bp	0.125848468	0.040823509	2553725
JB021108_35_92bp	0.116988062	0.041879289	910556
JB021108_35_rep_92bp	0.120538966	0.033609009	986962
JB021108_36.1_92bp	0.132062021	0.012669365	3564362
JB021108_36_rep.1_92bp	0.131907308	0.012845328	3473439
JB021108_37.1_92bp	0.130836144	0.00879817	3874496
JB021108_37_rep.1_92bp	0.13117668	0.010029914	3852296
JB021108_38.1_92bp	0.111200483	0.124934014	1459670
JB021108_39_92bp	0.084634664	0.087277846	2476612
JB021108_41.1_92bp	0.117502365	0.070033433	2899441
JB021108_44.1_92bp	0.123780812	0.00774239	3562001
JB021108_45_92bp	0.122741764	0.006510646	7512937
JB021108_46.1_92bp	0.12931187	0.005278902	5675208
JB021108_46_rep.1_92bp	0.128654971	0.007038536	3527876
JB021108_47.1_92bp	0.127060074	0.007038536	3923619
JB021108_48.1_92bp	0.122383253	0.01654056	7101400
JB021108_24_c_92bp	0.097914253	0.088861517	2981537
JB021108_33_rep_92bp	0.122273865	0.015660743	7652833
JB021108_11_2_92bp	0.123653984	0.019531937	1922970
JB021108_28_2_92bp	0.094589409	0.082878761	746368
JB021108_40_2_92bp	0.105435375	0.032025339	1167827
JB021108_14_2_92bp	0.106367451	0.035544607	2035030
JB021108_25_2_92bp	0.089150228	0.072320957	1555987
JB021108_31_2_92bp	0.112243042	0.032729192	2674493
JB021108_23_92bp	0.117327539	0.028154144	1216964
JB021108_11_rep_92bp	0.110221205	0.077247932	642350
BOR07_01_92bp	0.068195781	0.14077072	1717981
BOR07_02.1_92bp	0.131457891	0.005454865	4096017
BOR07_03_92bp	0.103126714	0.037656168	2968140
BOR07_04_92bp	0.131211317	0.004926975	5993580
BOR07_05.1_92bp	0.136299185	0.007214499	8659570
BOR07_06.1_92bp	0.128414331	0.007918353	4078253
BOR07_07.1_92bp	0.139975226	0.005630829	6259115
BOR07_08.1_92bp	0.125486726	0.005806792	9296113
BOR07_09_92bp	0.125176803	0.004751012	5769259
BOR07_11.1_92bp	0.132555673	0.004399085	6057266
BOR07_12.1_92bp	0.134785689	0.006510646	3962949
BOR07_13.1_92bp	0.129655906	0.007918353	4475682
BOR07_14_92bp	0.131811748	0.005454865	10735145
BOR07_15_92bp	0.126768034	0.004751012	7761056
BOR07_16_92bp	0.130914265	0.010733767	3692985
BOR07_17.1_92bp	0.140909896	0.005982756	3287279
BOR07_18_92bp	0.12938636	0.022171388	7110518
BOR07_19.1_92bp	0.129543001	0.021995425	5149426
BOR07_20.1_92bp	0.132105543	0.006334682	7747504
BOR07_21.1_92bp	0.121322784	0.132676403	3280358
BOR07_22_92bp	0.123873476	0.004223122	6685657
BOR07_01_2_92bp	0.124688279	0.012141475	3986942
BOR07_21_2_92bp	0.13022508	0.014956889	4331290
GEO020414_10_92bp	0.083992696	0.132676403	1962002
GEO020414_11_92bp	0.124445233	0.00879817	5803141
GEO020414_11_300_92bp	0.119115044	0.005806792	4659273
GEO020414_13_300_92bp	0.111645299	0.011789548	3172787
GEO020414_14_92bp	0.119163512	0.023931022	4039842
GEO020414_14_300_92bp	0.113653137	0.046278374	3494966
GEO020414_15_92bp	0.119521912	0.072496921	2336383
GEO020414_15_300_92bp	0.115422494	0.10663382	2039080
GEO020414_16_92bp	0.128581792	0.029737815	4033436
GEO020414_16_300_92bp	0.123399716	0.010381841	3618428
GEO020414_17_92bp	0.125948681	0.026218547	3864586
GEO020414_17_300_92bp	0.117712382	0.049269752	3057343
GEO020414_2_92bp	0.109443631	0.038535985	4056569
GEO020414_23_92bp	0.129455577	0.00774239	7069859
GEO020414_23_300_92bp	0.126261732	0.006334682	6158191
GEO020414_24_92bp	0.134618818	0.014428999	4525205
GEO020414_24_300_92bp	0.12533286	0.00879817	3842521
GEO020414_25_92bp	0.125665993	0.042231216	3666663
GEO020414_25_300_92bp	0.11023166	0.08850959	2587646
GEO020414_26_92bp	0.098804632	0.057891958	3752341
GEO020414_27_92bp	0.106835257	0.039767728	4659426
GEO020414_29_92bp	0.08865048	0.065106458	3083761
GEO020414_3_92bp	0.109425205	0.014253035	4784237
GEO020414_30_92bp	0.078451883	0.15889495	1585848
GEO020414_4_92bp	0.112866016	0.008446243	5641450
GEO020414_5_92bp	0.109156845	0.029561851	4831675
GEO020414_6_92bp	0.099795196	0.054900581	3555024
GEO020414_7_92bp	0.123980135	0.007918353	4631204
GEO020414_8_92bp	0.122844444	0.010205877	5825946
GEO020414_8_300_92bp	0.122102283	0.005630829	5328677
GEO020414_9_92bp	0.125968643	0.023579096	3815390
GEO020414_9_300_92bp	0.116642959	0.010381841	3311770
GEO020414_10_2_92bp	0.123258307	0.014956889	2970744
GEO020414_30_2_92bp	0.123088262	0.04504663	1798634
GEO020414_13_2_92bp	0.128774423	0.00932606	2092010
KOD03_035	0.115145044	0.011261658	2644952
KOD03_051	0.104982534	0.04293507	1353028
KOD03_052	0.110657194	0.00932606	3604717
KOD03_053	0.093266332	0.124582087	757340
KOD03_054	0.115543576	0.020763681	1783756
KOD03_055	0.109097308	0.004926975	14674304
KOD03_056	0.107686663	0.040823509	1196107
KOD03_057	0.108174771	0.001231744	9225135
KOD03_058	0.102986425	0.027802217	1736725
KOD03_059	0.089389407	0.112264649	4613828
KOD03_060	0.097689898	0.101178955	649419
KOD03_061	0.106127494	0.003519268	5100042
KOD03_062	0.089115213	0.170684498	1205638
KOD03_065	0.110855728	0.004751012	3613026
KOD03_067	0.105699665	0.002815414	6279450
KOD03_068	0.094965449	0.108745381	1158489
KOD03_069	0.10185847	0.015308816	2271243
KOD03_070	0.095657165	0.08023931	1027848
KOD03_071	0.104739925	0.00879817	4874649
KOD03_072	0.092494314	0.071617104	893099
KOD03_073	0.084536877	0.086222066	818087
KOD03_074	0.108967488	0.014956889	2681786
KOD03_075	0.092655367	0.065634348	1064316
KOD03_076	0.106616325	0.021291571	2305672
KOD03_077	0.1	0.042759106	1722277
KOD03_078	0.105635047	0.003871195	5446567
KOD03_079	0.095535376	0.06985747	1019426
KOD03_080	0.101048618	0.077071969	938589
KOD03_081	0.109187279	0.004047158	4371260
KOD03_082	0.106100796	0.004926975	3611611
KOD03_083	0.097992701	0.03572057	1744057
KOD03_084	0.109058615	0.00932606	3567750
KOD03_085	0.102440763	0.012317438	2731353
KOD03_086	0.091192661	0.040999472	925607
KOD03_088	0.092156414	0.230512053	645523
KOD03_089	0.113447606	0.004223122	3152894
KOD03_090	0.103714337	0.019355974	1947591
KOD03_091	0.079667323	0.196023227	793543
KOD03_093	0.100504323	0.023051205	1999342
KOD03_094	0.099864787	0.08903748	872727
KOD03_095	0.093005671	0.069153616	1145279
KOD03_096	0.109349955	0.011965511	2500238
KOD03_097	0.101759478	0.029913778	1222045
AD06_001	0.130792628	0.01654056	3940144
AD06_003	0.106560348	0.029033961	1411980
AD06_004	0.112676056	0.013021292	1803978
AD06_005	0.090435914	0.188632764	654749
AD06_006	0.10272962	0.045926447	1595556
AD06_007	0.109025271	0.025162766	1643190
AD06_008	0.121492007	0.00932606	3276393
AD06_009	0.105750675	0.088157663	979137
AD06_010	0.102811245	0.12370227	807241
AD06_012	0.095461979	0.139187049	966674
AD06_013	0.106347126	0.060179483	1315203
AD06_014	0.115309446	0.189688545	1261075
AD06_015	0.092716618	0.159246877	570114
AD06_016	0.093896714	0.212915714	1195799
AD06_017	0.125580564	0.014956889	4517040
AD06_018	0.111190306	0.012493401	2994936
AD06_019	0.114623739	0.092732712	1372215
AD06_020	0.127073838	0.034840753	1944788
AD06_021	0.104139834	0.043638923	1282219
AD06_023	0.104197349	0.044166813	1556284
AD06_024	0.084525644	0.200598276	487998
AD06_025	0.111131059	0.019883864	1946519
AD06_026	0.099817036	0.134436037	920444
AD06_027	0.100190235	0.167517156	989869
AD06_029	0.112281328	0.014253035	2624997
AD06_030	0.112716248	0.013373218	2681222
AD06_032	0.110969388	0.034312863	1595120
AD06_033	0.096590909	0.163821925	823197
AD06_035	0.109836947	0.017948267	2766599
AD06_036	0.117825312	0.012845328	3015665
AD06_037	0.108060404	0.102762625	2620433
AD06_038	0.107156599	0.085342249	1203097
AD06_039	0.096265918	0.18476157	1676390
AD06_040	0.10610127	0.01654056	2197139
AD06_041	0.110771993	0.019883864	2710989
AD06_042	0.100843486	0.061235263	1620324
AD06_043	0.095238095	0.183353862	764977
AD06_045	0.116522367	0.024458913	1523559
AD06_046	0.104727273	0.032201302	1549366
AD06_047	0.108766234	0.024458913	1424480
AD06_048	0.112475529	0.011261658	3103591
WC05_001	0.104170333	0.026218547	7662692
WC05_002	0.098189797	0.037656168	1442572
WC05_003	0.106702413	0.015484779	2225053
WC05_004	0.098627451	0.102586662	817391
WC05_005	0.105349345	0.032905156	1318217
WC05_006	0.10455192	0.010381841	2292565
WC05_007	0.092637055	0.120534929	730127
WC05_008	0.106934886	0.002815414	7072930
WC05_009	0.098178506	0.033960936	1816634
WC05_010	0.081998944	0.105226113	5092616
WC05_011	0.091233971	0.162942108	686236
WC05_013	0.082036461	0.208516629	692440
WC05_014	0.100827028	0.010381841	9978204
WC05_016	0.105961436	0.005278902	4403872
WC05_018	0.102423492	0.005278902	5636252
WC05_019	0.084171628	0.14288228	1128481
WC05_020	0.076233184	0.215203238	2006784
WC05_021	0.094261524	0.064754531	1344284
WC05_022	0.098653914	0.006510646	4629544
WC05_023	0.099908676	0.036600387	1789632
WC05_024	0.087507667	0.139363012	804264
WC05_025	0.097101192	0.010557804	2883685
WC05_026	0.082885037	0.116839697	1312224
WC05_027	0.098219644	0.120358965	1386324
WC05_028	0.092657343	0.194791483	969693
WC05_029	0.107471671	0.006158719	5256782
WC05_030	0.089854503	0.10505015	1029364
WC05_031	0.094761732	0.032553229	1581552
WC05_032	0.103387125	0.00774239	2964538
WC05_033	0.099552372	0.017244413	1886664
WC05_034	0.09460501	0.086749956	1500687
WC05_035	0.102284898	0.014253035	2752021
WC05_036	0.102133044	0.026570473	1170272
WC05_037	0.102723451	0.037304241	1825597
WC05_040	0.102740937	0.004926975	5216756
WC05_041	0.102121539	0.021291571	1645142
WC05_044	0.098190727	0.066338202	1840610
WC05_045	0.087073423	0.149216963	693867
WC05_046	0.093683312	0.175435509	1014209
WC05_047	0.101617888	0.032025339	1668812
WC05_048	0.094515539	0.037480204	1333334
HS04_001	0.105591168	0.011789548	2608015
HS04_002	0.102126879	0.040295619	1368395
HS04_003	0.108362989	0.011085694	2848557
HS04_004	0.096272098	0.084286468	802734
HS04_005	0.102142857	0.014604962	2052987
HS04_006	0.098715467	0.002991378	18739144
HS04_007	0.100545455	0.032201302	1068638
HS04_008	0.124022743	0.009677987	5059463
HS04_009	0.099110546	0.030617632	1820726
HS04_010	0.091119529	0.163821925	810548
HS04_011	0.082570855	0.211508006	395104
HS04_012	0.112803258	0.006334682	3106008
HS04_013	0.087522532	0.121414746	700058
HS04_014	0.106281893	0.004047158	15116792
HS04_016	0.105876125	0.002815414	7422303
HS04_017	0.105030891	0.003167341	7150744
HS04_018	0.105235232	0.005102939	4385580
HS04_019	0.100208768	0.072848847	1364464
HS04_020	0.10088968	0.011085694	3229661
HS04_021	0.10174472	0.041879289	1263617
HS04_022	0.09770318	0.004047158	4718252
HS04_023	0.103912648	0.033081119	1143836
HS04_024	0.104350966	0.02533873	1270538
HS04_025	0.10205174	0.013725145	2666335
HS04_026	0.086300543	0.125285941	619471
HS04_027	0.099095905	0.007390463	2574598
HS04_028	0.090959718	0.052085166	964718
HS04_029	0.102204053	0.010029914	3737610
HS04_030	0.088138226	0.093612529	661033
HS04_031	0.107781188	0.02533873	1414184
HS04_032	0.109325327	0.003695231	4771266
HS04_033	0.102760463	0.011965511	2473424
HS04_034	0.092572062	0.047686081	1259031
HS04_035	0.108137045	0.013901109	2040597
HS04_036	0.090151515	0.07091325	738908
HS04_037	0.103090942	0.015132852	1539882
HS04_038	0.082926829	0.170332571	469203
HS04_040	0.100794351	0.003167341	5306895
HS04_041	0.099946072	0.021115608	1372457
HS04_042	0.091739627	0.075488298	1227721
HS04_043	0.072925398	0.160302657	411829
HS04_044	0.102168847	0.018300194	2120640
HS04_045	0.098219203	0.041527362	1026754
HS04_046	0.104413348	0.019180011	1561409
HS04_047	0.101245552	0.011085694	2658942
HS04_048	0.096122923	0.015132852	1422816
PS12_001	0.098304473	0.024458913	1605297
PS12_002	0.100636206	0.087277846	771052
PS12_003	0.100106686	0.010381841	2781692
PS12_004	0.075414781	0.183353862	603421
PS12_005	0.103485064	0.010381841	2069564
PS12_006	0.102260685	0.003695231	4273002
PS12_007	0.105705018	0.077775823	848249
PS12_008	0.102821869	0.002287524	8669070
PS12_009	0.093290614	0.066338202	961705
PS12_010	0.088101161	0.15115256	810928
PS12_011	0.089271255	0.130740806	656926
PS12_012	0.102314897	0.004223122	4303059
PS12_013	0.090568862	0.059651592	977248
PS12_014	0.155396967	0.013725145	3300427
PS12_015	0.156061145	0.010029914	6574954
PS12_016	0.109538135	0.005630829	5003478
PS12_017	0.110248721	0.002463488	11547630
PS12_018	0.097647267	0.005278902	3894730
PS12_019	0.097003155	0.107513637	1290872
PS12_020	0.103820304	0.005102939	3842374
PS12_021	0.101217518	0.031673412	1658468
PS12_022	0.102564103	0.004926975	5853349
PS12_023	0.08443327	0.160126694	737667
PS12_024	0.106041704	0.012669365	2827663
PS12_025	0.110381544	0.008446243	3645656
PS12_026	0.097341888	0.040119655	1070992
PS12_027	0.104748355	0.010557804	2272677
PS12_028	0.093784278	0.037480204	1251578
PS12_029	0.114777364	0.008094316	2897550
PS12_030	0.093797277	0.069505543	740088
PS12_031	0.107594937	0.0269224	1362817
PS12_032	0.108910891	0.004751012	3660939
PS12_033	0.102790279	0.022523315	1338989
PS12_034	0.099687328	0.043286996	1256595
PS12_035	0.106028369	0.007566426	3135305
PS12_036	0.100250179	0.015308816	1811789
PS12_037	0.10067712	0.012493401	1853265
PS12_038	0.090137039	0.088333627	651987
PS12_039	0.084525939	0.213091677	468287
PS12_040	0.102790533	0.003695231	6409221
PS12_041	0.116955893	0.026570473	1468174
PS12_042	0.087679202	0.153088158	691730
PS12_044	0.093624038	0.039591765	1635103
PS12_045	0.097284226	0.054020764	927996
PS12_046	0.099554764	0.011965511	2005891
PS12_047	0.100658012	0.010557804	1988791
PS12_048	0.10628796	0.014956889	1394304
GS13_001	0.106352858	0.005630829	3773236
GS13_002	0.096942095	0.188632764	469034
GS13_003	0.104441554	0.053140947	1264331
GS13_004	0.101425325	0.148161182	708024
GS13_005	0.112122835	0.014428999	3021100
GS13_006	0.11136891	0.014077072	3567637
GS13_007	0.086645469	0.114552173	491356
GS13_008	0.107455748	0.015836706	2249366
GS13_009	0.088509317	0.206756995	461197
GS13_010	0.096820809	0.147633292	670218
GS13_011	0.101220388	0.019531937	1876058
GS13_012	0.11651002	0.00774239	3455079
GS13_013	0.099555061	0.050853422	1644276
GS13_014	0.107828656	0.046982228	1213603
GS13_015	0.104337632	0.099419321	777601
GS13_016	0.105770949	0.015132852	2607910
GS13_017	0.102867384	0.01812423	2044991
PWS12_001	0.107338638	0.004926975	5998582
PWS12_002	0.111935028	0.003343305	9378203
PWS12_003	0.105196221	0.031497449	1247166
PWS12_004	0.099124844	0.014780926	2680460
PWS12_005	0.109794908	0.004751012	7552752
PWS12_006	0.10576583	0.005102939	3488388
PWS12_007	0.101546488	0.055604434	1003068
PWS12_008	0.106787491	0.009677987	5251772
PWS12_009	0.113994273	0.016716523	2183710
PWS12_010	0.10777915	0.002463488	8108290
PWS12_011	0.106006435	0.015660743	2214812
PWS12_012	0.09887218	0.063874714	975189
PWS12_013	0.107296137	0.016012669	2502269
PWS12_014	0.110561639	0.003695231	8663133
PWS12_015	0.108483755	0.025162766	1500126
PWS12_016	0.114544486	0.009150097	2557222
PWS12_017	0.115635466	0.001759634	10888080
PWS12_018	0.113227894	0.020939645	2092297
PWS12_019	0.106382979	0.024106986	1444029
PWS12_020	0.109921485	0.013901109	3715732
PWS12_021	0.112126097	0.01759634	2256345
PWS12_022	0.113758509	0.017772303	2772485
PWS12_023	0.111090776	0.038535985	1094121
PWS12_025	0.106363961	0.015660743	1916026
PWS12_031	0.108431583	0.014956889	3114326
PWS12_033	0.109537469	0.018476157	2732203
PWS12_041	0.107760928	0.013725145	3365303
PWS12_054	0.110030073	0.005278902	8204692
PWS12_055	0.098525989	0.092732712	1319639
PWS12_056	0.093028096	0.154495865	650297
PWS12_057	0.099946072	0.021115608	1666453
PWS12_063	0.107011747	0.041351399	1976465
PWS12_064	0.097009346	0.058595812	919152
PWS12_066	0.106367841	0.010733767	4875086
PWS12_069	0.095767575	0.018828084	1900345
PWS12_075	0.138199858	0.006862573	6835069
PWS12_076	0.099509989	0.066338202	1286500
PWS12_077	0.107129931	0.027626254	2041921
PWS12_079	0.113177471	0.006510646	4039596
PWS12_094	0.112784651	0.01865212	1934546
PWS12_095	0.108392857	0.014604962	1954679
PWS12_096	0.112325331	0.017772303	2061333
PWS12_097	0.10614627	0.03519268	1264944
PWS12_131	0.108668454	0.015484779	3358162
PWS12_132	0.098448467	0.047334154	1384588
PWS12_133	0.101112817	0.082878761	982504
PWS12_134	0.096803323	0.025690656	1533532
UP03_009	0.116312568	0.022699279	1732014
UP03_017	0.121162281	0.037128277	1435570
UP03_025	0.118592058	0.025162766	1598862
UP03_033	0.092577813	0.118071441	828412
UP03_041	0.108672377	0.013901109	2259099
UP03_002	0.10648855	0.077951786	819538
UP03_010	0.111683239	0.008974133	3383723
UP03_018	0.12885954	0.014077072	2644302
UP03_042	0.108234853	0.061939117	1066188
UP03_003	0.108707218	0.00774239	2649967
UP03_011	0.123382379	0.007390463	10007580
UP03_019	0.115647482	0.021643498	3390043
UP03_027	0.10281079	0.067218019	1344496
UP03_035	0.105776173	0.025162766	1501654
UP03_043	0.114430563	0.028154144	1544799
UP03_004	0.109747421	0.010733767	2337628
UP03_012	0.101279707	0.037480204	2539470
UP03_020	0.106232558	0.054196727	998047
UP03_028	0.106629943	0.10557804	1147545
UP03_036	0.113507779	0.004751012	5167844
UP03_044	0.148860399	0.011789548	5182015
UP03_005	0.110949964	0.029385888	1572817
UP03_013	0.115234375	0.008974133	3682096
UP03_021	0.108909123	0.014428999	2965396
UP03_029	0.110616316	0.012141475	5236518
UP03_037	0.105205479	0.036600387	1803496
UP03_045	0.128076163	0.020411754	1508903
UP03_022	0.106860632	0.020235791	2163338
UP03_030	0.117105961	0.005278902	6731002
UP03_038	0.107522936	0.040999472	1331632
UP03_046	0.108680185	0.010733767	2671751
UP03_007	0.100110416	0.043814887	987402
UP03_015	0.100985222	0.071265177	686368
UP03_023	0.099383388	0.029737815	1569600
UP03_047	0.108117881	0.026746437	1167920
UP03_008	0.105150977	0.00932606	2908008
UP03_016	0.105443548	0.127221538	966256
UP03_024	0.086305592	0.200774239	463359
UP03_032	0.111070582	0.03519268	968928
UP03_040	0.113733906	0.016012669	2498652
UP03_048	0.105263158	0.023755059	1488723
UP03_034	0.082174908	0.153967975	3783856