Locus	LG	Position	C.Position
20	LG01	8417786	8417786
126	LG01	26277273	26277273
253	LG01	13663746	13663746
669	LG01	12788651	12788651
765	LG01	16350985	16350985
1037	LG01	22314645	22314645
1176	LG01	13275503	13275503
1275	LG01	19119404	19119404
1393	LG01	9598261	9598261
1617	LG01	3728784	3728784
1713	LG01	9493971	9493971
1932	LG01	17764204	17764204
2362	LG01	13543511	13543511
2672	LG01	26278837	26278837
2780	LG01	11869646	11869646
2866	LG01	23087036	23087036
2874	LG01	21713494	21713494
2973	LG01	27732633	27732633
2990	LG01	17231504	17231504
3096	LG01	1380478	1380478
3147	LG01	9089476	9089476
3464	LG01	2734393	2734393
3470	LG01	24875903	24875903
3630	LG01	28032467	28032467
3794	LG01	17891914	17891914
3917	LG01	2734304	2734304
4001	LG01	16539719	16539719
4003	LG01	24038892	24038892
4103	LG01	19759592	19759592
4293	LG01	950746	950746
4365	LG01	18164746	18164746
4494	LG01	9685227	9685227
4794	LG01	17737464	17737464
5023	LG01	214443	214443
5062	LG01	2507022	2507022
5100	LG01	19851781	19851781
5237	LG01	19664836	19664836
5285	LG01	3925470	3925470
5482	LG01	9010262	9010262
5569	LG01	23205145	23205145
5894	LG01	5179409	5179409
6077	LG01	16099585	16099585
6118	LG01	7928342	7928342
6225	LG01	17343059	17343059
6409	LG01	4436885	4436885
6410	LG01	26825592	26825592
6687	LG01	19131955	19131955
7275	LG01	22595118	22595118
7545	LG01	9399694	9399694
7573	LG01	13566886	13566886
7671	LG01	15937558	15937558
7793	LG01	14654622	14654622
8242	LG01	7621451	7621451
8568	LG01	14990824	14990824
8789	LG01	11152405	11152405
9000	LG01	20164805	20164805
9305	LG01	16799615	16799615
9421	LG01	24972595	24972595
9454	LG01	20940596	20940596
9456	LG01	12895039	12895039
9559	LG01	16809414	16809414
9596	LG01	11383360	11383360
9625	LG01	23464462	23464462
9870	LG01	25537657	25537657
9926	LG01	23296870	23296870
9965	LG01	22419167	22419167
9971	LG01	20704098	20704098
9996	LG01	26278925	26278925
10466	LG01	25246286	25246286
10524	LG01	15222575	15222575
10680	LG01	16535358	16535358
11115	LG01	9595976	9595976
11437	LG01	4662599	4662599
11504	LG01	24263046	24263046
11711	LG01	14052789	14052789
12001	LG01	15477998	15477998
12082	LG01	19122718	19122718
12205	LG01	144969	144969
12480	LG01	907791	907791
12771	LG01	7923920	7923920
12877	LG01	22265414	22265414
12917	LG01	9329019	9329019
13041	LG01	10868696	10868696
13142	LG01	8383158	8383158
13275	LG01	23209262	23209262
13486	LG01	3357702	3357702
13506	LG01	12222620	12222620
13536	LG01	5711276	5711276
14226	LG01	4712996	4712996
14329	LG01	5404659	5404659
14379	LG01	3282792	3282792
14461	LG01	15523673	15523673
14631	LG01	11501011	11501011
14720	LG01	14360204	14360204
14875	LG01	10197087	10197087
15037	LG01	13433828	13433828
15053	LG01	16100804	16100804
15101	LG01	12649995	12649995
15232	LG01	1020445	1020445
15240	LG01	7286931	7286931
15393	LG01	20244563	20244563
15443	LG01	20190362	20190362
15542	LG01	15459652	15459652
15543	LG01	3923225	3923225
15675	LG01	8990063	8990063
15825	LG01	15865506	15865506
15925	LG01	26825871	26825871
16039	LG01	3360383	3360383
16040	LG01	214355	214355
16074	LG01	4167803	4167803
16209	LG01	6164035	6164035
16291	LG01	14215233	14215233
16522	LG01	16029166	16029166
16630	LG01	1729054	1729054
16955	LG01	4680553	4680553
17183	LG01	14174929	14174929
17342	LG01	13165795	13165795
17389	LG01	7446313	7446313
17561	LG01	11481567	11481567
17825	LG01	6887258	6887258
17920	LG01	4183466	4183466
18308	LG01	22419255	22419255
18309	LG01	4438940	4438940
18436	LG01	17564712	17564712
18954	LG01	13155892	13155892
19340	LG01	25547121	25547121
19716	LG01	13543599	13543599
20154	LG01	19065023	19065023
20195	LG01	4436797	4436797
20222	LG01	15949701	15949701
20245	LG01	14915282	14915282
20437	LG01	8869410	8869410
20457	LG01	21157641	21157641
20511	LG01	27684673	27684673
20559	LG01	8160450	8160450
20794	LG01	6675702	6675702
20926	LG01	19851693	19851693
21801	LG01	3842286	3842286
21843	LG01	14174841	14174841
22411	LG01	27524858	27524858
22437	LG01	6834192	6834192
22550	LG01	14185276	14185276
22557	LG01	6249994	6249994
22978	LG01	11703390	11703390
23057	LG01	8762573	8762573
23449	LG01	9519370	9519370
23556	LG01	8703318	8703318
23711	LG01	14052877	14052877
24083	LG01	4439028	4439028
24324	LG01	13359280	13359280
24372	LG01	17254201	17254201
24416	LG01	12866975	12866975
24465	LG01	11562805	11562805
24546	LG01	15695766	15695766
24643	LG01	8762661	8762661
24673	LG01	12331744	12331744
24866	LG01	21344701	21344701
24874	LG01	6163947	6163947
24934	LG01	22930946	22930946
25050	LG01	6778344	6778344
25095	LG01	28089675	28089675
111	LG02	19524547	47828499
368	LG02	8817267	37121219
1855	LG02	23270633	51574585
1858	LG02	13158554	41462506
2227	LG02	1753025	30056977
3116	LG02	12426111	40730063
3172	LG02	14430240	42734192
3550	LG02	14550854	42854806
3623	LG02	12024231	40328183
3721	LG02	18900520	47204472
4789	LG02	16999398	45303350
5650	LG02	3684400	31988352
5819	LG02	2217111	30521063
5851	LG02	21921687	50225639
6156	LG02	15037451	43341403
6683	LG02	14489616	42793568
6887	LG02	11466154	39770106
6905	LG02	12664662	40968614
7132	LG02	8637797	36941749
7332	LG02	14302912	42606864
8045	LG02	18447659	46751611
8277	LG02	5947585	34251537
8778	LG02	19375815	47679767
9037	LG02	22603309	50907261
9632	LG02	6571036	34874988
9741	LG02	5980256	34284208
9869	LG02	21189459	49493411
10012	LG02	8567215	36871167
10191	LG02	5034803	33338755
11158	LG02	16095487	44399439
11273	LG02	17972205	46276157
11304	LG02	4112741	32416693
11378	LG02	7657629	35961581
12065	LG02	9912651	38216603
12161	LG02	704956	29008908
12418	LG02	14859025	43162977
12434	LG02	18018124	46322076
12517	LG02	21189371	49493323
12739	LG02	12116786	40420738
13038	LG02	5142106	33446058
13362	LG02	23374742	51678694
13488	LG02	20259945	48563897
14249	LG02	17331983	45635935
14890	LG02	3068799	31372751
15109	LG02	16919317	45223269
16006	LG02	21973340	50277292
16683	LG02	5502143	33806095
17332	LG02	12300457	40604409
17391	LG02	19424468	47728420
17606	LG02	4524449	32828401
17978	LG02	18279914	46583866
17985	LG02	19239438	47543390
18002	LG02	5475402	33779354
18049	LG02	15045848	43349800
18197	LG02	16980393	45284345
18561	LG02	479150	28783102
18582	LG02	21499796	49803748
19126	LG02	11403166	39707118
19598	LG02	20048778	48352730
19616	LG02	3134816	31438768
19750	LG02	6566985	34870937
20516	LG02	20985519	49289471
20552	LG02	7704733	36008685
20570	LG02	3848141	32152093
20572	LG02	19225999	47529951
21078	LG02	22029483	50333435
21678	LG02	19100209	47404161
22330	LG02	1459777	29763729
22340	LG02	19082581	47386533
22508	LG02	19309451	47613403
22699	LG02	13825179	42129131
23112	LG02	19178339	47482291
23617	LG02	22626275	50930227
23926	LG02	16657950	44961902
24099	LG02	13321868	41625820
24101	LG02	21722681	50026633
24102	LG02	20941121	49245073
24148	LG02	9902304	38206256
24399	LG02	10882413	39186365
24967	LG02	6619063	34923015
101	LG03	20685759	73044117
169	LG03	15330761	67689119
402	LG03	8465112	60823470
481	LG03	26628801	78987159
859	LG03	17266739	69625097
1075	LG03	20702986	73061344
1085	LG03	9056737	61415095
1287	LG03	7081654	59440012
1293	LG03	16152548	68510906
1420	LG03	1176528	53534886
1995	LG03	20433399	72791757
2371	LG03	8761931	61120289
2549	LG03	18928852	71287210
2647	LG03	8603218	60961576
2995	LG03	20582299	72940657
3004	LG03	16947961	69306319
3035	LG03	3826569	56184927
3761	LG03	20306369	72664727
4002	LG03	8053673	60412031
4025	LG03	24223878	76582236
4547	LG03	27350741	79709099
4747	LG03	27467753	79826111
4815	LG03	12288968	64647326
4832	LG03	525362	52883720
4863	LG03	27837891	80196249
4918	LG03	28992011	81350369
5293	LG03	7267492	59625850
5479	LG03	28918553	81276911
5804	LG03	27076011	79434369
6147	LG03	2759270	55117628
6429	LG03	23213450	75571808
6431	LG03	8422729	60781087
6561	LG03	8095778	60454136
6768	LG03	22113564	74471922
6971	LG03	2817594	55175952
7055	LG03	7555515	59913873
7164	LG03	20693275	73051633
7327	LG03	7200162	59558520
7485	LG03	10832030	63190388
7715	LG03	14049056	66407414
7975	LG03	8603130	60961488
8008	LG03	16558526	68916884
8375	LG03	11594755	63953113
8666	LG03	10413018	62771376
9043	LG03	19476998	71835356
9704	LG03	24677592	77035950
9864	LG03	22541811	74900169
9983	LG03	9887414	62245772
10063	LG03	6310553	58668911
10413	LG03	19637006	71995364
11001	LG03	14489701	66848059
11162	LG03	25703336	78061694
11377	LG03	22091321	74449679
11905	LG03	970105	53328463
12190	LG03	15406459	67764817
12579	LG03	5782208	58140566
12623	LG03	23860880	76219238
12641	LG03	5337885	57696243
12881	LG03	22108213	74466571
12892	LG03	714072	53072430
13591	LG03	19343259	71701617
13796	LG03	5379523	57737881
14432	LG03	10654173	63012531
14459	LG03	28067721	80426079
14595	LG03	27423553	79781911
14915	LG03	7800068	60158426
15069	LG03	20311656	72670014
15150	LG03	7669281	60027639
15290	LG03	7794247	60152605
15386	LG03	11769363	64127721
15442	LG03	23446575	75804933
15903	LG03	7655613	60013971
15927	LG03	29283876	81642234
15965	LG03	7238280	59596638
16089	LG03	6574564	58932922
16127	LG03	5549836	57908194
16179	LG03	27266677	79625035
16262	LG03	11326896	63685254
16706	LG03	8053761	60412119
17132	LG03	11263632	63621990
17134	LG03	14854029	67212387
17580	LG03	5317343	57675701
17745	LG03	6291658	58650016
18287	LG03	6394974	58753332
18415	LG03	27141255	79499613
18535	LG03	23373618	75731976
18625	LG03	17142800	69501158
18937	LG03	11600893	63959251
19010	LG03	13024108	65382466
19081	LG03	7238162	59596520
19255	LG03	19837223	72195581
19329	LG03	24955295	77313653
19425	LG03	10767687	63126045
19441	LG03	5484346	57842704
20130	LG03	22446759	74805117
20148	LG03	28122202	80480560
20484	LG03	3789505	56147863
20490	LG03	25668424	78026782
20898	LG03	6721773	59080131
21046	LG03	18033092	70391450
21613	LG03	7275254	59633612
22270	LG03	2331790	54690148
22404	LG03	17122075	69480433
22447	LG03	12068674	64427032
22895	LG03	24988455	77346813
23276	LG03	11572191	63930549
23508	LG03	2759358	55117716
23591	LG03	23913948	76272306
23703	LG03	20880357	73238715
23732	LG03	18399324	70757682
23967	LG03	20590982	72949340
24194	LG03	23926965	76285323
24203	LG03	16651829	69010187
24223	LG03	20683932	73042290
24288	LG03	788105	53146463
24370	LG03	10352186	62710544
24712	LG03	16739655	69098013
25164	LG03	21493309	73851667
18	LG04	17492843	99302256
164	LG04	20273388	102082801
221	LG04	1318919	83128332
1091	LG04	987643	82797056
1122	LG04	16838600	98648013
1162	LG04	31408269	113217682
1392	LG04	31306420	113115833
1929	LG04	20273300	102082713
2010	LG04	2875965	84685378
2154	LG04	24968352	106777765
2176	LG04	18406174	100215587
2253	LG04	29344460	111153873
2621	LG04	378962	82188375
4013	LG04	33514896	115324309
4212	LG04	33598863	115408276
4230	LG04	23389886	105199299
4898	LG04	30578438	112387851
4998	LG04	29833176	111642589
5109	LG04	27524826	109334239
5171	LG04	27557653	109367066
5520	LG04	18708578	100517991
5593	LG04	32604286	114413699
5746	LG04	28800174	110609587
5824	LG04	9835263	91644676
6259	LG04	26274693	108084106
6336	LG04	22391945	104201358
6361	LG04	30932637	112742050
6519	LG04	18598746	100408159
6522	LG04	23060319	104869732
6724	LG04	12927236	94736649
6995	LG04	11127341	92936754
7074	LG04	1318831	83128244
7139	LG04	26379247	108188660
7399	LG04	4348381	86157794
7598	LG04	26623344	108432757
7643	LG04	27733899	109543312
7962	LG04	22010636	103820049
7965	LG04	10785649	92595062
8018	LG04	18659305	100468718
8499	LG04	23394825	105204238
8910	LG04	27733987	109543400
9308	LG04	32661853	114471266
9665	LG04	26146674	107956087
9714	LG04	15238228	97047641
9776	LG04	1846805	83656218
9840	LG04	3791168	85600581
9850	LG04	4223942	86033355
10028	LG04	27899953	109709366
10136	LG04	19736434	101545847
10495	LG04	30851725	112661138
10585	LG04	22250919	104060332
10706	LG04	9581815	91391228
10857	LG04	19775761	101585174
11240	LG04	19204065	101013478
11371	LG04	397181	82206594
12352	LG04	25253747	107063160
12804	LG04	837997	82647410
13278	LG04	8519373	90328786
13443	LG04	13609177	95418590
13745	LG04	9931089	91740502
13927	LG04	4562289	86371702
14472	LG04	30956502	112765915
15636	LG04	19538551	101347964
15799	LG04	13337940	95147353
15910	LG04	17189095	98998508
16212	LG04	22949444	104758857
16474	LG04	14767734	96577147
16620	LG04	18616085	100425498
16678	LG04	21931509	103740922
16800	LG04	17712984	99522397
17085	LG04	17429376	99238789
17357	LG04	18182664	99992077
17909	LG04	27400513	109209926
18193	LG04	26465366	108274779
18508	LG04	20070601	101880014
18648	LG04	19725566	101534979
19756	LG04	17689844	99499257
19863	LG04	29592965	111402378
20026	LG04	23683586	105492999
20158	LG04	25712430	107521843
20255	LG04	17092539	98901952
20354	LG04	25968078	107777491
20413	LG04	22474367	104283780
21339	LG04	10785561	92594974
22034	LG04	23376531	105185944
22387	LG04	15238316	97047729
22434	LG04	15803099	97612512
22705	LG04	17429463	99238876
22930	LG04	34615017	116424430
23079	LG04	21683194	103492607
23191	LG04	19725654	101535067
23705	LG04	30578350	112387763
23824	LG04	1450506	83259919
23845	LG04	17671956	99481369
23884	LG04	20800759	102610172
23964	LG04	29517813	111327226
23999	LG04	26670688	108480101
24621	LG04	7835287	89644700
24642	LG04	29224003	111033416
25012	LG04	13867153	95676566
25151	LG04	33904455	115713868
589	LG05	2535105	119149840
1362	LG05	11738400	128353135
1968	LG05	10680722	127295457
1981	LG05	3174038	119788773
2046	LG05	11189734	127804469
2934	LG05	19374392	135989127
3217	LG05	1699089	118313824
3332	LG05	10227092	126841827
3934	LG05	13727188	130341923
4071	LG05	10063762	126678497
4255	LG05	19773629	136388364
4484	LG05	3970822	120585557
4613	LG05	23973460	140588195
4644	LG05	11293151	127907886
4761	LG05	10222929	126837664
4818	LG05	13382747	129997482
4868	LG05	9883509	126498244
5008	LG05	19790330	136405065
5071	LG05	2633866	119248601
5427	LG05	18739983	135354718
5469	LG05	21906804	138521539
5481	LG05	5118361	121733096
5600	LG05	20613309	137228044
5624	LG05	3688022	120302757
5775	LG05	19917386	136532121
6124	LG05	14374414	130989149
6281	LG05	13987325	130602060
6373	LG05	21283225	137897960
6475	LG05	21055047	137669782
6807	LG05	9917870	126532605
6944	LG05	18764110	135378845
7494	LG05	13987237	130601972
7532	LG05	17898748	134513483
7739	LG05	6441228	123055963
7922	LG05	20956146	137570881
8027	LG05	11481749	128096484
8058	LG05	21116866	137731601
8079	LG05	5792527	122407262
8098	LG05	7346643	123961378
8119	LG05	15521040	132135775
8820	LG05	23467616	140082351
9174	LG05	21240325	137855060
9280	LG05	12095423	128710158
9500	LG05	10954817	127569552
10024	LG05	2172020	118786755
10153	LG05	17965979	134580714
10429	LG05	2555026	119169761
10488	LG05	5151374	121766109
10838	LG05	17222349	133837084
10882	LG05	11668653	128283388
11191	LG05	20436363	137051098
11509	LG05	3589620	120204355
11717	LG05	22040377	138655112
11738	LG05	17317386	133932121
12116	LG05	5496922	122111657
12337	LG05	17283576	133898311
12670	LG05	11651084	128265819
13066	LG05	10679060	127293795
13081	LG05	12942571	129557306
13100	LG05	5100690	121715425
13258	LG05	23305723	139920458
13345	LG05	63205	116677940
13846	LG05	14410779	131025514
13902	LG05	5860607	122475342
14489	LG05	6441140	123055875
14897	LG05	21210136	137824871
15139	LG05	21923875	138538610
15300	LG05	13640918	130255653
15382	LG05	11546705	128161440
15494	LG05	18979819	135594554
15986	LG05	11755143	128369878
17173	LG05	9941308	126556043
17328	LG05	11002377	127617112
17683	LG05	12036263	128650998
17718	LG05	21496059	138110794
17737	LG05	11138867	127753602
17738	LG05	23403828	140018563
18637	LG05	21652083	138266818
18906	LG05	9579838	126194573
18925	LG05	11763208	128377943
18961	LG05	17939989	134554724
18975	LG05	2579067	119193802
19118	LG05	14061436	130676171
20042	LG05	12599556	129214291
20048	LG05	14614304	131229039
20144	LG05	14401240	131015975
20425	LG05	6497308	123112043
20744	LG05	23975122	140589857
20786	LG05	17675806	134290541
20952	LG05	14175080	130789815
21290	LG05	16180064	132794799
21572	LG05	4258516	120873251
21641	LG05	2417332	119032067
21649	LG05	13154753	129769488
22425	LG05	13640830	130255565
22431	LG05	10067172	126681907
22608	LG05	3283415	119898150
22739	LG05	11633495	128248230
23337	LG05	20278724	136893459
24009	LG05	12735878	129350613
24409	LG05	14290735	130905470
24504	LG05	11587563	128202298
24562	LG05	23204546	139819281
24920	LG05	19158882	135773617
24990	LG05	20206853	136821588
36	LG06	19545065	160233855
248	LG06	10068536	150757326
381	LG06	10890799	151579589
715	LG06	3477399	144166189
733	LG06	18660007	159348797
1054	LG06	19898749	160587539
1083	LG06	14627239	155316029
1281	LG06	16464160	157152950
1586	LG06	12783504	153472294
1618	LG06	11739101	152427891
1852	LG06	15446352	156135142
2331	LG06	15803151	156491941
2522	LG06	8028686	148717476
2847	LG06	12993351	153682141
2936	LG06	24359660	165048450
3109	LG06	23167696	163856486
3254	LG06	24218085	164906875
3690	LG06	5572528	146261318
3692	LG06	13048766	153737556
3806	LG06	10890711	151579501
3887	LG06	14278663	154967453
3940	LG06	7867156	148555946
4183	LG06	18511427	159200217
4398	LG06	18998161	159686951
4452	LG06	12297808	152986598
5232	LG06	19843692	160532482
5576	LG06	7858844	148547634
5770	LG06	9501622	150190412
6157	LG06	14713694	155402484
6260	LG06	5630445	146319235
6625	LG06	11463992	152152782
6652	LG06	16314186	157002976
6833	LG06	8602962	149291752
7222	LG06	11943557	152632347
7228	LG06	16749559	157438349
7391	LG06	22765329	163454119
7452	LG06	22290578	162979368
7713	LG06	6229137	146917927
7726	LG06	14765352	155454142
7915	LG06	1682281	142371071
8016	LG06	11515636	152204426
8182	LG06	20025483	160714273
8465	LG06	22765417	163454207
8574	LG06	16214891	156903681
8872	LG06	12940079	153628869
9135	LG06	12182054	152870844
9582	LG06	16749471	157438261
9765	LG06	9501710	150190500
9967	LG06	5507919	146196709
10117	LG06	4090233	144779023
10178	LG06	11324595	152013385
10584	LG06	24235014	164923804
10823	LG06	3377386	144066176
10945	LG06	13049243	153738033
10955	LG06	3757008	144445798
11395	LG06	20300416	160989206
11663	LG06	6786952	147475742
11733	LG06	16479887	157168677
11853	LG06	5224140	145912930
12123	LG06	1575634	142264424
12220	LG06	23763699	164452489
12288	LG06	18486795	159175585
12439	LG06	22196497	162885287
12467	LG06	19011233	159700023
12477	LG06	6779590	147468380
12587	LG06	17333810	158022600
12701	LG06	653437	141342227
12746	LG06	5825278	146514068
12963	LG06	4294118	144982908
13308	LG06	6089527	146778317
13341	LG06	10553940	151242730
13547	LG06	17746245	158435035
13627	LG06	3338770	144027560
13829	LG06	3570789	144259579
13917	LG06	6569806	147258596
14022	LG06	7169083	147857873
14176	LG06	9604337	150293127
14285	LG06	20325025	161013815
14298	LG06	2745165	143433955
14572	LG06	3819643	144508433
14955	LG06	4090145	144778935
15549	LG06	22868996	163557786
15573	LG06	6638277	147327067
16504	LG06	23022030	163710820
17009	LG06	16861962	157550752
17139	LG06	6638189	147326979
17319	LG06	6641359	147330149
17347	LG06	1844542	142533332
17525	LG06	11739189	152427979
17557	LG06	3360539	144049329
17817	LG06	11955279	152644069
18159	LG06	23485475	164174265
18743	LG06	7692783	148381573
19466	LG06	22609209	163297999
19551	LG06	5223455	145912245
19990	LG06	10021608	150710398
20101	LG06	7734851	148423641
20153	LG06	9913232	150602022
20402	LG06	24374929	165063719
20590	LG06	7818590	148507380
20756	LG06	3568242	144257032
20867	LG06	15224176	155912966
21453	LG06	6580009	147268799
21643	LG06	3660867	144349657
22020	LG06	13229716	153918506
22208	LG06	4566002	145254792
22783	LG06	17151219	157840009
22921	LG06	9693517	150382307
23232	LG06	5400756	146089546
23587	LG06	24168683	164857473
23612	LG06	20772659	161461449
23638	LG06	20146836	160835626
23650	LG06	17098228	157787018
23788	LG06	19578433	160267223
24011	LG06	15433561	156122351
24028	LG06	10474106	151162896
24126	LG06	2155760	142844550
24359	LG06	7772098	148460888
24394	LG06	6040318	146729108
24868	LG06	17520164	158208954
24876	LG06	3270632	143959422
25211	LG06	6700502	147389292
63	LG07	8250504	174403914
851	LG07	6601613	172755023
1069	LG07	8185870	174339280
1258	LG07	27182155	193335565
2069	LG07	17433168	183586578
2520	LG07	12362085	178515495
2722	LG07	15353768	181507178
2735	LG07	13236326	179389736
2830	LG07	23332711	189486121
3111	LG07	16957862	183111272
3195	LG07	13297888	179451298
3284	LG07	9539930	175693340
3798	LG07	23461249	189614659
3860	LG07	15321950	181475360
3957	LG07	823426	166976836
4472	LG07	806594	166960004
4514	LG07	27682138	193835548
4637	LG07	15411923	181565333
4660	LG07	15879034	182032444
4681	LG07	23084471	189237881
4856	LG07	20645188	186798598
5031	LG07	12728851	178882261
5760	LG07	19207230	185360640
5953	LG07	14745545	180898955
6199	LG07	10968340	177121750
6665	LG07	10278971	176432381
6697	LG07	16303464	182456874
7171	LG07	16286288	182439698
7395	LG07	30555580	196708990
7763	LG07	7478136	173631546
7875	LG07	11452690	177606100
8100	LG07	11428517	177581927
8719	LG07	10263395	176416805
8890	LG07	6489881	172643291
8898	LG07	9012236	175165646
9041	LG07	12528497	178681907
9164	LG07	16991607	183145017
9362	LG07	3546992	169700402
9664	LG07	2897347	169050757
9800	LG07	21196530	187349940
10210	LG07	8879525	175032935
10215	LG07	11803415	177956825
10285	LG07	14894969	181048379
10589	LG07	24601198	190754608
11149	LG07	14869558	181022968
11176	LG07	27362617	193516027
11406	LG07	27267119	193420529
11500	LG07	22421100	188574510
11566	LG07	28941938	195095348
11760	LG07	9519203	175672613
11817	LG07	8208238	174361648
11860	LG07	24334636	190488046
11902	LG07	22046260	188199670
11997	LG07	11912940	178066350
12299	LG07	26908342	193061752
12394	LG07	27314143	193467553
12406	LG07	26600311	192753721
12524	LG07	11776764	177930174
12578	LG07	10968252	177121662
12946	LG07	26921264	193074674
12962	LG07	20991578	187144988
13556	LG07	545999	166699409
13732	LG07	4878672	171032082
13935	LG07	20916719	187070129
14207	LG07	18036273	184189683
14229	LG07	17194590	183348000
14474	LG07	17381364	183534774
14607	LG07	30202882	196356292
14667	LG07	9537995	175691405
14917	LG07	4571859	170725269
14978	LG07	12668629	178822039
15536	LG07	5891920	172045330
15645	LG07	21003278	187156688
15934	LG07	11782849	177936259
16062	LG07	12076536	178229946
16168	LG07	23331870	189485280
16218	LG07	16069098	182222508
16410	LG07	6570170	172723580
16425	LG07	27583603	193737013
16573	LG07	1633397	167786807
16718	LG07	27965978	194119388
17036	LG07	16603045	182756455
17133	LG07	9549553	175702963
17141	LG07	16146679	182300089
17216	LG07	29626247	195779657
17631	LG07	17895354	184048764
17835	LG07	9383414	175536824
17927	LG07	30249224	196402634
17993	LG07	28876115	195029525
18517	LG07	16558501	182711911
18721	LG07	21111562	187264972
19020	LG07	27371063	193524473
19107	LG07	25260051	191413461
19353	LG07	5397635	171551045
19520	LG07	29868988	196022398
19575	LG07	8476389	174629799
19685	LG07	28686518	194839928
19785	LG07	19665494	185818904
19904	LG07	18504536	184657946
19966	LG07	11913028	178066438
20197	LG07	21773059	187926469
20431	LG07	10311245	176464655
20656	LG07	12878857	179032267
20662	LG07	11931427	178084837
21249	LG07	438846	166592256
21874	LG07	15564103	181717513
21934	LG07	18657038	184810448
22675	LG07	29181565	195334975
22729	LG07	24533275	190686685
22937	LG07	23094487	189247897
22967	LG07	27010681	193164091
23190	LG07	6942938	173096348
23248	LG07	1151010	167304420
23908	LG07	21130324	187283734
24440	LG07	18792489	184945899
24684	LG07	21989767	188143177
24999	LG07	21196618	187350028
25032	LG07	28063039	194216449
25074	LG07	30398559	196551969
45	LG08	19539446	216925733
200	LG08	1227839	198614126
256	LG08	13184454	210570741
373	LG08	21935513	219321800
500	LG08	10822707	208208994
520	LG08	8748736	206135023
528	LG08	15156053	212542340
545	LG08	10413548	207799835
943	LG08	17866162	215252449
1089	LG08	13112738	210499025
1098	LG08	13960352	211346639
1266	LG08	20768613	218154900
1693	LG08	10243819	207630106
2296	LG08	10125556	207511843
2368	LG08	26184505	223570792
2400	LG08	24451697	221837984
2408	LG08	11860507	209246794
2851	LG08	21068744	218455031
2901	LG08	8748824	206135111
2919	LG08	25669407	223055694
3193	LG08	4803505	202189792
3197	LG08	24846203	222232490
3373	LG08	8966991	206353278
3876	LG08	9741266	207127553
3919	LG08	24762772	222149059
4491	LG08	10633171	208019458
4891	LG08	15555865	212942152
5060	LG08	9590391	206976678
5389	LG08	15134147	212520434
5830	LG08	11536700	208922987
5844	LG08	9557314	206943601
6054	LG08	15301625	212687912
6229	LG08	18383781	215770068
6771	LG08	6712888	204099175
6910	LG08	14381535	211767822
7046	LG08	6188289	203574576
7058	LG08	559820	197946107
7521	LG08	388630	197774917
7865	LG08	11365031	208751318
7974	LG08	16567202	213953489
8002	LG08	7093665	204479952
8103	LG08	667242	198053529
8457	LG08	12642938	210029225
8797	LG08	26389490	223775777
8803	LG08	8178775	205565062
8993	LG08	5321989	202708276
9105	LG08	15659098	213045385
9284	LG08	17713996	215100283
9364	LG08	26716462	224102749
9679	LG08	11452987	208839274
9888	LG08	19299110	216685397
9961	LG08	6315453	203701740
10038	LG08	7161481	204547768
10061	LG08	15659186	213045473
10135	LG08	4579627	201965914
10354	LG08	2240599	199626886
10392	LG08	22476566	219862853
10401	LG08	23374487	220760774
10421	LG08	9228751	206615038
10431	LG08	10365018	207751305
10632	LG08	24314213	221700500
11132	LG08	8582009	205968296
11655	LG08	10023947	207410234
11759	LG08	18102613	215488900
12064	LG08	10043041	207429328
12207	LG08	22454411	219840698
12443	LG08	18246070	215632357
12763	LG08	14775567	212161854
13723	LG08	11504836	208891123
14015	LG08	13181421	210567708
14044	LG08	12687954	210074241
14153	LG08	1137956	198524243
14537	LG08	8319432	205705719
14689	LG08	4167743	201554030
15011	LG08	2611461	199997748
15112	LG08	8912517	206298804
15601	LG08	26153250	223539537
15748	LG08	10446991	207833278
15931	LG08	2358955	199745242
15973	LG08	4711955	202098242
16121	LG08	11993549	209379836
16134	LG08	8305901	205692188
16195	LG08	5415841	202802128
16205	LG08	23333714	220720001
16292	LG08	9791342	207177629
16942	LG08	19115287	216501574
17267	LG08	12625036	210011323
17392	LG08	19037683	216423970
17666	LG08	11504924	208891211
17856	LG08	4176493	201562780
17885	LG08	23012265	220398552
18298	LG08	17506355	214892642
18360	LG08	7605562	204991849
18889	LG08	18146524	215532811
18900	LG08	10347890	207734177
18951	LG08	19037595	216423882
19342	LG08	3742817	201129104
19415	LG08	13184542	210570829
19421	LG08	9600822	206987109
20270	LG08	17349042	214735329
20285	LG08	14206924	211593211
20530	LG08	14072527	211458814
20760	LG08	15110370	212496657
20829	LG08	11072062	208458349
20844	LG08	16812035	214198322
21092	LG08	24575790	221962077
21539	LG08	10823636	208209923
21540	LG08	6956890	204343177
21550	LG08	18772472	216158759
21886	LG08	19945320	217331607
22526	LG08	24326107	221712394
22563	LG08	11820497	209206784
22824	LG08	24757841	222144128
22900	LG08	8301243	205687530
23076	LG08	10423892	207810179
23159	LG08	24547395	221933682
23293	LG08	12844372	210230659
23395	LG08	14187546	211573833
23592	LG08	26200561	223586848
23593	LG08	11824764	209211051
24253	LG08	25535822	222922109
24384	LG08	13756394	211142681
24415	LG08	18766557	216152844
24598	LG08	25091572	222477859
24683	LG08	25350262	222736549
24839	LG08	18959095	216345382
25277	LG08	15781964	213168251
154	LG09	1586487	225769660
209	LG09	8027810	232210983
263	LG09	19977194	244160367
561	LG09	10073918	234257091
699	LG09	13604737	237787910
708	LG09	1654444	225837617
917	LG09	23966054	248149227
986	LG09	18413149	242596322
989	LG09	193692	224376865
1018	LG09	14755994	238939167
1040	LG09	7438826	231621999
1047	LG09	6946806	231129979
1311	LG09	12622187	236805360
1417	LG09	2358155	226541328
1504	LG09	6084778	230267951
1582	LG09	16940306	241123479
1794	LG09	24143400	248326573
2034	LG09	7118208	231301381
2041	LG09	13958070	238141243
2360	LG09	14623195	238806368
3651	LG09	1872590	226055763
3948	LG09	5671531	229854704
4370	LG09	18892407	243075580
4459	LG09	19494289	243677462
4617	LG09	16838649	241021822
4667	LG09	21626256	245809429
4702	LG09	9449210	233632383
5685	LG09	4495270	228678443
6099	LG09	6849550	231032723
6371	LG09	12563605	236746778
7007	LG09	23336651	247519824
7013	LG09	20831066	245014239
7104	LG09	11767651	235950824
7109	LG09	5317086	229500259
7128	LG09	1204897	225388070
7357	LG09	3905299	228088472
7880	LG09	21400794	245583967
7902	LG09	7623356	231806529
7916	LG09	13322211	237505384
8124	LG09	23766555	247949728
8353	LG09	10677285	234860458
8819	LG09	10907105	235090278
9066	LG09	11242786	235425959
9077	LG09	5295753	229478926
9576	LG09	10727534	234910707
9611	LG09	16641125	240824298
9668	LG09	15119144	239302317
10172	LG09	3075444	227258617
10198	LG09	13840201	238023374
10336	LG09	17620926	241804099
11088	LG09	13625473	237808646
11691	LG09	8580099	232763272
11848	LG09	11140996	235324169
11929	LG09	24360567	248543740
12197	LG09	20932000	245115173
12516	LG09	20438490	244621663
12566	LG09	2484464	226667637
12713	LG09	10266318	234449491
12728	LG09	21667850	245851023
12803	LG09	6289788	230472961
12990	LG09	7893287	232076460
13054	LG09	16092904	240276077
13207	LG09	19949567	244132740
13387	LG09	1276318	225459491
13461	LG09	20559077	244742250
13476	LG09	16123768	240306941
13490	LG09	12276131	236459304
13721	LG09	20115295	244298468
13940	LG09	11496126	235679299
14042	LG09	8580009	232763182
14260	LG09	16137299	240320472
14342	LG09	141924	224325097
14555	LG09	17882027	242065200
14878	LG09	10710886	234894059
14938	LG09	10899868	235083041
15425	LG09	11687002	235870175
15582	LG09	7267978	231451151
15650	LG09	16091715	240274888
15806	LG09	2600547	226783720
15907	LG09	9465117	233648290
16009	LG09	17406696	241589869
16542	LG09	11346908	235530081
16806	LG09	11496944	235680117
17038	LG09	17129440	241312613
17185	LG09	13511279	237694452
17230	LG09	11767563	235950736
17380	LG09	14943944	239127117
17702	LG09	13518924	237702097
17912	LG09	23034645	247217818
17951	LG09	14669233	238852406
17968	LG09	23570799	247753972
18186	LG09	3902933	228086106
18319	LG09	21889342	246072515
18502	LG09	940472	225123645
18757	LG09	11297595	235480768
19083	LG09	16022854	240206027
19091	LG09	14043433	238226606
19199	LG09	7053631	231236804
19360	LG09	21644883	245828056
19371	LG09	10689203	234872376
19831	LG09	1215049	225398222
20068	LG09	23628908	247812081
20522	LG09	2507199	226690372
20890	LG09	7053543	231236716
21120	LG09	6147938	230331111
21175	LG09	4770493	228953666
22873	LG09	12988290	237171463
23078	LG09	18413061	242596234
23136	LG09	23542273	247725446
24117	LG09	13296746	237479919
25269	LG09	3155786	227338959
6	LG10	5565406	255130893
11	LG10	22879220	272444707
92	LG10	10496043	260061530
472	LG10	23241108	272806595
1073	LG10	2603183	252168670
1262	LG10	17743127	267308614
1592	LG10	2502491	252067978
2229	LG10	18165811	267731298
2558	LG10	22020828	271586315
2705	LG10	22879308	272444795
3121	LG10	12858006	262423493
3434	LG10	6003116	255568603
3753	LG10	9860946	259426433
4171	LG10	17543844	267109331
4206	LG10	9793217	259358704
5002	LG10	1370047	250935534
5217	LG10	16892961	266458448
5376	LG10	4480531	254046018
5594	LG10	23722049	273287536
5928	LG10	1369959	250935446
6627	LG10	11310688	260876175
6629	LG10	11533345	261098832
6701	LG10	7469127	257034614
7214	LG10	7431430	256996917
7384	LG10	1352427	250917914
7453	LG10	13650399	263215886
7505	LG10	17051602	266617089
7742	LG10	22750488	272315975
7791	LG10	7813573	257379060
8033	LG10	10895467	260460954
8597	LG10	16803083	266368570
8798	LG10	24193411	273758898
9452	LG10	19417830	268983317
9549	LG10	17848565	267414052
9755	LG10	13377165	262942652
9986	LG10	9602660	259168147
10165	LG10	9113932	258679419
10712	LG10	13525125	263090612
11408	LG10	6902002	256467489
11568	LG10	14106936	263672423
11895	LG10	16877062	266442549
11910	LG10	22004313	271569800
12199	LG10	16892873	266458360
12987	LG10	7768031	257333518
13193	LG10	11847796	261413283
13295	LG10	5590510	255155997
13720	LG10	20106301	269671788
13791	LG10	12697932	262263419
13881	LG10	5762212	255327699
14526	LG10	16803171	266368658
15002	LG10	18594202	268159689
15045	LG10	6003028	255568515
15119	LG10	16344912	265910399
15234	LG10	15260066	264825553
15313	LG10	14212835	263778322
16245	LG10	19765296	269330783
16280	LG10	9631682	259197169
16612	LG10	1560210	251125697
17181	LG10	10048933	259614420
17351	LG10	2645492	252210979
17680	LG10	1123447	250688934
17760	LG10	18095577	267661064
17879	LG10	2293277	251858764
17999	LG10	11365506	260930993
18111	LG10	2525180	252090667
18284	LG10	21180327	270745814
18366	LG10	18594290	268159777
18494	LG10	18126164	267691651
18754	LG10	19102995	268668482
18952	LG10	2698488	252263975
19023	LG10	17098983	266664470
19203	LG10	24740412	274305899
19498	LG10	6688377	256253864
20295	LG10	24766333	274331820
20718	LG10	9466709	259032196
20920	LG10	19404682	268970169
21089	LG10	4739467	254304954
21140	LG10	17349755	266915242
21176	LG10	20217965	269783452
21500	LG10	10351187	259916674
21870	LG10	2836992	252402479
22011	LG10	4306943	253872430
22112	LG10	22750400	272315887
22771	LG10	3784167	253349654
22957	LG10	21276279	270841766
22961	LG10	9917591	259483078
23490	LG10	6203703	255769190
23794	LG10	18167957	267733444
24307	LG10	18499922	268065409
24591	LG10	15711501	265276988
24659	LG10	9903825	259469312
24997	LG10	4867288	254432775
25250	LG10	4629105	254194592
147	LG11	12011991	286881784
411	LG11	28215278	303085071
495	LG11	27114764	301984557
546	LG11	28092509	302962302
719	LG11	14396040	289265833
756	LG11	3127754	277997547
1157	LG11	26193891	301063684
1167	LG11	10595723	285465516
1478	LG11	20773184	295642977
1547	LG11	7746059	282615852
1620	LG11	17181817	292051610
1756	LG11	8086242	282956035
1963	LG11	17081118	291950911
1978	LG11	18595849	293465642
2225	LG11	14495794	289365587
2604	LG11	14815925	289685718
3266	LG11	18795306	293665099
3428	LG11	3481234	278351027
3756	LG11	22468503	297338296
3886	LG11	14501523	289371316
3931	LG11	5295900	280165693
4069	LG11	12620674	287490467
4336	LG11	6123685	280993478
4696	LG11	24477363	299347156
4837	LG11	18564220	293434013
4901	LG11	26061747	300931540
5003	LG11	16390445	291260238
5281	LG11	7506208	282376001
5541	LG11	10611314	285481107
5572	LG11	25112679	299982472
5614	LG11	23808690	298678483
5645	LG11	27529270	302399063
6458	LG11	20093783	294963576
6484	LG11	1042714	275912507
6679	LG11	5282172	280151965
6729	LG11	19415556	294285349
6757	LG11	5861158	280730951
6759	LG11	23114107	297983900
6797	LG11	11597003	286466796
7028	LG11	20055468	294925261
7060	LG11	20342445	295212238
7161	LG11	16069381	290939174
7268	LG11	16731790	291601583
7457	LG11	22023654	296893447
7469	LG11	23808602	298678395
7524	LG11	5099569	279969362
7749	LG11	25187021	300056814
7755	LG11	25803771	300673564
7942	LG11	11237956	286107749
8536	LG11	11875912	286745705
8641	LG11	17280494	292150287
8811	LG11	17486981	292356774
9158	LG11	6826719	281696512
9191	LG11	18886155	293755948
9203	LG11	12511703	287381496
9205	LG11	11238044	286107837
9251	LG11	26642181	301511974
9458	LG11	16016506	290886299
9585	LG11	11440099	286309892
9811	LG11	11843840	286713633
10828	LG11	16821051	291690844
10978	LG11	3709479	278579272
11912	LG11	25064455	299934248
11952	LG11	8363291	283233084
12493	LG11	21490717	296360510
12726	LG11	1323218	276193011
12810	LG11	7562224	282432017
12903	LG11	21543078	296412871
13107	LG11	13398459	288268252
13355	LG11	13376613	288246406
13598	LG11	15810155	290679948
13681	LG11	23667698	298537491
13880	LG11	27245517	302115310
13895	LG11	9770660	284640453
14360	LG11	20090953	294960746
14920	LG11	13818187	288687980
15010	LG11	8774566	283644359
15034	LG11	11184765	286054558
15052	LG11	26568958	301438751
15060	LG11	4509609	279379402
15756	LG11	27938726	302808519
15855	LG11	13815890	288685683
16257	LG11	15142617	290012410
16270	LG11	3234999	278104792
16429	LG11	11596915	286466708
16983	LG11	16907359	291777152
17087	LG11	11366771	286236564
17100	LG11	9017614	283887407
18078	LG11	445695	275315488
18313	LG11	8774654	283644447
18419	LG11	23548507	298418300
18466	LG11	14716635	289586428
18571	LG11	4312750	279182543
18879	LG11	2695805	277565598
18947	LG11	8837364	283707157
19037	LG11	9019282	283889075
19201	LG11	4663213	279533006
19228	LG11	2128700	276998493
19263	LG11	15974041	290843834
19729	LG11	9699702	284569495
19742	LG11	658080	275527873
19830	LG11	18942693	293812486
19943	LG11	5432424	280302217
19964	LG11	5576643	280446436
20237	LG11	8223601	283093394
20351	LG11	24512227	299382020
20512	LG11	11010035	285879828
20796	LG11	10174407	285044200
20954	LG11	12030039	286899832
21039	LG11	20186470	295056263
21256	LG11	3027003	277896796
21313	LG11	852857	275722650
21501	LG11	6729867	281599660
21765	LG11	27244384	302114177
21789	LG11	11847676	286717469
22947	LG11	3409526	278279319
23093	LG11	27289201	302158994
23168	LG11	13620304	288490097
23448	LG11	26240894	301110687
23486	LG11	16266066	291135859
23927	LG11	11392893	286262686
24168	LG11	20084116	294953909
24196	LG11	3832245	278702038
24226	LG11	13148494	288018287
24941	LG11	20323618	295193411
24948	LG11	7510007	282379800
25225	LG11	8123880	282993673
25475	LG11	5805818	280675611
98	LG12	20292473	324105234
167	LG12	26759763	330572524
187	LG12	25008487	328821248
660	LG12	11266320	315079081
780	LG12	4213605	308026366
821	LG12	7732134	311544895
1354	LG12	3284303	307097064
1672	LG12	4111803	307924564
1679	LG12	8443013	312255774
1705	LG12	1605159	305417920
2335	LG12	6026045	309838806
2835	LG12	5180270	308993031
3191	LG12	12059104	315871865
3366	LG12	26603820	330416581
3437	LG12	23290112	327102873
3480	LG12	23074809	326887570
3677	LG12	13046268	316859029
4411	LG12	22019003	325831764
4496	LG12	24069748	327882509
4510	LG12	20827581	324640342
4588	LG12	24207382	328020143
4659	LG12	6507308	310320069
4711	LG12	8167261	311980022
5133	LG12	19492744	323305505
5287	LG12	20595615	324408376
5303	LG12	19338439	323151200
5476	LG12	468391	304281152
5622	LG12	17015598	320828359
5817	LG12	17403958	321216719
6094	LG12	8466885	312279646
6144	LG12	6428619	310241380
6274	LG12	13367814	317180575
7086	LG12	20716376	324529137
7431	LG12	3326685	307139446
7565	LG12	19921439	323734200
7574	LG12	6911449	310724210
7593	LG12	7881258	311694019
7674	LG12	19252364	323065125
8037	LG12	5532228	309344989
8055	LG12	3340389	307153150
8062	LG12	3185817	306998578
8147	LG12	25485725	329298486
8278	LG12	6752117	310564878
8810	LG12	7061780	310874541
8882	LG12	21274945	325087706
9012	LG12	2510601	306323362
9061	LG12	8785295	312598056
9091	LG12	25336179	329148940
9979	LG12	20945653	324758414
10207	LG12	19645674	323458435
10217	LG12	22048248	325861009
10263	LG12	5229610	309042371
10497	LG12	3555248	307368009
10813	LG12	1339414	305152175
11039	LG12	23498325	327311086
11415	LG12	25161775	328974536
11722	LG12	22026053	325838814
11770	LG12	5439863	309252624
11805	LG12	25684710	329497471
11878	LG12	7385906	311198667
11880	LG12	8638270	312451031
12101	LG12	3058067	306870828
12403	LG12	12909587	316722348
12407	LG12	1776134	305588895
12483	LG12	17033148	320845909
12668	LG12	20070737	323883498
12813	LG12	6182623	309995384
13285	LG12	18663488	322476249
13458	LG12	7732046	311544807
13701	LG12	18405059	322217820
13873	LG12	7476701	311289462
14697	LG12	26198542	330011303
14729	LG12	18146976	321959737
14829	LG12	7992250	311805011
15003	LG12	8128215	311940976
15242	LG12	25621100	329433861
15454	LG12	24069660	327882421
15519	LG12	18810608	322623369
15706	LG12	21289220	325101981
16035	LG12	18326476	322139237
16846	LG12	25008399	328821160
17582	LG12	6410601	310223362
18012	LG12	22709819	326522580
18070	LG12	18432995	322245756
18166	LG12	567544	304380305
18253	LG12	23861769	327674530
18332	LG12	18533379	322346140
18478	LG12	11760945	315573706
19174	LG12	5655789	309468550
19222	LG12	19916291	323729052
19956	LG12	9597045	313409806
20758	LG12	7637825	311450586
21073	LG12	4069175	307881936
21710	LG12	21340188	325152949
22206	LG12	21990158	325802919
22617	LG12	26643090	330455851
22710	LG12	10828140	314640901
22886	LG12	6284415	310097176
23083	LG12	12563125	316375886
23258	LG12	4735969	308548730
23977	LG12	25429189	329241950
24147	LG12	24341605	328154366
24171	LG12	18098743	321911504
24470	LG12	19492656	323305417
24605	LG12	4863168	308675929
24647	LG12	4462842	308275603
24649	LG12	12170251	315983012
24739	LG12	19685379	323498140
24899	LG12	19056276	322869037
25048	LG12	12140034	315952795
25241	LG12	13367902	317180663
231	LG13	17465362	348576097
364	LG13	13518047	344628782
367	LG13	13517959	344628694
404	LG13	423107	331533842
705	LG13	17217650	348328385
1053	LG13	11331788	342442523
1170	LG13	14579752	345690487
1306	LG13	11880001	342990736
1412	LG13	15878708	346989443
1482	LG13	10971676	342082411
1531	LG13	19012414	350123149
1572	LG13	17972384	349083119
1689	LG13	21043471	352154206
1698	LG13	14576126	345686861
1983	LG13	11362580	342473315
2258	LG13	7099455	338210190
2274	LG13	1229015	332339750
2390	LG13	19759312	350870047
2472	LG13	19499466	350610201
2826	LG13	18593933	349704668
2828	LG13	21871455	352982190
3132	LG13	19057220	350167955
3541	LG13	24575544	355686279
3708	LG13	1535521	332646256
3861	LG13	6745490	337856225
3929	LG13	6072318	337183053
4031	LG13	1193395	332304130
4140	LG13	22202718	353313453
4156	LG13	24013669	355124404
4227	LG13	18686608	349797343
4442	LG13	14527982	345638717
4465	LG13	18013035	349123770
4770	LG13	16116538	347227273
5845	LG13	14709344	345820079
5949	LG13	17395120	348505855
6823	LG13	5583349	336694084
6931	LG13	1712116	332822851
7298	LG13	1297768	332408503
7489	LG13	16655985	347766720
7570	LG13	18649897	349760632
7605	LG13	3180911	334291646
7747	LG13	8626858	339737593
7803	LG13	19032494	350143229
7833	LG13	8128067	339238802
7969	LG13	7922976	339033711
8198	LG13	16144580	347255315
8212	LG13	9273834	340384569
8295	LG13	24899963	356010698
8596	LG13	3111762	334222497
8669	LG13	10893231	342003966
9231	LG13	16521924	347632659
9663	LG13	3663429	334774164
9738	LG13	8668477	339779212
9782	LG13	18981816	350092551
9845	LG13	18630044	349740779
10029	LG13	1297680	332408415
10055	LG13	10448774	341559509
10527	LG13	6589303	337700038
10618	LG13	14844340	345955075
10833	LG13	6992964	338103699
10872	LG13	2826437	333937172
10960	LG13	24575456	355686191
11116	LG13	23508205	354618940
11119	LG13	16168416	347279151
11154	LG13	20413713	351524448
11294	LG13	11882479	342993214
11325	LG13	7918800	339029535
11754	LG13	25056110	356166845
12055	LG13	7298389	338409124
12083	LG13	13895706	345006441
12106	LG13	20617173	351727908
12108	LG13	414978	331525713
12297	LG13	16758062	347868797
12329	LG13	10351604	341462339
12671	LG13	6621267	337732002
13180	LG13	14958633	346069368
13702	LG13	13876524	344987259
13760	LG13	7924478	339035213
13762	LG13	8670969	339781704
13897	LG13	23112652	354223387
14349	LG13	23841986	354952721
14365	LG13	3111674	334222409
14547	LG13	788032	331898767
14869	LG13	19009416	350120151
14889	LG13	19821728	350932463
14990	LG13	8544475	339655210
15104	LG13	20808605	351919340
15121	LG13	22645688	353756423
15546	LG13	12413111	343523846
15786	LG13	18869411	349980146
15991	LG13	5583437	336694172
16184	LG13	23965889	355076624
16358	LG13	18417056	349527791
16482	LG13	9438752	340549487
16616	LG13	1620642	332731377
16650	LG13	11699849	342810584
16752	LG13	7127580	338238315
16766	LG13	25053940	356164675
17099	LG13	24084421	355195156
17446	LG13	11956125	343066860
17592	LG13	19931606	351042341
18234	LG13	8411221	339521956
18273	LG13	19032406	350143141
18337	LG13	14242723	345353458
19069	LG13	1656421	332767156
19170	LG13	10600670	341711405
19267	LG13	19936382	351047117
19295	LG13	415183	331525918
19334	LG13	4952169	336062904
19504	LG13	897657	332008392
19509	LG13	24173924	355284659
19608	LG13	5343568	336454303
19626	LG13	6621179	337731914
19683	LG13	13024843	344135578
19781	LG13	2758136	333868871
19932	LG13	22491181	353601916
19945	LG13	17151357	348262092
20183	LG13	4648135	335758870
20198	LG13	17432380	348543115
20257	LG13	23629689	354740424
20513	LG13	13087856	344198591
20749	LG13	4406839	335517574
20770	LG13	20742960	351853695
20782	LG13	2581050	333691785
21298	LG13	13118901	344229636
21653	LG13	14590679	345701414
21680	LG13	21784563	352895298
22113	LG13	1622364	332733099
22677	LG13	7980396	339091131
22828	LG13	16011750	347122485
23009	LG13	20869043	351979778
23062	LG13	17685828	348796563
23244	LG13	22509678	353620413
23374	LG13	17292407	348403142
23445	LG13	8744355	339855090
23728	LG13	16358386	347469121
24039	LG13	12372313	343483048
24277	LG13	14988666	346099401
24464	LG13	5444037	336554772
24473	LG13	19295333	350406068
24484	LG13	16647584	347758319
24543	LG13	13571484	344682219
24597	LG13	9929672	341040407
24867	LG13	15382442	346493177
25063	LG13	18266311	349377046
25273	LG13	18720674	349831409
91	LG14	5057159	361844629
110	LG14	28381771	385169241
331	LG14	21214207	378001677
490	LG14	1523992	358311462
618	LG14	2325174	359112644
815	LG14	7114942	363902412
1002	LG14	22855271	379642741
1078	LG14	1738653	358526123
1339	LG14	17204107	373991577
1372	LG14	20906701	377694171
1463	LG14	16098739	372886209
1936	LG14	24505155	381292625
2204	LG14	7233760	364021230
2587	LG14	202833	356990303
2752	LG14	29071558	385859028
3228	LG14	25824909	382612379
3308	LG14	10599926	367387396
3341	LG14	28893155	385680625
3379	LG14	24722870	381510340
3417	LG14	11676361	368463831
3594	LG14	5903591	362691061
3636	LG14	20385829	377173299
3832	LG14	17957361	374744831
4048	LG14	23970431	380757901
4088	LG14	20885177	377672647
4185	LG14	15778586	372566056
4283	LG14	18588020	375375490
4754	LG14	25213748	382001218
4760	LG14	27989426	384776896
4989	LG14	12252629	369040099
5151	LG14	12928347	369715817
5333	LG14	17190035	373977505
5525	LG14	20158677	376946147
5580	LG14	8286307	365073777
5607	LG14	24689458	381476928
5767	LG14	23711420	380498890
5781	LG14	5998727	362786197
5987	LG14	14128047	370915517
6224	LG14	5878793	362666263
6255	LG14	5019741	361807211
6268	LG14	2448263	359235733
6399	LG14	5683106	362470576
6529	LG14	24614133	381401603
6597	LG14	17715921	374503391
7203	LG14	11703918	368491388
7498	LG14	17772081	374559551
7690	LG14	11180651	367968121
7698	LG14	27129721	383917191
7890	LG14	13284482	370071952
7910	LG14	6573265	363360735
8013	LG14	26001868	382789338
8726	LG14	17015235	373802705
8847	LG14	1030467	357817937
8885	LG14	23077035	379864505
9102	LG14	7840939	364628409
9675	LG14	20158765	376946235
9717	LG14	5541915	362329385
9770	LG14	1996083	358783553
10092	LG14	16098827	372886297
10245	LG14	12893504	369680974
10261	LG14	11519911	368307381
10410	LG14	6016044	362803514
10462	LG14	11822248	368609718
10523	LG14	27045748	383833218
10954	LG14	13316350	370103820
10974	LG14	24427881	381215351
11313	LG14	11519823	368307293
11447	LG14	8514447	365301917
11987	LG14	23945143	380732613
12155	LG14	24906321	381693791
12158	LG14	2519559	359307029
12535	LG14	19729152	376516622
12948	LG14	19332362	376119832
13188	LG14	4639051	361426521
13418	LG14	1300871	358088341
13430	LG14	25158945	381946415
13539	LG14	24844317	381631787
13909	LG14	9933392	366720862
14266	LG14	23110841	379898311
14864	LG14	12377418	369164888
14943	LG14	24439071	381226541
15239	LG14	8514359	365301829
15327	LG14	12142906	368930376
15404	LG14	19447388	376234858
15623	LG14	27104520	383891990
15673	LG14	13989118	370776588
15866	LG14	17565545	374353015
15997	LG14	9216980	366004450
16325	LG14	3425971	360213441
16814	LG14	2926912	359714382
16934	LG14	23734811	380522281
17106	LG14	19739720	376527190
17245	LG14	19228505	376015975
17490	LG14	27420218	384207688
17888	LG14	10243426	367030896
17947	LG14	25735447	382522917
17977	LG14	24906233	381693703
18033	LG14	25609326	382396796
18659	LG14	2164166	358951636
18687	LG14	25020971	381808441
19098	LG14	24096084	380883554
19231	LG14	25976208	382763678
19292	LG14	22568955	379356425
19720	LG14	7840851	364628321
19795	LG14	20229317	377016787
19928	LG14	12103261	368890731
20364	LG14	8805051	365592521
20384	LG14	18183471	374970941
20609	LG14	8091522	364878992
20732	LG14	7233848	364021318
20943	LG14	18278577	375066047
21492	LG14	10086345	366873815
21779	LG14	10097824	366885294
21989	LG14	14128458	370915928
22595	LG14	27451587	384239057
22688	LG14	20409170	377196640
22731	LG14	13607687	370395157
22898	LG14	28147577	384935047
22950	LG14	242580	357030050
23334	LG14	1850852	358638322
23791	LG14	10192562	366980032
24098	LG14	11755005	368542475
24167	LG14	2490084	359277554
24306	LG14	6017748	362805218
24342	LG14	9467759	366255229
24374	LG14	26250745	383038215
24451	LG14	4188617	360976087
24483	LG14	23231740	380019210
24801	LG14	27298761	384086231
24824	LG14	18241278	375028748
25240	LG14	12018326	368805796
25373	LG14	23407876	380195346
88	LG15	17142273	403226675
240	LG15	22676655	408761057
597	LG15	20571696	406656098
985	LG15	20903534	406987936
1031	LG15	10603181	396687583
1160	LG15	17477533	403561935
1560	LG15	15461179	401545581
1589	LG15	8882522	394966924
1844	LG15	17981722	404066124
2481	LG15	11925618	398010020
2539	LG15	25129974	411214376
3392	LG15	8329462	394413864
3484	LG15	23057730	409142132
4004	LG15	7912926	393997328
4321	LG15	21881503	407965905
4578	LG15	18490187	404574589
4729	LG15	10706163	396790565
5027	LG15	15289336	401373738
5264	LG15	14481775	400566177
6319	LG15	19420916	405505318
6417	LG15	20574788	406659190
6658	LG15	22394483	408478885
6878	LG15	20381790	406466192
6926	LG15	8356855	394441257
6969	LG15	12665066	398749468
6996	LG15	25019581	411103983
7083	LG15	19440584	405524986
7138	LG15	12403451	398487853
7193	LG15	22684695	408769097
7223	LG15	22520795	408605197
7370	LG15	4576668	390661070
7526	LG15	16449383	402533785
7730	LG15	12292251	398376653
8427	LG15	19711784	405796186
8601	LG15	10911179	396995581
8727	LG15	1282872	387367274
8759	LG15	24908542	410992944
9187	LG15	12299422	398383824
9228	LG15	14543912	400628314
9539	LG15	25684151	411768553
9808	LG15	15915117	401999519
10539	LG15	4351655	390436057
10742	LG15	16381554	402465956
10839	LG15	20569522	406653924
11346	LG15	17655023	403739425
11386	LG15	19591012	405675414
11505	LG15	4956975	391041377
11552	LG15	14987505	401071907
11789	LG15	19532910	405617312
11793	LG15	18961655	405046057
11835	LG15	1312367	387396769
12030	LG15	3590544	389674946
12099	LG15	2399558	388483960
12233	LG15	2168412	388252814
12295	LG15	20811419	406895821
12425	LG15	18613652	404698054
12437	LG15	24445854	410530256
12921	LG15	8126093	394210495
13242	LG15	13956318	400040720
13316	LG15	11097840	397182242
13607	LG15	24471470	410555872
13860	LG15	16643517	402727919
14502	LG15	7810607	393895009
14515	LG15	13155930	399240332
15274	LG15	5888323	391972725
15326	LG15	21253119	407337521
15401	LG15	4294985	390379387
15850	LG15	8529809	394614211
16044	LG15	16643429	402727831
16063	LG15	10787770	396872172
16457	LG15	3946906	390031308
16520	LG15	14334485	400418887
16521	LG15	10385682	396470084
16599	LG15	16275261	402359663
16966	LG15	25007035	411091437
16971	LG15	8397658	394482060
17396	LG15	24808975	410893377
17708	LG15	13907715	399992117
18075	LG15	6218214	392302616
18089	LG15	18910824	404995226
18191	LG15	23717326	409801728
18621	LG15	16439929	402524331
18662	LG15	12265718	398350120
18740	LG15	10787858	396872260
18934	LG15	8332754	394417156
19965	LG15	14387770	400472172
19971	LG15	18510285	404594687
20061	LG15	19363735	405448137
20400	LG15	7408576	393492978
20876	LG15	24371340	410455742
20908	LG15	8329374	394413776
20964	LG15	19751967	405836369
21071	LG15	25544457	411628859
21224	LG15	19989014	406073416
21692	LG15	14387858	400472260
22087	LG15	12236939	398321341
22596	LG15	17133549	403217951
22789	LG15	23061083	409145485
22954	LG15	16462762	402547164
23412	LG15	8051383	394135785
23451	LG15	12323986	398408388
23685	LG15	10818312	396902714
23827	LG15	12270324	398354726
23886	LG15	19219373	405303775
23892	LG15	13746396	399830798
23903	LG15	9410969	395495371
24036	LG15	15428650	401513052
24485	LG15	25286539	411370941
24827	LG15	23141315	409225717
25121	LG15	4349410	390433812
25138	LG15	17684197	403768599
25199	LG15	25487648	411572050
142	LG16	348177	413030538
391	LG16	21523873	434206234
735	LG16	14151077	426833438
952	LG16	15094047	427776408
1151	LG16	15614298	428296659
1186	LG16	22797954	435480315
1328	LG16	17157056	429839417
1813	LG16	11478690	424161051
1895	LG16	22941482	435623843
2029	LG16	1408228	414090589
2118	LG16	25894782	438577143
2141	LG16	27837119	440519480
2149	LG16	13928206	426610567
2329	LG16	24549889	437232250
2576	LG16	15488385	428170746
2844	LG16	5617631	418299992
3066	LG16	5085357	417767718
3086	LG16	5738820	418421181
3348	LG16	19834425	432516786
3412	LG16	19800798	432483159
3488	LG16	28100360	440782721
3827	LG16	18742865	431425226
3915	LG16	9451438	422133799
4032	LG16	28482320	441164681
4352	LG16	27854956	440537317
4630	LG16	15092887	427775248
4782	LG16	29902249	442584610
4841	LG16	6040999	418723360
5176	LG16	27148342	439830703
5637	LG16	27428629	440110990
6315	LG16	4018052	416700413
6403	LG16	8943107	421625468
6454	LG16	1542135	414224496
6602	LG16	27639940	440322301
6715	LG16	7665425	420347786
6835	LG16	27854868	440537229
6925	LG16	10109560	422791921
7004	LG16	9080156	421762517
7014	LG16	6829220	419511581
7134	LG16	9928551	422610912
7146	LG16	14444768	427127129
7227	LG16	2099638	414781999
7490	LG16	25266093	437948454
8206	LG16	26782565	439464926
8209	LG16	8038342	420720703
8260	LG16	27304295	439986656
8671	LG16	14413278	427095639
9144	LG16	19012335	431694696
9634	LG16	13079095	425761456
9682	LG16	21936621	434618982
9740	LG16	13248239	425930600
10232	LG16	26051334	438733695
10414	LG16	17455883	430138244
10425	LG16	24274630	436956991
10480	LG16	30812733	443495094
11053	LG16	6506277	419188638
11234	LG16	11625756	424308117
11476	LG16	23192284	435874645
11843	LG16	8907544	421589905
11899	LG16	16177834	428860195
12218	LG16	27383916	440066277
12415	LG16	28107350	440789711
12824	LG16	22857426	435539787
12925	LG16	17738268	430420629
13221	LG16	670370	413352731
13330	LG16	7185813	419868174
13406	LG16	30901281	443583642
13485	LG16	9342132	422024493
13533	LG16	10109648	422792009
13818	LG16	9080244	421762605
13975	LG16	28690614	441372975
13988	LG16	17439483	430121844
14327	LG16	8985041	421667402
14380	LG16	6493538	419175899
14405	LG16	11024455	423706816
14422	LG16	13025508	425707869
14863	LG16	9046431	421728792
14924	LG16	19012423	431694784
15235	LG16	23745057	436427418
15528	LG16	13025420	425707781
15669	LG16	28468562	441150923
15727	LG16	26886242	439568603
15918	LG16	9680656	422363017
16348	LG16	6196102	418878463
16352	LG16	26257743	438940104
16486	LG16	26142570	438824931
16874	LG16	19137696	431820057
17255	LG16	14444680	427127041
17489	LG16	11744546	424426907
17568	LG16	27117684	439800045
18113	LG16	20723621	433405982
18678	LG16	26034933	438717294
18868	LG16	22702413	435384774
18968	LG16	25267546	437949907
18993	LG16	23002702	435685063
19215	LG16	705080	413387441
19303	LG16	12228873	424911234
19458	LG16	30927774	443610135
19559	LG16	4031997	416714358
19697	LG16	24303952	436986313
19853	LG16	4413742	417096103
19994	LG16	27979524	440661885
20078	LG16	14766717	427449078
20318	LG16	24628893	437311254
20518	LG16	19918894	432601255
20525	LG16	8921702	421604063
20551	LG16	27618250	440300611
20681	LG16	18531270	431213631
20706	LG16	5823127	418505488
20959	LG16	28528644	441211005
21250	LG16	17738356	430420717
21376	LG16	18669407	431351768
21633	LG16	3885750	416568111
22286	LG16	10185157	422867518
22295	LG16	4288722	416971083
22331	LG16	3984059	416666420
22719	LG16	26563582	439245943
22943	LG16	3029380	415711741
23099	LG16	9663803	422346164
23222	LG16	15692483	428374844
23482	LG16	29902337	442584698
23511	LG16	4694470	417376831
23633	LG16	11778376	424460737
23724	LG16	12539489	425221850
24025	LG16	28685001	441367362
24219	LG16	8745678	421428039
24841	LG16	2273141	414955502
25102	LG16	8142105	420824466
25252	LG16	18107414	430789775
228	LG17	14007228	457782832
376	LG17	491060	444266664
377	LG17	4388510	448164114
730	LG17	10130879	453906483
2082	LG17	8854605	452630209
2353	LG17	4205312	447980916
2648	LG17	5506104	449281708
2957	LG17	6461625	450237229
3547	LG17	4126590	447902194
3680	LG17	8605809	452381413
3939	LG17	12450113	456225717
4097	LG17	16950745	460726349
4635	LG17	11899941	455675545
5973	LG17	6461537	450237141
6667	LG17	15304044	459079648
7656	LG17	7872499	451648103
7869	LG17	10688746	454464350
8769	LG17	9185034	452960638
8827	LG17	4130127	447905731
9190	LG17	6640394	450415998
9455	LG17	15511310	459286914
9590	LG17	14394793	458170397
9833	LG17	10130791	453906395
9922	LG17	1142573	444918177
10560	LG17	11340830	455116434
11337	LG17	15326186	459101790
11574	LG17	10579200	454354804
11964	LG17	15924327	459699931
12979	LG17	11969763	455745367
13196	LG17	9348149	453123753
14130	LG17	8854517	452630121
14714	LG17	14503970	458279574
14740	LG17	10865346	454640950
14782	LG17	4393532	448169136
14930	LG17	6469854	450245458
15887	LG17	6752963	450528567
16549	LG17	3102403	446878007
16655	LG17	17473806	461249410
16880	LG17	18049624	461825228
17325	LG17	6195355	449970959
17436	LG17	7310136	451085740
17643	LG17	10830571	454606175
17685	LG17	14162786	457938390
18232	LG17	12103329	455878933
18312	LG17	4416937	448192541
18347	LG17	7722689	451498293
18594	LG17	17024401	460800005
18698	LG17	2748516	446524120
19428	LG17	12580317	456355921
19725	LG17	11204349	454979953
19772	LG17	4161952	447937556
21370	LG17	2257137	446032741
21557	LG17	8377567	452153171
21788	LG17	14129644	457905248
22084	LG17	10466061	454241665
22323	LG17	16498976	460274580
22868	LG17	7022931	450798535
22914	LG17	7614233	451389837
23122	LG17	3626254	447401858
23180	LG17	10475862	454251466
23493	LG17	16135309	459910913
23933	LG17	2257049	446032653
24725	LG17	11946303	455721907
24774	LG17	7625576	451401180
25103	LG17	9311094	453086698
25129	LG17	588319	444363923
1020	LG18	17770636	480695447
1205	LG18	2123484	465048295
1540	LG18	6276298	469201109
1660	LG18	7683702	470608513
1729	LG18	16054673	478979484
1888	LG18	5106646	468031457
2380	LG18	1854131	464778942
2610	LG18	16146811	479071622
2692	LG18	8569994	471494805
3120	LG18	1987451	464912262
3152	LG18	16449395	479374206
3460	LG18	6528272	469453083
3554	LG18	16220209	479145020
4176	LG18	20408482	483333293
4233	LG18	16271893	479196704
4495	LG18	14023647	476948458
4508	LG18	14305873	477230684
4762	LG18	16659770	479584581
4892	LG18	6589478	469514289
4932	LG18	3128529	466053340
5204	LG18	2367161	465291972
5501	LG18	14588802	477513613
6065	LG18	22189991	485114802
6187	LG18	4274680	467199491
6230	LG18	7614232	470539043
6649	LG18	13687553	476612364
6675	LG18	13914452	476839263
6837	LG18	15711767	478636578
6886	LG18	10393365	473318176
8606	LG18	18859511	481784322
9210	LG18	5958819	468883630
9260	LG18	18899213	481824024
9514	LG18	10685719	473610530
9812	LG18	1096221	464021032
10001	LG18	14361526	477286337
10151	LG18	11939298	474864109
10214	LG18	19330293	482255104
10440	LG18	9448091	472372902
10581	LG18	8738909	471663720
10595	LG18	19191660	482116471
10760	LG18	19613888	482538699
10921	LG18	12320425	475245236
11072	LG18	1753151	464677962
11113	LG18	8305419	471230230
11422	LG18	13594708	476519519
11454	LG18	7277678	470202489
11951	LG18	22543425	485468236
11963	LG18	17646673	480571484
12322	LG18	3184470	466109281
12550	LG18	3774016	466698827
12705	LG18	9156806	472081617
12913	LG18	7113617	470038428
13304	LG18	2998800	465923611
13338	LG18	20235757	483160568
13505	LG18	7040279	469965090
13521	LG18	3780258	466705069
13603	LG18	21802273	484727084
13948	LG18	21570622	484495433
14174	LG18	22110953	485035764
14641	LG18	20610762	483535573
14765	LG18	17770724	480695535
14792	LG18	3757273	466682084
14909	LG18	19225818	482150629
14968	LG18	11175149	474099960
14997	LG18	7269364	470194175
15136	LG18	15404441	478329252
15185	LG18	18731251	481656062
15207	LG18	19412597	482337408
15323	LG18	1928483	464853294
15470	LG18	14915792	477840603
15571	LG18	1896621	464821432
15680	LG18	16785048	479709859
16548	LG18	8484982	471409793
16931	LG18	19293340	482218151
17002	LG18	16070330	478995141
17307	LG18	7614320	470539131
17624	LG18	12170837	475095648
17837	LG18	13681410	476606221
17923	LG18	20853640	483778451
18094	LG18	13222722	476147533
18115	LG18	20123093	483047904
18523	LG18	5958731	468883542
18579	LG18	14957201	477882012
18685	LG18	7683614	470608425
18765	LG18	19005461	481930272
19141	LG18	8738997	471663808
19181	LG18	18862777	481787588
19545	LG18	17910627	480835438
20191	LG18	14173788	477098599
20321	LG18	8985599	471910410
20385	LG18	7040191	469965002
20500	LG18	6322989	469247800
20928	LG18	12055207	474980018
20997	LG18	17575333	480500144
21907	LG18	13803198	476728009
22348	LG18	4567412	467492223
22690	LG18	8787872	471712683
23095	LG18	17155554	480080365
23347	LG18	13982683	476907494
23494	LG18	19645350	482570161
23661	LG18	13861240	476786051
23727	LG18	6540727	469465538
24239	LG18	2126902	465051713
24407	LG18	21802361	484727172
24698	LG18	19941705	482866516
24823	LG18	2035672	464960483
25046	LG18	7796759	470721570
25187	LG18	16918929	479843740
422	LG19	2645644	488124710
694	LG19	13093143	498572209
758	LG19	20490949	505970015
768	LG19	7893544	493372610
888	LG19	5854828	491333894
1140	LG19	4503553	489982619
1746	LG19	1670149	487149215
1900	LG19	6567379	492046445
2038	LG19	9585216	495064282
2173	LG19	3501840	488980906
2431	LG19	15102389	500581455
2709	LG19	18872684	504351750
3061	LG19	12728793	498207859
3218	LG19	7876975	493356041
3946	LG19	20490861	505969927
3998	LG19	3481765	488960831
4187	LG19	14116914	499595980
4464	LG19	4571999	490051065
4536	LG19	13287200	498766266
4661	LG19	14510561	499989627
5467	LG19	9386218	494865284
5995	LG19	15587543	501066609
6248	LG19	16037056	501516122
6375	LG19	11997231	497476297
6408	LG19	14198859	499677925
6443	LG19	20268119	505747185
6822	LG19	1605268	487084334
6824	LG19	3058303	488537369
6899	LG19	11783148	497262214
6960	LG19	20652306	506131372
6962	LG19	17900522	503379588
7002	LG19	17418336	502897402
7335	LG19	13457677	498936743
7421	LG19	3097487	488576553
8150	LG19	9468457	494947523
8747	LG19	10319156	495798222
9140	LG19	5351389	490830455
9168	LG19	9468369	494947435
9331	LG19	4094309	489573375
9733	LG19	14349424	499828490
10199	LG19	20452984	505932050
10620	LG19	1053140	486532206
11575	LG19	11834337	497313403
11686	LG19	20003266	505482332
12068	LG19	9420848	494899914
12294	LG19	4553077	490032143
12541	LG19	15079031	500558097
13021	LG19	10863529	496342595
13240	LG19	13057425	498536491
13501	LG19	2930535	488409601
13634	LG19	4341430	489820496
13727	LG19	14280623	499759689
13773	LG19	17987535	503466601
13783	LG19	9770000	495249066
13856	LG19	8072076	493551142
13892	LG19	16044478	501523544
14371	LG19	2649246	488128312
14475	LG19	12036721	497515787
14550	LG19	5644780	491123846
14783	LG19	19801598	505280664
14965	LG19	19086752	504565818
14975	LG19	11994410	497473476
15598	LG19	16515016	501994082
15746	LG19	189341	485668407
15805	LG19	7169435	492648501
16047	LG19	4033041	489512107
16560	LG19	5063117	490542183
16905	LG19	1989696	487468762
17070	LG19	11077729	496556795
17128	LG19	19855741	505334807
17552	LG19	178221	485657287
18134	LG19	17667074	503146140
18139	LG19	11287547	496766613
18741	LG19	8595624	494074690
18804	LG19	19636844	505115910
19235	LG19	1397333	486876399
19241	LG19	10009059	495488125
19269	LG19	12258877	497737943
19293	LG19	16355956	501835022
19679	LG19	12150283	497629349
19854	LG19	14775984	500255050
20219	LG19	16400424	501879490
20514	LG19	5790343	491269409
21263	LG19	16627080	502106146
21275	LG19	3518134	488997200
21317	LG19	18962587	504441653
21826	LG19	19574950	505054016
22621	LG19	11606651	497085717
22830	LG19	3310600	488789666
23024	LG19	12298523	497777589
23372	LG19	18846216	504325282
23858	LG19	12740514	498219580
24563	LG19	14761731	500240797
24578	LG19	13611823	499090889
24891	LG19	2930447	488409513
24924	LG19	19772698	505251764
24955	LG19	9644125	495123191
25060	LG19	6221949	491701015
25065	LG19	9758371	495237437
25208	LG19	8213158	493692224
286	LG20	11091047	517746373
594	LG20	21987431	528642757
786	LG20	10305701	516961027
912	LG20	3385491	510040817
1000	LG20	21700794	528356120
1092	LG20	20701546	527356872
1229	LG20	13703518	520358844
1285	LG20	6673367	513328693
1323	LG20	6539707	513195033
1926	LG20	20827715	527483041
2417	LG20	14555094	521210420
2741	LG20	10570432	517225758
2766	LG20	18502891	525158217
2880	LG20	8455705	515111031
3019	LG20	9261701	515917027
3023	LG20	23059969	529715295
3138	LG20	13442555	520097881
3169	LG20	18878173	525533499
3900	LG20	4903898	511559224
4009	LG20	21155983	527811309
4072	LG20	18962693	525618019
4172	LG20	5165816	511821142
4499	LG20	2829965	509485291
4766	LG20	21148698	527804024
5148	LG20	19627680	526283006
5230	LG20	9261613	515916939
5289	LG20	16846376	523501702
5397	LG20	13225715	519881041
5562	LG20	3274663	509929989
5757	LG20	5687112	512342438
6026	LG20	22696754	529352080
6029	LG20	2897455	509552781
6576	LG20	11159306	517814632
6947	LG20	16306049	522961375
7127	LG20	22112286	528767612
7655	LG20	19740349	526395675
7874	LG20	20332243	526987569
8440	LG20	15925375	522580701
8506	LG20	6963656	513618982
8642	LG20	22696666	529351992
8679	LG20	8303041	514958367
8919	LG20	15956877	522612203
9085	LG20	18816719	525472045
9131	LG20	2330881	508986207
9218	LG20	23516462	530171788
9822	LG20	6455582	513110908
9855	LG20	8445572	515100898
9970	LG20	21800201	528455527
10257	LG20	5865254	512520580
10530	LG20	5796135	512451461
10568	LG20	21700706	528356032
10732	LG20	10708777	517364103
10753	LG20	8899266	515554592
10836	LG20	17324031	523979357
11146	LG20	10708865	517364191
11262	LG20	3439675	510095001
11609	LG20	677054	507332380
11710	LG20	1235400	507890726
11889	LG20	23418653	530073979
12213	LG20	6716434	513371760
12277	LG20	4368395	511023721
12279	LG20	22345154	529000480
12320	LG20	9208037	515863363
12332	LG20	3304957	509960283
12463	LG20	855117	507510443
12895	LG20	1297463	507952789
13342	LG20	17827932	524483258
13412	LG20	17416654	524071980
13969	LG20	8795426	515450752
14059	LG20	11201299	517856625
14311	LG20	15345806	522001132
14882	LG20	20099646	526754972
14923	LG20	6342525	512997851
15293	LG20	22046387	528701713
15531	LG20	13226742	519882068
15614	LG20	15153259	521808585
15667	LG20	23656667	530311993
15670	LG20	10321258	516976584
15808	LG20	6786084	513441410
15846	LG20	22418886	529074212
16690	LG20	19503177	526158503
16908	LG20	11658627	518313953
17025	LG20	13368655	520023981
17522	LG20	894030	507549356
17859	LG20	16006653	522661979
17994	LG20	5179074	511834400
18142	LG20	19914321	526569647
18218	LG20	22478003	529133329
18336	LG20	9658687	516314013
18641	LG20	6528477	513183803
18642	LG20	5533118	512188444
18770	LG20	17297175	523952501
19066	LG20	3439763	510095089
19103	LG20	20701458	527356784
19294	LG20	11627795	518283121
19731	LG20	1842228	508497554
19758	LG20	13703430	520358756
20239	LG20	19669429	526324755
20309	LG20	18324743	524980069
21100	LG20	15135577	521790903
21119	LG20	6179252	512834578
21353	LG20	23635832	530291158
21748	LG20	20065316	526720642
21762	LG20	8139735	514795061
22253	LG20	2992034	509647360
22284	LG20	406647	507061973
22336	LG20	12477427	519132753
22409	LG20	5968841	512624167
22423	LG20	19010849	525666175
22941	LG20	4347686	511003012
22984	LG20	18502803	525158129
23026	LG20	5077173	511732499
23520	LG20	19109947	525765273
23575	LG20	5716729	512372055
23891	LG20	2777879	509433205
23920	LG20	4206449	510861775
24158	LG20	1953008	508608334
24691	LG20	8312312	514967638
25286	LG20	21677336	528332662
25298	LG20	11716998	518372324
3	LG21	18027708	548832167
16	LG21	7743712	538548171
700	LG21	9085847	539890306
746	LG21	18110489	548914948
992	LG21	3580050	534384509
1503	LG21	15279223	546083682
1933	LG21	12444588	543249047
2135	LG21	10135760	540940219
2510	LG21	6942075	537746534
2601	LG21	19584532	550388991
2657	LG21	19529261	550333720
2677	LG21	9477851	540282310
3000	LG21	7459198	538263657
3043	LG21	21161935	551966394
3298	LG21	12713994	543518453
3303	LG21	6035264	536839723
3501	LG21	12112127	542916586
3622	LG21	18382081	549186540
3797	LG21	5722754	536527213
3855	LG21	19913962	550718421
4036	LG21	15316907	546121366
4207	LG21	9732870	540537329
4303	LG21	7282029	538086488
4506	LG21	10071322	540875781
4541	LG21	3250882	534055341
4570	LG21	5426321	536230780
4976	LG21	5373211	536177670
5169	LG21	12135222	542939681
5852	LG21	9767957	540572416
5923	LG21	20491767	551296226
6028	LG21	10135672	540940131
6085	LG21	15957906	546762365
6314	LG21	17634614	548439073
6560	LG21	8656873	539461332
6721	LG21	14929531	545733990
6988	LG21	6125777	536930236
7009	LG21	3588670	534393129
7641	LG21	14345110	545149569
8471	LG21	4831712	535636171
8514	LG21	5112341	535916800
8831	LG21	12302764	543107223
8840	LG21	7607298	538411757
8867	LG21	20949290	551753749
9079	LG21	5024714	535829173
9323	LG21	22259790	553064249
9865	LG21	10935303	541739762
9964	LG21	10996710	541801169
10226	LG21	6811994	537616453
10552	LG21	7506255	538310714
10953	LG21	14345198	545149657
11351	LG21	9828239	540632698
11443	LG21	5151457	535955916
12845	LG21	6609604	537414063
13218	LG21	21326887	552131346
13574	LG21	21915733	552720192
13834	LG21	3843338	534647797
14221	LG21	20827935	551632394
14741	LG21	6153416	536957875
15039	LG21	7743800	538548259
15306	LG21	5307455	536111914
15437	LG21	18560515	549364974
15527	LG21	9637925	540442384
15610	LG21	7275660	538080119
15699	LG21	20801013	551605472
15848	LG21	10529889	541334348
16858	LG21	330607	531135066
16963	LG21	7542984	538347443
17192	LG21	6931837	537736296
17254	LG21	9839979	540644438
17350	LG21	5322647	536127106
17578	LG21	19954312	550758771
18464	LG21	21960064	552764523
18471	LG21	9085935	539890394
18476	LG21	11674406	542478865
19022	LG21	9959989	540764448
19339	LG21	1354706	532159165
19356	LG21	14642869	545447328
19515	LG21	5363018	536167477
19650	LG21	20367923	551172382
19666	LG21	20790620	551595079
19816	LG21	4227074	535031533
20532	LG21	5502111	536306570
20688	LG21	15905567	546710026
20795	LG21	3588758	534393217
21152	LG21	19559785	550364244
21285	LG21	20391581	551196040
21381	LG21	19991170	550795629
21559	LG21	9696329	540500788
21803	LG21	9666335	540470794
21833	LG21	20406551	551211010
22812	LG21	3882469	534686928
23579	LG21	19929616	550734075
23613	LG21	19382634	550187093
24031	LG21	20491855	551296314
24309	LG21	9666423	540470882
24433	LG21	13109523	543913982
24454	LG21	6228229	537032688
24471	LG21	6153504	536957963
24501	LG21	11113855	541918314
24510	LG21	7237527	538041986
24977	LG21	11965510	542769969
24980	LG21	14333627	545138086
24994	LG21	12031059	542835518
25094	LG21	16089239	546893698
160	LG22	2265503	555580266
647	LG22	19872092	573186855
1739	LG22	11675953	564990716
1889	LG22	17138763	570453526
1993	LG22	4713272	558028035
2391	LG22	8287783	561602546
2536	LG22	12387202	565701965
2718	LG22	16526905	569841668
2762	LG22	122447	553437210
3556	LG22	6234215	559548978
4039	LG22	9367737	562682500
4174	LG22	9047081	562361844
4280	LG22	357359	553672122
4404	LG22	7532382	560847145
4759	LG22	19809786	573124549
5030	LG22	15046804	568361567
5056	LG22	7159596	560474359
5273	LG22	4266854	557581617
5387	LG22	10727070	564041833
5516	LG22	5381422	558696185
5891	LG22	6395073	559709836
6222	LG22	10346143	563660906
6306	LG22	5816842	559131605
6318	LG22	4155074	557469837
6455	LG22	15046716	568361479
6566	LG22	4033916	557348679
6913	LG22	19647984	572962747
6983	LG22	10201369	563516132
7945	LG22	16800409	570115172
8056	LG22	15240992	568555755
8289	LG22	20459822	573774585
8484	LG22	19029332	572344095
9211	LG22	11875758	565190521
9275	LG22	20046047	573360810
9631	LG22	7464301	560779064
9993	LG22	7888634	561203397
11147	LG22	1861078	555175841
11537	LG22	19413456	572728219
12937	LG22	19236552	572551315
13379	LG22	21235782	574550545
13531	LG22	14090530	567405293
13934	LG22	12595462	565910225
14146	LG22	9591533	562906296
14275	LG22	10718843	564033606
14296	LG22	20639374	573954137
14444	LG22	19675493	572990256
15267	LG22	5820699	559135462
16563	LG22	138954	553453717
16577	LG22	4572970	557887733
16729	LG22	209898	553524661
17004	LG22	9292673	562607436
17228	LG22	11276756	564591519
18168	LG22	2749536	556064299
18251	LG22	20341831	573656594
18293	LG22	17277075	570591838
18318	LG22	3971952	557286715
18398	LG22	1046541	554361304
18448	LG22	15177242	568492005
18881	LG22	7620032	560934795
19050	LG22	5557857	558872620
19286	LG22	10702229	564016992
19384	LG22	2473590	555788353
20462	LG22	10749043	564063806
20835	LG22	15230255	568545018
21069	LG22	17334198	570648961
21271	LG22	12358879	565673642
21358	LG22	1489889	554804652
21537	LG22	11444989	564759752
21880	LG22	10669955	563984718
21924	LG22	6202798	559517561
22364	LG22	19950094	573264857
22406	LG22	15374292	568689055
22899	LG22	10850682	564165445
23351	LG22	3637554	556952317
23429	LG22	1779035	555093798
23627	LG22	11043718	564358481
23721	LG22	12306044	565620807
23783	LG22	3255366	556570129
23922	LG22	8131824	561446587
23950	LG22	4037329	557352092
24544	LG22	5932831	559247594
24664	LG22	3891485	557206248
24742	LG22	8820938	562135701
24986	LG22	10906649	564221412
25122	LG22	9982884	563297647
25162	LG22	10693061	564007824
392	LG23	8351293	583401759
630	LG23	8025312	583075778
671	LG23	17377949	592428415
899	LG23	11912788	586963254
1839	LG23	4126465	579176931
2189	LG23	6888771	581939237
2298	LG23	20369706	595420172
2382	LG23	570487	575620953
2498	LG23	2830661	577881127
2564	LG23	13632032	588682498
2603	LG23	14392966	589443432
2751	LG23	22985440	598035906
2985	LG23	17166837	592217303
3133	LG23	5391796	580442262
3238	LG23	14600916	589651382
3415	LG23	11685727	586736193
3814	LG23	16003346	591053812
4527	LG23	22742749	597793215
4599	LG23	4023710	579074176
5227	LG23	17985491	593035957
5570	LG23	13796931	588847397
5586	LG23	5729686	580780152
5633	LG23	7996770	583047236
5642	LG23	8385469	583435935
5662	LG23	10116938	585167404
5744	LG23	5048977	580099443
5776	LG23	1598146	576648612
6080	LG23	8352729	583403195
6305	LG23	21996929	597047395
6329	LG23	21886964	596937430
6816	LG23	3208908	578259374
6846	LG23	10359919	585410385
7283	LG23	18658490	593708956
7419	LG23	5629536	580680002
7754	LG23	22966482	598016948
8554	LG23	4965463	580015929
8936	LG23	7449359	582499825
9415	LG23	3879604	578930070
9580	LG23	15099859	590150325
9886	LG23	2904649	577955115
10236	LG23	16472284	591522750
10319	LG23	12543949	587594415
10538	LG23	7622332	582672798
10667	LG23	10179282	585229748
10675	LG23	19071795	594122261
10689	LG23	16518732	591569198
10820	LG23	22823800	597874266
11336	LG23	17114644	592165110
11675	LG23	9980807	585031273
11714	LG23	1316258	576366724
12568	LG23	3548982	578599448
12758	LG23	18804744	593855210
13087	LG23	7156359	582206825
13432	LG23	8664423	583714889
13462	LG23	14995379	590045845
13620	LG23	11685815	586736281
14075	LG23	4746307	579796773
14115	LG23	1801745	576852211
14612	LG23	9619657	584670123
14913	LG23	8352641	583403107
15074	LG23	14931584	589982050
15156	LG23	2485583	577536049
15171	LG23	9283213	584333679
15560	LG23	19944389	594994855
15780	LG23	5975215	581025681
15796	LG23	10082796	585133262
15823	LG23	9068386	584118852
16098	LG23	11428544	586479010
16157	LG23	19649645	594700111
16180	LG23	10509126	585559592
16231	LG23	9724724	584775190
16654	LG23	18467308	593517774
16861	LG23	1366855	576417321
16902	LG23	17396584	592447050
17917	LG23	6910701	581961167
18065	LG23	23935	575074401
18243	LG23	3883723	578934189
18938	LG23	14589392	589639858
19279	LG23	18562360	593612826
19344	LG23	6514656	581565122
19553	LG23	4941545	579992011
20083	LG23	19876950	594927416
20187	LG23	16912590	591963056
20899	LG23	6329971	581380437
20932	LG23	5701947	580752413
21003	LG23	12820690	587871156
21466	LG23	20456302	595506768
21573	LG23	15103569	590154035
22242	LG23	1656399	576706865
22328	LG23	688488	575738954
22386	LG23	1332557	576383023
22449	LG23	10287740	585338206
22631	LG23	14763187	589813653
22842	LG23	5489707	580540173
23124	LG23	19544808	594595274
23387	LG23	11905996	586956462
23426	LG23	12507419	587557885
23534	LG23	13337311	588387777
23914	LG23	10085963	585136429
24232	LG23	11789069	586839535
24265	LG23	8127529	583177995
24518	LG23	16153639	591204105
25244	LG23	7799122	582849588