Locus	fst	chromosome	c.pos
15791	0.0211	PCodG	141695
12205	-0.0064	PCodG	144969
15232	0.0028	PCodG	1020445
13670	0.0003	PCodG	1022687
3096	0.1608	PCodG	1380478
16742	-0.0029	PCodG	1741024
23271	0.0775	PCodG	2020904
5208	-0.0032	PCodG	2044448
13090	0.0428	PCodG	2507110
14344	0.0189	PCodG	2557271
3917	-0.0013	PCodG	2734304
24936	-0.0061	PCodG	2977826
25135	0.0364	PCodG	3189475
14379	0.0197	PCodG	3282792
13486	-0.0064	PCodG	3357702
9350	0.0292	PCodG	3570289
8336	0.0645	PCodG	3590892
1617	0.0209	PCodG	3728784
21801	0.0579	PCodG	3842286
15543	-0.0062	PCodG	3923225
19183	-0.0066	PCodG	4056640
18328	-0.0008	PCodG	4337363
22648	0.0162	PCodG	4342933
1773	-0.0068	PCodG	4343021
20195	0.1206	PCodG	4436797
6409	0.0003	PCodG	4436885
18309	-0.0013	PCodG	4438940
24083	0.0405	PCodG	4439028
13162	0.0728	PCodG	4650983
11437	0.0333	PCodG	4662599
19437	0.1156	PCodG	4662687
16955	0.0486	PCodG	4680553
14814	0.0065	PCodG	4757332
5894	-0.0051	PCodG	5179409
14329	-0.0009	PCodG	5404659
13937	-0.0042	PCodG	5901020
14234	0.0672	PCodG	5909093
11400	0.2509	PCodG	5957030
24153	0.0284	PCodG	5987265
8445	-0.0064	PCodG	6120990
4739	0.065	PCodG	6163089
24874	-0.0026	PCodG	6163947
16209	0.0292	PCodG	6164035
15217	-0.0058	PCodG	6363572
13020	0.303	PCodG	6378884
20794	0.0491	PCodG	6675702
22437	0.0038	PCodG	6834192
17825	-0.0029	PCodG	6887258
15240	0.0083	PCodG	7286931
15269	0.03	PCodG	7489971
8242	0.0143	PCodG	7621451
10366	0.0396	PCodG	7718267
3843	0.127	PCodG	7799052
24178	0.0204	PCodG	7923832
12771	0.0429	PCodG	7923920
9801	0.2428	PCodG	8078099
1190	-0.0073	PCodG	8092422
20559	0.0449	PCodG	8160450
13142	0.0172	PCodG	8383158
4132	0.0084	PCodG	8475035
8218	-0.0069	PCodG	8477564
23556	-0.0036	PCodG	8703318
1094	0.0406	PCodG	8989975
15675	0.2184	PCodG	8990063
5482	-0.0006	PCodG	9010262
7545	0.0477	PCodG	9399694
1713	0.0126	PCodG	9493971
23449	-0.0071	PCodG	9519370
1393	0.0338	PCodG	9598261
8312	-0.0059	PCodG	9665796
17660	0.1571	PCodG	9866994
9645	0.0644	PCodG	10419488
2455	0.0285	PCodG	10925525
8789	-0.0064	PCodG	11152405
11140	-0.0078	PCodG	11291570
5753	0.091	PCodG	11309141
9596	0.013	PCodG	11383360
17561	-0.0024	PCodG	11481567
23584	-0.0072	PCodG	11497482
22978	-0.0012	PCodG	11703390
1602	0.2106	PCodG	11804307
2780	0.3623	PCodG	11869646
13506	0.003	PCodG	12222620
24673	-0.0047	PCodG	12331744
21844	-0.0063	PCodG	12649886
21720	0.003	PCodG	12649886
9825	0.0001	PCodG	12866887
9456	0.0023	PCodG	12895039
17342	-0.0075	PCodG	13165795
13276	0.0005	PCodG	13203369
7855	-0.0061	PCodG	13272763
1176	0.0413	PCodG	13275503
23055	-0.0037	PCodG	13348517
17074	-0.0084	PCodG	13460605
19716	0.1449	PCodG	13543599
15548	0.1065	PCodG	13549939
7573	0.0481	PCodG	13566886
253	-0.0066	PCodG	13663746
11711	-0.0079	PCodG	14052789
24779	0.2337	PCodG	14182553
16291	0.0276	PCodG	14215233
14720	0.0682	PCodG	14360204
22931	-0.0011	PCodG	14391336
20245	0.0439	PCodG	14915282
8568	0.0055	PCodG	14990824
6220	0.1569	PCodG	15305774
5584	0.0042	PCodG	15478086
16036	0.002	PCodG	15698538
5925	-0.0036	PCodG	15884506
12756	-0.0077	PCodG	15941922
20222	0.0008	PCodG	15949701
16522	0.0439	PCodG	16029166
6077	0.0031	PCodG	16099585
15053	0.0401	PCodG	16100804
765	0.1346	PCodG	16350985
21518	0.3341	PCodG	16668458
2990	0.0371	PCodG	17231504
24372	-0.0023	PCodG	17254201
6225	0.0007	PCodG	17343059
23717	0.133	PCodG	17410032
16441	-0.004	PCodG	17478244
3473	0.0082	PCodG	17544233
7823	-0.0067	PCodG	17686137
15708	-0.0022	PCodG	17762848
23879	0.0135	PCodG	17874079
3794	-0.0061	PCodG	17891914
13135	0.0338	PCodG	17894333
4365	-0.0025	PCodG	18164746
22376	0.0626	PCodG	18270121
10477	0.082	PCodG	18299147
18099	0.068	PCodG	18634387
8649	0.0166	PCodG	18885301
6218	0.0264	PCodG	18938963
7173	-0.007	PCodG	18990205
4301	-0.0057	PCodG	18990497
20154	0.0609	PCodG	19065023
1275	0.1103	PCodG	19119404
12082	0.0302	PCodG	19122718
6687	0.0359	PCodG	19131955
25090	0.0619	PCodG	19484176
17462	0.0164	PCodG	19558080
4103	0.04	PCodG	19759592
20926	-0.0012	PCodG	19851693
9000	-0.0075	PCodG	20164805
17329	-0.0048	PCodG	20190450
1730	0.0096	PCodG	20219379
15393	0.0562	PCodG	20244563
16989	-0.0082	PCodG	20244651
3223	0.06	PCodG	21052003
18566	0.0951	PCodG	21078734
21583	0.0102	PCodG	21139714
24866	0.0032	PCodG	21344701
19900	0.0861	PCodG	21474610
10039	0.0191	PCodG	21639498
7286	-0.0079	PCodG	21876491
10399	-0.0054	PCodG	22235777
12877	-0.0061	PCodG	22265414
16033	0.0279	PCodG	22274751
1037	0.0455	PCodG	22314645
9965	0.0343	PCodG	22419167
18308	0.0185	PCodG	22419255
23529	0.046	PCodG	22426003
7275	0.0269	PCodG	22595118
24934	0.0203	PCodG	22930946
11054	0.0186	PCodG	22931034
2866	-0.0018	PCodG	23087036
25204	0.0537	PCodG	23131382
9277	0.0031	PCodG	23131469
5569	0.1657	PCodG	23205145
13275	0.0601	PCodG	23209262
9894	0.0938	PCodG	23601228
22373	0.0348	PCodG	23816773
4003	0.0682	PCodG	24038892
17121	0.1307	PCodG	24067024
11504	0.0054	PCodG	24263046
3776	0.1299	PCodG	24455925
19526	0.0447	PCodG	24606463
4909	0.0237	PCodG	24794728
11479	0.2193	PCodG	24916735
9421	0.0156	PCodG	24972595
19996	0.0187	PCodG	25476068
8948	-0.0048	PCodG	25476939
9870	0.0031	PCodG	25537657
19340	-0.0068	PCodG	25547121
7341	-0.0012	PCodG	25623962
16833	0.0171	PCodG	25695043
13766	0.0196	PCodG	26270788
126	0.019	PCodG	26277273
2672	0.0812	PCodG	26278837
9996	-0.0082	PCodG	26278925
23915	0.015	PCodG	26446274
6410	0.0307	PCodG	26825592
15925	0.0261	PCodG	26825871
1059	-0.0055	PCodG	27624343
2973	0.117	PCodG	27732633
3630	-0.0068	PCodG	28032467
2966	0.1575	PCodG	28089763
13923	-0.0046	PCodG	28259281
9530	0.0368	PCodG	28790718
9673	0.097	PCodG	28853264
5748	0.0081	PCodG	28862944
12161	-0.0075	PCodG	29008908
22330	-0.0067	PCodG	29763729
2227	0.0256	PCodG	30056977
12720	0.0244	PCodG	30057065
23643	0.0724	PCodG	30482401
12652	0.0183	PCodG	30500667
24808	-0.0067	PCodG	31166431
8450	0.0005	PCodG	31238335
14890	0.0187	PCodG	31372751
19616	0.006	PCodG	31438768
5650	0.0174	PCodG	31988352
20570	-0.0002	PCodG	32152093
11304	0.0078	PCodG	32416693
14293	0.0025	PCodG	32533454
17606	-0.0063	PCodG	32828401
23345	-0.0007	PCodG	32837007
10191	0.0035	PCodG	33338755
13038	-0.0045	PCodG	33446058
18002	0.0862	PCodG	33779354
16683	0.0119	PCodG	33806095
15713	0.0052	PCodG	33861253
13249	0.0677	PCodG	33861341
20284	0.0879	PCodG	33929061
21377	0.0439	PCodG	34114668
8277	0.0434	PCodG	34251537
9741	0.0421	PCodG	34284208
803	0.0191	PCodG	34319072
19750	0.0188	PCodG	34870937
19094	0.0166	PCodG	34923103
6195	-0.0068	PCodG	34926612
11378	0.0017	PCodG	35961581
20552	0.3536	PCodG	36008685
6709	-0.005	PCodG	36622767
6275	-0.0059	PCodG	36727667
6441	-0.0064	PCodG	36871081
10012	-0.0055	PCodG	36871167
14655	-0.0051	PCodG	36910536
7390	-0.007	PCodG	37297323
24148	0.0791	PCodG	38206256
12065	0.0183	PCodG	38216603
15557	0.0196	PCodG	38216691
3016	-0.0069	PCodG	38599675
17073	0.0307	PCodG	38669108
23838	0.045	PCodG	39343894
19045	0.0309	PCodG	39405439
10878	-0.0011	PCodG	39437753
2332	-0.0075	PCodG	39448770
20452	0.0008	PCodG	39675630
19126	0.0349	PCodG	39707118
6887	0.0186	PCodG	39770106
8305	0.0058	PCodG	39979944
8547	0.0679	PCodG	40170531
15735	-0.0003	PCodG	40211573
3623	-0.0017	PCodG	40328183
17332	-0.0013	PCodG	40604409
3116	0.2228	PCodG	40730063
17016	0.0679	PCodG	40968526
2196	0.1029	PCodG	42004029
25143	0.0347	PCodG	42405482
3172	-0.0013	PCodG	42734192
4836	-0.0069	PCodG	43238925
6156	-0.0028	PCodG	43341403
12194	-0.0022	PCodG	43867771
2110	0.0007	PCodG	44018688
5196	-0.0051	PCodG	44551268
18780	-0.005	PCodG	44551356
695	0.0917	PCodG	45124187
15109	0.0994	PCodG	45223269
3791	0.1143	PCodG	45230059
246	0.0065	PCodG	45390677
11273	0.0654	PCodG	46276157
12434	0.0189	PCodG	46322076
23203	0.1314	PCodG	46435793
8045	-0.0062	PCodG	46751611
21277	0.1296	PCodG	46902590
23624	0.0004	PCodG	47304953
1906	0.0409	PCodG	47313540
22340	0.0079	PCodG	47386533
23112	0.0431	PCodG	47482291
20572	-0.0001	PCodG	47529951
17985	0.0099	PCodG	47543390
22508	-0.0058	PCodG	47613403
8778	-0.0076	PCodG	47679767
17391	0.0065	PCodG	47728420
111	-0.0063	PCodG	47828499
22131	0.0696	PCodG	48021360
7610	-0.0039	PCodG	48150550
4689	-0.0062	PCodG	48297403
16872	0.0192	PCodG	48310909
19598	0.1119	PCodG	48352730
18524	0.0371	PCodG	48770859
14635	-0.0004	PCodG	48854482
2733	0.0907	PCodG	48890627
17118	-0.0022	PCodG	49015878
16277	0.0471	PCodG	49361457
10577	-0.0004	PCodG	49444636
17040	-0.0051	PCodG	49568964
10806	-0.0065	PCodG	50129130
10304	-0.008	PCodG	50129218
13321	-0.0053	PCodG	50132516
5851	0.0174	PCodG	50225639
10227	-0.0003	PCodG	50225727
21078	0.0413	PCodG	50333435
10374	0.0077	PCodG	50393364
18887	-0.0015	PCodG	50826346
11413	0.0363	PCodG	50847737
8704	-0.0063	PCodG	50901523
23617	0.0004	PCodG	50930227
7806	0.1017	PCodG	50990691
12145	-0.0065	PCodG	51141507
22707	0.0324	PCodG	51449252
1855	-0.0042	PCodG	51574585
166	-0.0042	PCodG	51574673
3828	-0.0079	PCodG	51667643
20586	-0.0078	PCodG	52036983
24985	0.01	PCodG	52227958
4832	0.0095	PCodG	52883720
12892	0.0121	PCodG	53072430
2646	0.0079	PCodG	53085367
24288	-0.0063	PCodG	53146463
11905	0.118	PCodG	53328463
3879	0.0079	PCodG	53664552
7509	0.0571	PCodG	54259634
25446	-0.0062	PCodG	54760093
5924	-0.0028	PCodG	54840163
6147	-0.0037	PCodG	55117628
23508	0.061	PCodG	55117716
11166	0.142	PCodG	55175864
6971	0.2112	PCodG	55175952
25516	0.0065	PCodG	55495259
5079	0.0418	PCodG	55799321
8316	-0.0066	PCodG	56836312
7117	-0.0068	PCodG	57431011
12641	-0.0059	PCodG	57696243
13796	-0.004	PCodG	57737881
19441	-0.0031	PCodG	57842704
13850	0.0538	PCodG	57908106
5688	-0.0019	PCodG	59055947
20898	0.0656	PCodG	59080131
23215	0.091	PCodG	59287293
10350	-0.0065	PCodG	59426781
1287	0.0937	PCodG	59440012
7327	0.0962	PCodG	59558520
19081	0.0866	PCodG	59596520
15965	0.0206	PCodG	59596638
21613	0.007	PCodG	59633612
16360	0.0409	PCodG	59732388
6657	0.0418	PCodG	59987026
15903	0.1147	PCodG	60013971
15150	0.0676	PCodG	60027639
14032	0.0409	PCodG	60252255
4002	0.0334	PCodG	60412031
16706	0.1143	PCodG	60412119
8205	-0.0064	PCodG	60466406
23863	0.0128	PCodG	60482338
22694	0.0663	PCodG	60781000
6431	0.0819	PCodG	60781087
7975	0.0464	PCodG	60961488
2647	0.0611	PCodG	60961576
2371	-0.0051	PCodG	61120289
24348	0.008	PCodG	61409151
4453	0.0187	PCodG	62131799
22679	-0.0068	PCodG	62534886
11569	0.1059	PCodG	62679456
24370	-0.0046	PCodG	62710544
19425	0.0665	PCodG	63126045
10860	0.0711	PCodG	63126133
7485	-0.0077	PCodG	63190388
4905	0.0264	PCodG	63370235
3799	0.0207	PCodG	63502301
17132	-0.0049	PCodG	63621990
10685	-0.0032	PCodG	63648322
8375	-0.0045	PCodG	63953113
23475	0.1162	PCodG	64041312
4392	0.0206	PCodG	64191278
11290	-0.0066	PCodG	64427120
4815	-0.006	PCodG	64647326
21185	0.0187	PCodG	64684627
5902	0.0127	PCodG	65194362
3312	0.0143	PCodG	65428276
4010	0.0296	PCodG	66120225
14070	-0.0055	PCodG	66203762
7715	-0.0078	PCodG	66407414
7322	-0.0007	PCodG	66936000
6883	-0.0063	PCodG	67188301
17134	0.0448	PCodG	67212387
169	0.0186	PCodG	67689119
18438	0.0589	PCodG	67715935
22800	0.0426	PCodG	67746539
12190	0.0746	PCodG	67764817
20715	-0.004	PCodG	68665286
1845	0.0439	PCodG	68703455
24600	-0.0093	PCodG	69232850
13769	-0.0005	PCodG	69306231
13583	0.0112	PCodG	69797727
23544	0.0188	PCodG	70133287
21046	0.0204	PCodG	70391450
5524	0.0334	PCodG	70391538
3750	-0.0085	PCodG	70488909
21244	0.3198	PCodG	70760397
12657	-0.0028	PCodG	71483814
206	-0.0053	PCodG	71497063
9043	-0.0074	PCodG	71835356
10413	0.0063	PCodG	71995364
19255	0.001	PCodG	72195581
13291	-0.0029	PCodG	72195669
3853	-0.0028	PCodG	72275022
24082	0.0185	PCodG	72514211
3761	0.0025	PCodG	72664727
15069	0.095	PCodG	72670014
21327	0.0854	PCodG	72721500
1451	-0.0054	PCodG	72784157
1995	0.0232	PCodG	72791757
1957	0.0122	PCodG	72881471
2995	0.0341	PCodG	72940657
8572	0.0613	PCodG	73035377
101	0.0479	PCodG	73044117
7164	0.0442	PCodG	73051633
19592	-0.0049	PCodG	73158721
13063	0.0548	PCodG	73393028
25164	0.0357	PCodG	73851667
12881	0.0523	PCodG	74466571
6768	0.0024	PCodG	74471922
9864	0.0153	PCodG	74900169
9853	-0.0043	PCodG	75093330
14972	0.0441	PCodG	75562879
6429	-0.0069	PCodG	75571808
18535	-0.0075	PCodG	75731976
15442	-0.0069	PCodG	75804933
23706	0.0453	PCodG	75824372
6993	0.0989	PCodG	76159540
3885	0.0525	PCodG	76163115
12623	0.163	PCodG	76219238
24194	-0.0065	PCodG	76285323
4025	0.012	PCodG	76582236
25450	0.0728	PCodG	76663888
1193	-0.0046	PCodG	76901797
9704	0.0785	PCodG	77035950
23000	0.0042	PCodG	77090809
17454	0.0327	PCodG	77090897
2148	0.1467	PCodG	77175157
15677	0.0707	PCodG	77207998
19329	0.0422	PCodG	77313653
19881	0.0377	PCodG	77316865
22895	0.031	PCodG	77346813
19275	-0.0066	PCodG	77601042
2977	-0.0066	PCodG	77601130
20490	0.0234	PCodG	78026782
11162	-0.0026	PCodG	78061694
189	-0.0073	PCodG	78076457
12087	-0.0058	PCodG	78312630
23029	-0.0065	PCodG	78851643
5804	0.0066	PCodG	79434369
24772	0.0739	PCodG	79470200
18415	-0.0022	PCodG	79499613
16179	0.0163	PCodG	79625035
4747	0.0189	PCodG	79826111
440	0.0265	PCodG	79826199
1218	-0.0068	PCodG	80005771
4863	0.0076	PCodG	80196249
18994	0.0683	PCodG	80209048
10222	-0.0033	PCodG	80300263
14459	0.0178	PCodG	80426079
20148	0.0066	PCodG	80480560
2446	-0.0072	PCodG	81376804
5413	0.0676	PCodG	81429508
19975	0.0033	PCodG	81507393
15927	0.0119	PCodG	81642234
2621	-0.0053	PCodG	82188375
1091	0.0004	PCodG	82797056
17311	0.042	PCodG	82825285
9681	0.0376	PCodG	83008976
7074	0.1416	PCodG	83128244
221	0.0412	PCodG	83128332
9776	-0.007	PCodG	83656218
7081	0.0078	PCodG	84366846
9840	0.0108	PCodG	85600581
12334	0.0089	PCodG	85635342
4557	-0.0075	PCodG	85635430
9850	-0.0049	PCodG	86033355
16944	0.0883	PCodG	86567820
6567	0.0786	PCodG	87423952
5754	-0.0051	PCodG	87491653
16053	-0.007	PCodG	88354380
11627	0.0031	PCodG	88380435
4582	0.0672	PCodG	88380523
6609	-0.0071	PCodG	88600450
21738	0.0279	PCodG	89472880
21624	-0.0073	PCodG	90345632
16046	0.0214	PCodG	90709047
10906	0.0003	PCodG	91127813
5824	-0.0068	PCodG	91644676
17533	0.0066	PCodG	91808584
23371	0.002	PCodG	92408734
21339	0.0439	PCodG	92594974
7000	0.0665	PCodG	92818603
22863	0.1379	PCodG	92842851
6995	0.0439	PCodG	92936754
220	0.0083	PCodG	95418502
2334	0.0679	PCodG	95600552
1638	-0.0094	PCodG	95816909
1138	0.0056	PCodG	95867959
16474	-0.007	PCodG	96577147
9992	-0.0076	PCodG	96669812
9714	0.0272	PCodG	97047641
12768	0.1167	PCodG	97142936
12570	0.0188	PCodG	97272066
19718	-0.0041	PCodG	97595476
22434	-0.0032	PCodG	97612512
20057	0.0497	PCodG	97612600
21419	-0.0077	PCodG	97658455
12952	0.141	PCodG	97745199
20735	0.0005	PCodG	98611031
1122	-0.0065	PCodG	98648013
20255	0.0087	PCodG	98901952
8724	0.0094	PCodG	98928448
15910	0.0232	PCodG	98998508
22705	0.0882	PCodG	99238876
6182	0.0049	PCodG	99411275
23845	0.0076	PCodG	99481369
19756	-0.0066	PCodG	99499257
16800	-0.0079	PCodG	99522397
17357	0.0433	PCodG	99992077
2176	0.0085	PCodG	100215587
6519	-0.0068	PCodG	100408159
12515	0.0349	PCodG	100421533
16620	0.1498	PCodG	100425498
8018	0.0067	PCodG	100468718
12331	-0.0054	PCodG	100764215
24080	0.0468	PCodG	101110255
19761	0.0662	PCodG	101128825
11725	-0.0055	PCodG	101420982
25334	0.019	PCodG	101459866
25372	0.0444	PCodG	101463908
23191	-0.0042	PCodG	101535067
10136	0.0273	PCodG	101545847
4045	0.0561	PCodG	101617829
9898	-0.0045	PCodG	101932151
164	0.116	PCodG	102082801
7142	-0.0057	PCodG	102438146
17312	0.0303	PCodG	103328261
7962	-0.0001	PCodG	103820049
12982	-0.0068	PCodG	103855693
10585	0.017	PCodG	104060332
23795	-0.0078	PCodG	104221534
20413	-0.0072	PCodG	104283780
4373	-0.0072	PCodG	104752961
6522	0.0515	PCodG	104869732
4230	0.0437	PCodG	105199299
11736	0.1512	PCodG	105203321
8499	0.2224	PCodG	105204238
3694	0.0075	PCodG	105345446
2033	-0.0064	PCodG	106181564
4133	0.2075	PCodG	106676298
2154	0.0547	PCodG	106777765
20574	-0.0043	PCodG	106813910
8590	0.0189	PCodG	106859211
12352	0.0346	PCodG	107063160
1499	-0.0069	PCodG	107161574
23840	0.0426	PCodG	107269170
13845	0.0062	PCodG	107372165
4777	0.0318	PCodG	107435170
20158	0.1351	PCodG	107521843
7139	0.0281	PCodG	108188660
18193	0.0185	PCodG	108274779
23999	0.0281	PCodG	108480101
11896	-0.0038	PCodG	108502912
17909	-0.0012	PCodG	109209926
5171	0.0175	PCodG	109367066
7643	0.0129	PCodG	109543312
20561	0.0453	PCodG	109845661
22104	0.0093	PCodG	110077962
9878	0.0168	PCodG	110464678
15456	0.024	PCodG	110483857
4126	-0.0077	PCodG	110634966
21625	-0.0031	PCodG	111138553
16190	0	PCodG	111204458
4998	0.0044	PCodG	111642589
6956	0.1663	PCodG	111696807
10713	-0.007	PCodG	112365404
23705	-0.0041	PCodG	112387763
4898	-0.0049	PCodG	112387851
9316	0.0194	PCodG	112538888
10495	0.0042	PCodG	112661138
10022	-0.0052	PCodG	112731694
3553	0.1721	PCodG	112765828
14472	-0.0051	PCodG	112765915
1392	0.0455	PCodG	113115833
6672	0.0186	PCodG	113117838
1162	0.0207	PCodG	113217682
19740	-0.0045	PCodG	114370531
9308	0.0362	PCodG	114471266
13211	-0.0022	PCodG	114674080
8095	-0.0065	PCodG	114833258
7637	0.0516	PCodG	115105538
825	-0.0019	PCodG	115123390
4013	0.1493	PCodG	115324309
4212	0.0384	PCodG	115408276
25151	0.0403	PCodG	115713868
23528	0.0001	PCodG	116307497
3875	0.0437	PCodG	116313102
22930	0.006	PCodG	116424430
25555	0.0061	PCodG	116704498
17084	0.016	PCodG	116962949
10024	0.0212	PCodG	118786755
589	-0.0069	PCodG	119149840
10429	-0.005	PCodG	119169761
18975	0.0116	PCodG	119193802
5071	0.04	PCodG	119248601
11818	0.0652	PCodG	119263275
14659	0.0423	PCodG	119442830
10567	0.1021	PCodG	119589700
16947	0.0095	PCodG	119751722
8703	0.0176	PCodG	119986405
11509	0.02	PCodG	120204355
17252	0.0156	PCodG	120296988
4484	0.0042	PCodG	120585557
16264	0.0042	PCodG	120588263
14300	0.0167	PCodG	120827115
16456	-0.0056	PCodG	121383672
14426	0.0838	PCodG	121549806
6554	0.0439	PCodG	121587596
13100	0.0481	PCodG	121715425
15588	0.061	PCodG	121733184
10488	0.1783	PCodG	121766109
23427	0.0717	PCodG	122026637
12116	0.0334	PCodG	122111657
14064	0.1285	PCodG	122529710
20425	-0.003	PCodG	123112043
14657	0.0236	PCodG	123112131
2370	-0.0042	PCodG	123528599
11059	0.0229	PCodG	123588806
23421	0.0388	PCodG	123738715
8098	-0.0035	PCodG	123961378
16370	-0.0066	PCodG	124258449
11052	-0.0051	PCodG	124792046
12823	-0.0023	PCodG	125724080
23990	0.0255	PCodG	125881110
17919	-0.005	PCodG	126049583
17944	0.0521	PCodG	126192583
24751	0.0025	PCodG	126409728
6807	0.0655	PCodG	126532605
22431	-0.0057	PCodG	126681907
4761	0.0262	PCodG	126837664
7345	0.0861	PCodG	126854513
8048	-0.0022	PCodG	126900408
15308	0.2734	PCodG	126946280
109	-0.0064	PCodG	127150787
13066	0.0194	PCodG	127293795
1968	0.0106	PCodG	127295457
25641	0.0004	PCodG	127472335
17328	0.0745	PCodG	127617112
16580	-0.0065	PCodG	127691286
18979	-0.0054	PCodG	127739638
18355	0.0399	PCodG	127753513
17737	0.0501	PCodG	127753602
2046	-0.007	PCodG	127804469
10648	0.0029	PCodG	127879802
4644	0.0816	PCodG	127907886
4878	0.0062	PCodG	128001873
8027	0.0219	PCodG	128096484
15382	0.2652	PCodG	128161440
24504	-0.0068	PCodG	128202298
22739	0.0077	PCodG	128248230
10882	0.0021	PCodG	128283388
18925	-0.0051	PCodG	128377943
24009	0.0265	PCodG	129350613
13081	0.007	PCodG	129557306
11687	0.022	PCodG	129653214
10965	0.0347	PCodG	129719988
15300	-0.0045	PCodG	130255653
20381	-0.0029	PCodG	130641770
19118	0.0327	PCodG	130676171
17629	0.0183	PCodG	130728929
20144	0.0643	PCodG	131015975
13979	0.0376	PCodG	131021582
13846	-0.0031	PCodG	131025514
12291	0.0562	PCodG	131025602
13010	0.0214	PCodG	131697970
21290	0.026	PCodG	132794799
14762	0.01	PCodG	132976617
11483	-0.0054	PCodG	133183335
10838	-0.0016	PCodG	133837084
20929	0.064	PCodG	133898399
11738	0.0424	PCodG	133932121
17363	-0.0051	PCodG	134492523
16695	-0.0082	PCodG	134543986
25170	0.019	PCodG	134576744
9461	-0.0067	PCodG	134660015
23233	0.0188	PCodG	134660103
1454	0.0017	PCodG	134814784
982	0.037	PCodG	135060896
3728	-0.0073	PCodG	135156499
17779	0.0248	PCodG	135262869
1961	0.0942	PCodG	135373884
6944	0.0898	PCodG	135378845
22737	0.0268	PCodG	135423910
3057	-0.008	PCodG	135544449
15494	0.1085	PCodG	135594554
19937	0.0569	PCodG	135612065
24920	0.0077	PCodG	135773617
10276	0.0757	PCodG	135854584
2934	-0.0068	PCodG	135989127
23313	-0.0097	PCodG	136124858
4646	0.0597	PCodG	136358365
19856	0.0671	PCodG	136482045
13631	0.059	PCodG	136503363
5775	0.0147	PCodG	136532121
534	-0.0053	PCodG	136724791
10849	0.045	PCodG	136769209
13168	0.0125	PCodG	136819964
10660	0.0679	PCodG	136831767
22541	0.0425	PCodG	136851664
11191	-0.0066	PCodG	137051098
5600	0.0393	PCodG	137228044
1962	-0.0052	PCodG	137238672
19450	0.1038	PCodG	137465699
297	0.0245	PCodG	137473312
24976	-0.0055	PCodG	137576476
18694	-0.0056	PCodG	137683607
20449	0.0138	PCodG	137737082
8231	0.024	PCodG	137799487
14897	0.0721	PCodG	137824871
9174	0.0796	PCodG	137855060
15212	0.0101	PCodG	137942523
17718	0.0247	PCodG	138110794
18637	0.054	PCodG	138266818
2075	0.0664	PCodG	138269224
5469	0.0682	PCodG	138521539
15139	-0.0073	PCodG	138538610
11717	-0.007	PCodG	138655112
8849	0.0135	PCodG	138894650
14824	0.0168	PCodG	139118592
24371	0.1088	PCodG	139304383
13258	0.0955	PCodG	139920458
17738	0.0431	PCodG	140018563
8820	-0.0051	PCodG	140082351
13192	0.0054	PCodG	140371565
4613	0.0087	PCodG	140588195
20744	-0.0073	PCodG	140589857
9216	0.0652	PCodG	140780967
20128	0.1181	PCodG	140865480
17816	0.0066	PCodG	140925825
14626	0.069	PCodG	140925913
4213	-0.0027	PCodG	140926698
4727	-0.0063	PCodG	141178586
12701	0.0756	PCodG	141342227
9299	0.0005	PCodG	141371818
12123	0.0353	PCodG	142264424
7915	0.0538	PCodG	142371071
13991	0.0275	PCodG	143384058
24966	-0.0102	PCodG	143441582
10823	-0.0068	PCodG	144066176
20756	0.0001	PCodG	144257032
19689	-0.0066	PCodG	144304879
10386	-0.0028	PCodG	144307718
25271	0.1005	PCodG	144335678
14572	0.009	PCodG	144508433
10299	0.0006	PCodG	144772365
14955	0.3518	PCodG	144778935
23148	-0.0059	PCodG	144792983
12963	0.0003	PCodG	144982908
25630	0.0033	PCodG	145175366
6069	-0.0013	PCodG	145785370
19551	0.0352	PCodG	145912245
9967	0.0157	PCodG	146196709
9502	0.0566	PCodG	146261406
6260	-0.0054	PCodG	146319235
12746	-0.0063	PCodG	146514068
15140	-0.0039	PCodG	146514156
3734	-0.0088	PCodG	146615082
13308	-0.0004	PCodG	146778317
13575	0.043	PCodG	146918015
7870	0.0187	PCodG	146998728
927	0.0361	PCodG	147109770
21453	0.0699	PCodG	147268799
23753	0.0731	PCodG	147290383
15573	-0.0049	PCodG	147327067
18841	0.1074	PCodG	147345481
11663	-0.0007	PCodG	147475742
4799	-0.0055	PCodG	147590910
5610	0.1507	PCodG	147654658
9369	0.0177	PCodG	147738635
14140	-0.0066	PCodG	148206207
18743	0.0348	PCodG	148381573
20101	0.0143	PCodG	148423641
5576	-0.0018	PCodG	148547634
3940	0.1347	PCodG	148555946
16571	0.1085	PCodG	148556034
2522	0.0432	PCodG	148717476
21614	0.0459	PCodG	148717564
21699	-0.0081	PCodG	148932338
6342	-0.0053	PCodG	149468683
13537	0.0866	PCodG	149638294
5770	0.0186	PCodG	150190412
14176	0.014	PCodG	150293127
19990	-0.0015	PCodG	150710398
13341	0.0112	PCodG	151242730
15701	0.0259	PCodG	151252603
381	-0.0059	PCodG	151579589
11521	0.019	PCodG	151735571
11092	0.0319	PCodG	152023100
16166	0.008	PCodG	152152870
15332	-0.0032	PCodG	152377204
9135	0.0189	PCodG	152870844
8758	-0.0074	PCodG	153087102
813	0.0236	PCodG	153562670
20021	0.0083	PCodG	153621481
8872	0.0087	PCodG	153628869
5077	0.017	PCodG	153643725
8327	0.1266	PCodG	154278141
24665	-0.0014	PCodG	154959514
3887	0.1402	PCodG	154967453
7726	-0.0047	PCodG	155454142
13323	0.0137	PCodG	155702152
25368	0.0112	PCodG	155748965
20867	0.0918	PCodG	155912966
2331	0.0031	PCodG	156491941
9684	0.019	PCodG	156906567
12544	0.0085	PCodG	156983641
9582	-0.007	PCodG	157438261
16968	0.0279	PCodG	157735954
21921	0.0821	PCodG	157736042
23650	0.1603	PCodG	157787018
22783	0.0592	PCodG	157840009
3973	-0.0054	PCodG	158194372
24868	0.0133	PCodG	158208954
23346	0.0256	PCodG	158408537
13547	0.0166	PCodG	158435035
7735	-0.0064	PCodG	158999664
14906	0.04	PCodG	159047316
12288	0.0639	PCodG	159175585
4058	-0.0036	PCodG	159440656
4398	0.1731	PCodG	159686951
23788	0.0593	PCodG	160267223
5232	0.023	PCodG	160532482
1054	0.1097	PCodG	160587539
8805	0.013	PCodG	160676635
5336	0.1166	PCodG	160748328
12069	0.014	PCodG	160926344
4191	-0.0068	PCodG	161429863
23765	0.0214	PCodG	162022311
16839	-0.0054	PCodG	162148622
15407	0.0077	PCodG	162271444
4887	-0.0051	PCodG	162897239
23817	-0.0071	PCodG	163171412
19466	0.0071	PCodG	163297999
5465	0.0194	PCodG	163446358
7391	0.0425	PCodG	163454119
14522	0.077	PCodG	163557874
8057	0.1474	PCodG	163633638
16898	0.1707	PCodG	163704175
16504	0.0139	PCodG	163710820
24663	0.0061	PCodG	163770166
18159	0.0312	PCodG	164174265
7666	0.0201	PCodG	164266757
12220	0.0444	PCodG	164452489
18782	-0.0048	PCodG	164597168
20465	0.0303	PCodG	164635530
14932	-0.0045	PCodG	164691846
4572	0.0026	PCodG	164746243
17898	0.0106	PCodG	164788320
23587	0.0086	PCodG	164857473
20402	0.0001	PCodG	165063719
10435	0.0162	PCodG	165539350
17066	-0.0027	PCodG	165654809
3396	0.0185	PCodG	166003744
16904	0.048	PCodG	166394661
13556	-0.0051	PCodG	166699409
23748	0.0305	PCodG	166699497
4472	0.0477	PCodG	166960004
3957	0.047	PCodG	166976836
23248	-0.0078	PCodG	167304420
23457	-0.0051	PCodG	168476663
9664	-0.0033	PCodG	169050757
13732	0.0254	PCodG	171032082
15536	-0.0068	PCodG	172045330
8890	-0.0056	PCodG	172643291
16410	-0.0103	PCodG	172723580
23190	-0.0043	PCodG	173096348
13652	0.0671	PCodG	173479699
7763	-0.0051	PCodG	173631546
8334	0.1612	PCodG	174198757
6882	0.0897	PCodG	174232115
63	0.012	PCodG	174403914
10210	0.0462	PCodG	175032935
8898	0.0217	PCodG	175165646
17318	-0.0031	PCodG	175313153
17835	0.0117	PCodG	175536824
11760	0.0389	PCodG	175672613
14667	0.0186	PCodG	175691405
3284	0.0367	PCodG	175693340
23562	0.0872	PCodG	175906333
3095	0.005	PCodG	176953912
9434	-0.0039	PCodG	177030431
11576	-0.0019	PCodG	177030519
12578	-0.0042	PCodG	177121662
8100	0.0034	PCodG	177581927
14999	0.0151	PCodG	177582680
7875	0.1429	PCodG	177606100
23986	-0.0059	PCodG	177851570
15934	0.0091	PCodG	177936259
10215	-0.0058	PCodG	177956825
13198	0.0142	PCodG	178131081
25059	0.0782	PCodG	178349402
20885	-0.0069	PCodG	178441722
2520	0.0157	PCodG	178515495
14810	-0.0023	PCodG	178773316
5031	0.0012	PCodG	178882261
2735	0.026	PCodG	179389736
3195	0.011	PCodG	179451298
1555	0.0423	PCodG	179584887
14640	0.1201	PCodG	179699179
23944	-0.0062	PCodG	180536844
1737	0.0236	PCodG	180794101
25567	0.0248	PCodG	180899043
10999	0.0008	PCodG	180923115
14546	-0.0053	PCodG	180985253
22166	-0.0083	PCodG	181008092
10285	-0.0041	PCodG	181048379
24274	0.1134	PCodG	181391026
4637	0.1118	PCodG	181565333
24467	0.0048	PCodG	181607994
21874	0.0579	PCodG	181717513
4660	-0.0056	PCodG	182032444
17141	0.005	PCodG	182300089
7479	0.0176	PCodG	182389666
925	-0.0051	PCodG	182399640
7171	-0.0061	PCodG	182439698
6697	0.0097	PCodG	182456874
18517	-0.0022	PCodG	182711911
17036	-0.0074	PCodG	182756455
14474	0.0218	PCodG	183534774
2069	0.0007	PCodG	183586578
22303	0.1064	PCodG	183647418
22862	-0.0017	PCodG	183755473
23947	0.0146	PCodG	183761621
7458	-0.005	PCodG	183915234
17631	0.0005	PCodG	184048764
18619	-0.0083	PCodG	184337090
8813	0.0246	PCodG	184375569
15473	0.0156	PCodG	184657858
19904	-0.0024	PCodG	184657946
24287	-0.0058	PCodG	184762832
21934	-0.0066	PCodG	184810448
4150	0.0527	PCodG	184944083
24440	0.014	PCodG	184945899
19785	0.1294	PCodG	185818904
21829	0.0031	PCodG	185891850
11943	0.0276	PCodG	186596194
5417	0.0848	PCodG	186793430
13935	0.0716	PCodG	187070129
18796	-0.0052	PCodG	187071612
12962	0.0717	PCodG	187144988
2319	0.0183	PCodG	187150602
15645	0.1764	PCodG	187156688
6534	0.0464	PCodG	187173568
6635	0.0446	PCodG	187200847
12380	0.0462	PCodG	187200935
16164	-0.0063	PCodG	187228783
23908	0.0035	PCodG	187283734
20990	0.0028	PCodG	187284579
20197	0.0196	PCodG	187926469
11768	0.026	PCodG	188143265
11902	0.18	PCodG	188199670
22276	0.0021	PCodG	188493478
11500	0.0416	PCodG	188574510
22937	0.0811	PCodG	189247897
16168	0.014	PCodG	189485280
2830	-0.0068	PCodG	189486121
1490	-0.007	PCodG	189577757
3798	0.0571	PCodG	189614659
21016	-0.0065	PCodG	189661344
11417	0.0175	PCodG	189773093
20163	-0.0081	PCodG	190458636
7604	-0.0052	PCodG	190811021
19632	0.0744	PCodG	191022164
6357	0.1618	PCodG	191383976
17670	0.1534	PCodG	191638111
19046	-0.0061	PCodG	191639175
11886	0.1032	PCodG	192094924
3307	0.0026	PCodG	192326849
23211	0.0499	PCodG	192337369
24833	0.0273	PCodG	192821552
12946	0.0434	PCodG	193074674
8693	-0.007	PCodG	193096201
20753	0.0735	PCodG	193219547
1258	0.0187	PCodG	193335565
11488	-0.0048	PCodG	193368791
11406	0.1366	PCodG	193420529
12394	0.0023	PCodG	193467553
20472	-0.0077	PCodG	193482612
11176	-0.0022	PCodG	193516027
19020	0.0172	PCodG	193524473
16425	0.0127	PCodG	193737013
4514	0.0846	PCodG	193835548
19879	0.0097	PCodG	193855658
12564	0.0238	PCodG	193971085
22430	0.1608	PCodG	194055763
16718	-0.006	PCodG	194119388
25032	0.0125	PCodG	194216449
16834	-0.0057	PCodG	194283694
24680	0.0098	PCodG	194350323
964	-0.0073	PCodG	194371496
7313	-0.0092	PCodG	194371584
1036	-0.0059	PCodG	194779686
19685	0.0012	PCodG	194839928
17993	0.0183	PCodG	195029525
11566	-0.0062	PCodG	195095348
3606	0.2105	PCodG	195334886
21961	0.029	PCodG	195744746
17216	0.0632	PCodG	195779657
20248	0.0762	PCodG	196017881
23402	0.0866	PCodG	196226919
4381	0.026	PCodG	196245901
9667	-0.0006	PCodG	196279099
5739	0.1028	PCodG	196545049
7395	0.013	PCodG	196708990
19372	0.008	PCodG	197068809
7058	0.0375	PCodG	197946107
14421	-0.0057	PCodG	198049543
8103	-0.0075	PCodG	198053529
14153	0.018	PCodG	198524243
200	0.0344	PCodG	198614126
174	0.0541	PCodG	198698709
4596	0.0818	PCodG	199148026
19342	0.0024	PCodG	201129104
17856	0.0448	PCodG	201562780
15973	-0.0057	PCodG	202098242
3193	-0.0066	PCodG	202189792
16186	0.036	PCodG	202327350
23100	-0.001	PCodG	202802040
22626	0.0106	PCodG	202974450
3207	0.0179	PCodG	203035046
12508	0.019	PCodG	203186442
16965	0.0087	PCodG	203198008
16238	-0.0043	PCodG	203198096
20526	0.0188	PCodG	203360148
7046	-0.0025	PCodG	203574576
3244	0.1088	PCodG	203881848
6771	0.3654	PCodG	204099175
820	0.0442	PCodG	204169558
11850	-0.0054	PCodG	204206078
16032	0.3267	PCodG	204248906
21540	0.0087	PCodG	204343177
11257	0.0667	PCodG	204430806
15024	0.0031	PCodG	204457064
8002	-0.0015	PCodG	204479952
21600	-0.0051	PCodG	204557417
5623	-0.0013	PCodG	204625973
7290	0.0101	PCodG	204971305
16803	0.128	PCodG	205454513
19587	0.0249	PCodG	205564974
8803	-0.0015	PCodG	205565062
22900	0.1699	PCodG	205687530
16134	0.0298	PCodG	205692188
14537	0.0895	PCodG	205705719
11132	0.0113	PCodG	205968296
8208	0.0231	PCodG	206143205
15112	0.0124	PCodG	206298804
3373	0.021	PCodG	206353278
10421	0.221	PCodG	206615038
5060	0.0021	PCodG	206976678
16292	0.0054	PCodG	207177629
10844	0.0207	PCodG	207184260
12064	-0.0075	PCodG	207429328
23580	0.0617	PCodG	207511931
1693	-0.0042	PCodG	207630106
18900	0.0008	PCodG	207734177
10431	0.1075	PCodG	207751305
545	-0.002	PCodG	207799835
15748	0.0259	PCodG	207833278
24825	0.0582	PCodG	207990642
4491	0.0679	PCodG	208019458
18628	0.0541	PCodG	208202024
21539	-0.0053	PCodG	208209923
16698	0.0002	PCodG	208282639
4040	0.0421	PCodG	208298840
16165	0.0281	PCodG	208309455
571	0.327	PCodG	208458261
2506	0.0288	PCodG	208682680
7865	0.0046	PCodG	208751318
9679	0.0352	PCodG	208839274
13723	0.0177	PCodG	208891123
17666	0.0515	PCodG	208891211
22563	0.0174	PCodG	209206784
23593	0.0065	PCodG	209211051
16121	0.1022	PCodG	209379836
18615	0.0142	PCodG	209508464
4368	0.0883	PCodG	210131223
23293	0.0004	PCodG	210230659
7501	0.074	PCodG	210514703
256	0.0386	PCodG	210570741
227	-0.007	PCodG	211036962
24384	0.0091	PCodG	211142681
17870	-0.0015	PCodG	211226622
1098	-0.0011	PCodG	211346639
9229	0.162	PCodG	211573745
23395	0.0564	PCodG	211573833
1821	0.0282	PCodG	212027051
20760	-0.0058	PCodG	212496657
3161	0.0488	PCodG	212517088
10061	0.1169	PCodG	213045473
25277	0.1166	PCodG	213168251
5450	0.1343	PCodG	213212594
10951	0.0185	PCodG	213793397
7974	0.045	PCodG	213953489
11420	0.0407	PCodG	214413213
24993	-0.0057	PCodG	214961820
9284	0.0251	PCodG	215100283
943	0.0315	PCodG	215252449
13241	0.0716	PCodG	215400370
11759	0.356	PCodG	215488900
18889	-0.0064	PCodG	215532811
6229	0.0689	PCodG	215770068
7807	0.0005	PCodG	215856460
2234	-0.0032	PCodG	216335493
17392	0.0082	PCodG	216423970
22332	0.0194	PCodG	216484306
16942	-0.0078	PCodG	216501574
9888	0.0194	PCodG	216685397
12521	0.0455	PCodG	216925645
8997	-0.0065	PCodG	217429845
1266	-0.0082	PCodG	218154900
19923	0.018	PCodG	218319998
2851	-0.0053	PCodG	218455031
4317	0.0595	PCodG	218902912
16087	0.1186	PCodG	218917333
13724	-0.0041	PCodG	218950220
18702	-0.0064	PCodG	218950308
373	0.0014	PCodG	219321800
9940	-0.0002	PCodG	219753725
17885	0.0017	PCodG	220398552
16205	0.0182	PCodG	220720001
9419	0.0188	PCodG	221589415
22526	0.0083	PCodG	221712394
23159	0.0594	PCodG	221933682
22824	0.0437	PCodG	222144128
21470	0.0194	PCodG	222148209
4609	0.0167	PCodG	222148297
3197	0.0606	PCodG	222232490
18726	0.0024	PCodG	222516919
7522	-0.0013	PCodG	222784038
2368	0.0187	PCodG	223570792
23592	0.028	PCodG	223586848
15881	0.0179	PCodG	223878324
14342	0.0423	PCodG	224325097
21802	0.0183	PCodG	224792468
7128	0.0023	PCodG	225388070
11018	0.3525	PCodG	225438563
4556	-0.0062	PCodG	226055675
3651	0.1271	PCodG	226055763
18276	-0.0052	PCodG	226077258
12566	0.003	PCodG	226667637
20522	0.0718	PCodG	226690372
10172	0.0427	PCodG	227258617
25269	0.1177	PCodG	227338959
18196	0.0918	PCodG	227760820
21061	0.0844	PCodG	227962849
7151	0.061	PCodG	228404829
20726	0.0987	PCodG	228619888
5685	0.001	PCodG	228678443
25028	0.0025	PCodG	228819015
23354	0.0401	PCodG	228839024
3683	0.0628	PCodG	228863855
8194	0.2861	PCodG	229069992
16637	0.0014	PCodG	229094001
12971	-0.0031	PCodG	229497031
7109	-0.0025	PCodG	229500259
3948	-0.0073	PCodG	229854704
21120	0.1413	PCodG	230331111
12803	-0.0003	PCodG	230472961
15471	0.0526	PCodG	230651323
5011	0.0506	PCodG	230651411
415	-0.005	PCodG	231127358
1047	0.0976	PCodG	231129979
20890	0.0211	PCodG	231236716
19199	-0.0034	PCodG	231236804
21454	0.0569	PCodG	231288582
13813	0.0162	PCodG	231342023
22698	0.1589	PCodG	231622087
14594	-0.0049	PCodG	232012870
20036	0.0827	PCodG	232120715
14042	0.0343	PCodG	232763182
11691	-0.0019	PCodG	232763272
13279	-0.0051	PCodG	233579913
4702	0.0067	PCodG	233632383
7514	-0.0051	PCodG	233645551
15907	0.0171	PCodG	233648290
5853	0.0484	PCodG	234093621
561	0.0293	PCodG	234257091
12713	-0.0068	PCodG	234449491
5174	0.2321	PCodG	234530589
9489	0.0305	PCodG	234604087
12567	0.053	PCodG	234604175
25293	0.0028	PCodG	234604595
5882	0.0216	PCodG	234644742
20798	0.0478	PCodG	234866002
19371	0.0376	PCodG	234872376
9576	0.0675	PCodG	234910707
18401	0.0016	PCodG	235045465
11848	0.0679	PCodG	235324169
23308	0	PCodG	235448265
617	0.0005	PCodG	235480613
18757	-0.0008	PCodG	235480768
22918	0.1338	PCodG	235678060
16806	0.1785	PCodG	235680117
15462	-0.0001	PCodG	235765201
20446	0.0793	PCodG	235855124
17230	-0.0054	PCodG	235950736
7104	0.0831	PCodG	235950824
12017	0.0949	PCodG	236469364
11849	0.0118	PCodG	236747312
23143	0.0748	PCodG	236776354
20265	0.0446	PCodG	236805274
1311	0.0676	PCodG	236805360
9215	-0.0057	PCodG	236990673
22806	-0.0001	PCodG	237054654
11307	0.0088	PCodG	237171551
22092	0.1309	PCodG	237428576
7328	0.2297	PCodG	237479831
24117	0.0195	PCodG	237479919
17185	0.0458	PCodG	237694452
17702	0.0263	PCodG	237702097
21686	0.0505	PCodG	238109162
410	0.0246	PCodG	238109252
7314	0.0885	PCodG	238136310
8322	0.0885	PCodG	238221186
8199	-0.0071	PCodG	238647888
2792	0.0158	PCodG	238801441
12201	0.0687	PCodG	238863752
15311	-0.0076	PCodG	239073662
9668	0.0332	PCodG	239302317
23785	0.0208	PCodG	239317698
7818	0.0201	PCodG	239657727
19083	-0.0017	PCodG	240206027
15650	0.0186	PCodG	240274888
22246	0.1536	PCodG	240302238
13476	-0.0023	PCodG	240306941
14260	0.1475	PCodG	240320472
13129	-0.0036	PCodG	240701255
9611	0.0857	PCodG	240824298
4617	-0.0001	PCodG	241021822
17959	-0.002	PCodG	241052638
1582	-0.0011	PCodG	241123479
4090	0.0059	PCodG	241246858
17001	-0.0038	PCodG	241293810
9980	0.0062	PCodG	241312525
17038	0.0008	PCodG	241312613
16009	0.0174	PCodG	241589869
21118	0.1918	PCodG	241827184
5451	0.0165	PCodG	241835689
22640	-0.0051	PCodG	241835777
9966	-0.0052	PCodG	241856574
22488	0.0218	PCodG	241939275
4960	-0.0024	PCodG	241993802
39	0.0605	PCodG	242065288
17442	-0.0065	PCodG	242207114
8603	0.0034	PCodG	242618279
379	-0.0013	PCodG	242674496
16667	0.0193	PCodG	243445188
7759	0.0007	PCodG	243462795
21239	0.1252	PCodG	243549215
11459	-0.0081	PCodG	243604242
5423	0.0327	PCodG	243605925
9545	0.3951	PCodG	243668451
4459	0.0726	PCodG	243677462
18188	0.0083	PCodG	243997105
13207	0.0058	PCodG	244132740
263	-0.007	PCodG	244160367
3031	-0.0013	PCodG	244208903
12648	0.0124	PCodG	244298556
9082	0.0366	PCodG	244591836
12516	0.0165	PCodG	244621663
13461	-0.007	PCodG	244742250
23178	-0.003	PCodG	245024832
19360	0.0044	PCodG	245828056
5980	0.0034	PCodG	246069836
18319	0.0432	PCodG	246072515
12384	0.2826	PCodG	246581894
20337	0.0135	PCodG	246609103
17912	0.0324	PCodG	247217818
9387	-0.005	PCodG	247638093
23136	-0.008	PCodG	247725446
2895	0.0135	PCodG	247725534
19310	-0.0002	PCodG	247727203
11209	-0.0045	PCodG	247753884
17968	0.0612	PCodG	247753972
20068	0.0747	PCodG	247812081
8124	-0.0087	PCodG	247949728
13163	0.0026	PCodG	248102044
5577	-0.0066	PCodG	248152917
1794	0.0388	PCodG	248326573
19682	0.0442	PCodG	248541832
20117	-0.0016	PCodG	248542404
11638	-0.0046	PCodG	248615465
4226	0.0848	PCodG	248790775
15567	0.0079	PCodG	249268622
9359	0.1451	PCodG	250648983
18050	0.0015	PCodG	250680818
5928	0.0109	PCodG	250935446
5002	0.0035	PCodG	250935534
16612	0.0937	PCodG	251125697
11954	-0.0036	PCodG	251821514
17879	0.0487	PCodG	251858764
6583	0	PCodG	252030954
9252	-0.0027	PCodG	252055429
18111	0.0373	PCodG	252090667
1073	0.0004	PCodG	252168670
17351	-0.0057	PCodG	252210979
18923	0.0758	PCodG	252519506
22771	-0.0037	PCodG	253349654
7781	-0.0074	PCodG	253717374
18248	0.0083	PCodG	253870345
22011	0.0439	PCodG	253872430
4426	0.1041	PCodG	253965490
10260	0.0658	PCodG	254043122
15607	0.0096	PCodG	254131680
25250	-0.0015	PCodG	254194592
21089	-0.0061	PCodG	254304954
10995	-0.0072	PCodG	254946788
6	0.0187	PCodG	255130893
13295	-0.0067	PCodG	255155997
5962	-0.0066	PCodG	255400291
18330	-0.0081	PCodG	255408706
244	0.0096	PCodG	255416499
885	-0.0011	PCodG	255416587
3434	-0.0085	PCodG	255568603
9159	0.0132	PCodG	255769505
10291	-0.0064	PCodG	256113189
10396	0.0059	PCodG	256805674
14287	-0.0003	PCodG	256995266
7214	0.022	PCodG	256996917
4620	0.058	PCodG	257378972
7791	-0.0058	PCodG	257379060
18629	0.0185	PCodG	257584744
21204	0.0857	PCodG	258082426
12584	0.2685	PCodG	258437254
16280	0.0414	PCodG	259197169
4206	-0.0045	PCodG	259358704
3753	-0.0026	PCodG	259426433
22961	-0.0063	PCodG	259483078
10966	0.0485	PCodG	259998542
92	0.0094	PCodG	260061530
12725	-0.0069	PCodG	260385110
21971	-0.0065	PCodG	260432646
8033	0.0028	PCodG	260460954
13125	0.0039	PCodG	260958346
12182	0.059	PCodG	261267899
198	-0.0093	PCodG	262107953
11049	-0.0031	PCodG	262143270
11546	0.0036	PCodG	262218821
20081	0.038	PCodG	262224023
13791	0.0482	PCodG	262263419
3121	-0.0004	PCodG	262423493
9755	0.0225	PCodG	262942652
12945	0.0037	PCodG	263014140
24796	-0.0041	PCodG	263465549
17990	-0.0013	PCodG	263465637
15313	0.0071	PCodG	263778322
23615	-0.004	PCodG	264288195
4083	0.0308	PCodG	264704534
3015	0.0177	PCodG	264729141
8507	0.065	PCodG	264825465
15234	0.07	PCodG	264825553
15009	-0.0008	PCodG	265228884
10015	0.0073	PCodG	265375997
8525	0.1517	PCodG	265932603
4251	-0.0052	PCodG	266203738
8597	0.0469	PCodG	266368570
14526	0.056	PCodG	266368658
11895	-0.0075	PCodG	266442549
1907	0.0825	PCodG	266664382
19023	0.1022	PCodG	266664470
11319	0.0158	PCodG	266843741
13301	0.1718	PCodG	266912678
4171	-0.0034	PCodG	267109331
25620	-0.0017	PCodG	267255987
17760	0.0041	PCodG	267661064
16422	0.0246	PCodG	268005151
24307	0.0704	PCodG	268065409
15002	0.0954	PCodG	268159689
18366	0.0118	PCodG	268159777
9538	0.0686	PCodG	268417084
20945	0.0699	PCodG	268932242
20920	0.083	PCodG	268970169
9452	0.0258	PCodG	268983317
7879	0.1784	PCodG	269033454
16245	-0.0044	PCodG	269330783
3248	0.0776	PCodG	269587104
10580	-0.0051	PCodG	269717554
19564	0.0195	PCodG	269911374
1872	0.0782	PCodG	270798090
19088	0.1051	PCodG	271051031
2558	0.0202	PCodG	271586315
4958	-0.0039	PCodG	271673407
11081	0.0184	PCodG	271687616
7913	-0.0039	PCodG	271974091
8486	0.0021	PCodG	272092182
11	-0.0034	PCodG	272444707
2705	0.0151	PCodG	272444795
25444	0.2053	PCodG	272563307
6033	-0.0001	PCodG	272843537
23146	0.0681	PCodG	272995942
716	0.0752	PCodG	273085728
8798	0.0711	PCodG	273758898
16791	0.019	PCodG	274705528
13036	0.0084	PCodG	275060510
12107	-0.0071	PCodG	275469123
21313	-0.0059	PCodG	275722650
1027	0.0764	PCodG	275750269
12726	0.0416	PCodG	276193011
10068	0.028	PCodG	276508582
5807	0.039	PCodG	276690848
19228	-0.0102	PCodG	276998493
7711	0.023	PCodG	277192370
3258	0.0187	PCodG	277323820
23150	0.0124	PCodG	277333062
11282	0.0207	PCodG	277411071
8526	0.0207	PCodG	277489541
4154	0.0282	PCodG	277489541
18879	0.0394	PCodG	277565598
21335	-0.0019	PCodG	277860959
756	0.016	PCodG	277997547
16270	0.0015	PCodG	278104792
22947	-0.0072	PCodG	278279319
3428	0.0186	PCodG	278351027
10978	0.0301	PCodG	278579272
5966	0.0174	PCodG	278607221
24196	0.0043	PCodG	278702038
18571	0.0009	PCodG	279182543
23094	-0.0008	PCodG	279220057
15060	0.2279	PCodG	279379402
19201	-0.0013	PCodG	279533006
7940	0.1321	PCodG	279805102
11069	-0.0075	PCodG	280074388
3931	-0.0077	PCodG	280165693
18322	0.0001	PCodG	280292185
7929	0.1092	PCodG	280292273
19943	0.1138	PCodG	280302217
21590	0.0884	PCodG	280302735
14760	0.0904	PCodG	280400403
19964	-0.0052	PCodG	280446436
7769	0.1725	PCodG	280508436
15954	0.0996	PCodG	280675523
8196	0.0808	PCodG	280820267
2468	0.0165	PCodG	280913689
4336	0.0334	PCodG	280993478
12889	-0.0057	PCodG	281226491
9158	0.0348	PCodG	281696512
5281	0.0649	PCodG	282376001
12810	0.1208	PCodG	282432017
1547	0.0144	PCodG	282615852
25225	0.0058	PCodG	282993673
752	0.0206	PCodG	283093482
15010	-0.0052	PCodG	283644359
3972	-0.0003	PCodG	283764140
21509	0.014	PCodG	283799025
19037	-0.007	PCodG	283889075
16151	0.0765	PCodG	284078790
19729	0.2292	PCodG	284569495
13895	0.0404	PCodG	284640453
22145	-0.0033	PCodG	284683824
18762	0.0253	PCodG	284760717
25638	0.033	PCodG	284766229
4344	0.0055	PCodG	284790454
12254	-0.0065	PCodG	284933518
20796	0.0395	PCodG	285044200
4956	0.0682	PCodG	285360320
8192	0.0404	PCodG	285421120
5541	-0.0051	PCodG	285481107
3155	0.0436	PCodG	285481195
10886	0.1008	PCodG	285570944
15114	0.0179	PCodG	285993633
7942	0.0861	PCodG	286107749
9205	0.0036	PCodG	286107837
17087	-0.0043	PCodG	286236564
23927	-0.007	PCodG	286262686
9585	0.023	PCodG	286309892
6797	-0.0038	PCodG	286466796
6890	-0.0092	PCodG	286650722
21789	0.0022	PCodG	286717469
8536	0.0405	PCodG	286745705
4834	0.0393	PCodG	286928650
24071	0.1285	PCodG	286971168
4188	0.0309	PCodG	286997728
5337	-0.0044	PCodG	287344883
9203	0.0027	PCodG	287381496
24226	0.072	PCodG	288018287
5984	0.0297	PCodG	288244844
13355	0.043	PCodG	288246406
23168	-0.0009	PCodG	288490097
15855	-0.0001	PCodG	288685683
719	0.0166	PCodG	289265833
20923	0.0004	PCodG	289338398
2225	0.1279	PCodG	289365587
19475	0.1443	PCodG	289652311
2604	0.0558	PCodG	289685718
16257	0.0187	PCodG	290012410
13598	0.0672	PCodG	290679948
19263	0.01	PCodG	290843834
17726	0.0001	PCodG	291093433
23486	0.009	PCodG	291135859
21360	0.0959	PCodG	291689741
10828	0.0591	PCodG	291690844
25416	0.0854	PCodG	291745162
11019	0.061	PCodG	291950823
1963	-0.008	PCodG	291950911
8493	0.0426	PCodG	291978672
8641	0.0062	PCodG	292150287
13052	0.0207	PCodG	293317259
20140	0.2454	PCodG	293317347
4837	-0.0079	PCodG	293434013
1978	0.1124	PCodG	293465642
3266	-0.0048	PCodG	293665099
25284	0.037	PCodG	293682899
9191	0.0011	PCodG	293755948
19830	0.0004	PCodG	293812486
6729	0.0816	PCodG	294285349
1519	0.0197	PCodG	294383296
19784	0.3254	PCodG	294454879
15354	0.0659	PCodG	294697953
2071	0.0137	PCodG	294828290
7028	0.0394	PCodG	294925261
24168	0.0241	PCodG	294953909
14360	0.0025	PCodG	294960746
6458	0.0241	PCodG	294963576
24941	-0.0047	PCodG	295193411
12994	0.0258	PCodG	295394889
11482	0.1128	PCodG	295529928
2153	0.0165	PCodG	295642889
20249	0.2359	PCodG	295924473
6051	0.0635	PCodG	295964229
9691	-0.0032	PCodG	296127157
14020	0.0347	PCodG	296134498
12493	0.0549	PCodG	296360510
21866	0.0005	PCodG	296360598
22851	-0.0065	PCodG	296810100
8152	0.0049	PCodG	296875685
5464	0.0044	PCodG	296956628
20666	-0.0063	PCodG	297164065
3039	0.0401	PCodG	297272213
19641	0.0303	PCodG	297285119
3756	-0.0038	PCodG	297338296
18250	-0.0063	PCodG	297505829
8135	-0.0071	PCodG	297600275
19035	0.0147	PCodG	298537579
5614	0.0003	PCodG	298678483
1655	0.0622	PCodG	299142305
6158	0.0893	PCodG	299142851
17644	-0.0071	PCodG	299302256
10188	-0.0063	PCodG	299343936
22637	-0.0053	PCodG	299347244
20351	0.0321	PCodG	299382020
15829	0.0544	PCodG	299498944
19014	0.0038	PCodG	299512092
2922	0.0982	PCodG	299640829
11912	0.0211	PCodG	299934248
5572	0.008	PCodG	299982472
7749	-0.0078	PCodG	300056814
11210	0.0089	PCodG	300081600
5042	-0.0019	PCodG	300204472
7755	0.0236	PCodG	300673564
1157	-0.0056	PCodG	301063684
53	0.0252	PCodG	301110599
23448	0.0141	PCodG	301110687
23014	0.001	PCodG	301361505
25289	-0.0036	PCodG	301383935
15052	-0.0008	PCodG	301438751
9251	0.0125	PCodG	301511974
21807	0.0517	PCodG	301602687
8670	0.0112	PCodG	302000574
4361	0.0777	PCodG	302030694
1473	0.0195	PCodG	302068424
6377	-0.0076	PCodG	302098979
13880	0.0061	PCodG	302115310
5	0.1575	PCodG	302131607
23093	0.0083	PCodG	302158994
11535	0.1122	PCodG	302640583
9213	-0.0051	PCodG	302717995
12431	0.0445	PCodG	302732499
15756	0.0049	PCodG	302808519
8190	-0.0071	PCodG	302950753
14545	0.1047	PCodG	303057289
6606	0.0511	PCodG	303202388
24987	0.266	PCodG	303202552
20263	-0.0049	PCodG	303842474
18166	0.003	PCodG	304380305
10813	0.0579	PCodG	305152175
13841	-0.0035	PCodG	306973892
25214	-0.005	PCodG	307048084
7431	0.0044	PCodG	307139446
8055	0.1241	PCodG	307153150
10497	0.0002	PCodG	307368009
4473	0.1181	PCodG	307822570
21073	0.0093	PCodG	307881936
24003	-0.005	PCodG	307882024
780	0.009	PCodG	308026366
16343	0.0365	PCodG	308110852
5118	0.0085	PCodG	308111351
12852	0.2334	PCodG	308332799
4568	0.0065	PCodG	308591847
4740	0.0902	PCodG	308621911
10263	0.1511	PCodG	309042371
11770	0.0409	PCodG	309252624
18840	0.037	PCodG	309374643
15646	0.0109	PCodG	309392004
19174	0.0363	PCodG	309468550
25357	0.0038	PCodG	309587165
17677	0.0241	PCodG	309659514
8168	0.0044	PCodG	309753571
2335	0.0546	PCodG	309838806
20544	0.0675	PCodG	309899585
8064	-0.0033	PCodG	309992903
4092	-0.0004	PCodG	309995472
17582	-0.0029	PCodG	310223362
23467	0.0592	PCodG	310241292
6144	-0.0071	PCodG	310241380
15017	0.0226	PCodG	310262968
5491	0.0514	PCodG	310463298
18015	0.0247	PCodG	310480076
8278	-0.0049	PCodG	310564878
7574	-0.0067	PCodG	310724210
25593	0.0748	PCodG	311282617
3833	0.0025	PCodG	311508848
13458	-0.0077	PCodG	311544807
1474	-0.0029	PCodG	311566392
16897	-0.0002	PCodG	311700419
15003	0.0135	PCodG	311940976
6094	0.0288	PCodG	312279646
9061	0.0023	PCodG	312598056
17406	0.0086	PCodG	312687250
19956	0.0931	PCodG	313409806
11591	0.2318	PCodG	313447022
12686	0.0111	PCodG	313502407
960	0.0206	PCodG	313987218
9363	0.0132	PCodG	314267623
22710	0.102	PCodG	314640901
541	0.0195	PCodG	314699574
1881	-0.0051	PCodG	315297103
18478	0.0114	PCodG	315573706
18821	0	PCodG	315715375
8267	0.0569	PCodG	315752564
15061	0.0755	PCodG	315807174
17417	0.0456	PCodG	316062864
13544	0.033	PCodG	316089445
10698	0.1775	PCodG	316192351
12403	0.0069	PCodG	316722348
6274	0.0321	PCodG	317180575
25538	0.1539	PCodG	319292127
5622	0.0439	PCodG	320828359
12483	-0.0088	PCodG	320845909
16375	0.1159	PCodG	321258980
4550	0.0187	PCodG	321566633
9593	-0.005	PCodG	321643671
14729	0.1024	PCodG	321959737
21546	0.0109	PCodG	322079118
13701	0.0085	PCodG	322217820
18070	0.1149	PCodG	322245756
22955	0.0269	PCodG	322389440
522	0.0024	PCodG	322633305
2160	-0.0025	PCodG	322635441
772	0.006	PCodG	323015723
19351	0.0079	PCodG	323151288
5133	0.0682	PCodG	323305505
10207	-0.002	PCodG	323458435
19222	0.043	PCodG	323729052
7565	0.0755	PCodG	323734200
11992	-0.0022	PCodG	323775942
12668	0.0665	PCodG	323883498
25622	0.0246	PCodG	324062317
98	-0.0055	PCodG	324105234
5287	-0.0048	PCodG	324408376
7086	0.0209	PCodG	324529137
9979	0.0234	PCodG	324758414
9658	0.0353	PCodG	325104950
22206	0.1018	PCodG	325802919
3304	0.1613	PCodG	325803007
4411	0.0531	PCodG	325831764
11722	0.2072	PCodG	325838814
18012	0.0038	PCodG	326522580
21174	-0.0049	PCodG	326678662
3480	-0.0006	PCodG	326887570
4145	0.0247	PCodG	326922313
5668	-0.0079	PCodG	326972666
10295	-0.0067	PCodG	327056024
3437	0.01	PCodG	327102873
18434	-0.0006	PCodG	327210341
6390	-0.0024	PCodG	327256373
1568	0.0183	PCodG	327511512
18253	0.0228	PCodG	327674530
11506	0.0276	PCodG	327849745
4588	-0.0043	PCodG	328020143
24147	0.0087	PCodG	328154366
12851	0.0214	PCodG	328206554
187	0.0708	PCodG	328821248
17256	0.0235	PCodG	328974007
11415	0.0188	PCodG	328974536
15788	0.0333	PCodG	328997876
6462	0.0152	PCodG	329262217
14478	-0.0047	PCodG	329262305
6312	0.0251	PCodG	330416493
167	0.0403	PCodG	330572524
9896	-0.0067	PCodG	330690831
9819	-0.0062	PCodG	331308025
12108	-0.0055	PCodG	331525713
404	-0.0001	PCodG	331533842
14547	0	PCodG	331898767
11774	0.0069	PCodG	331910174
4031	-0.0058	PCodG	332304130
8252	0.0091	PCodG	332339838
12028	0.0476	PCodG	332361415
10029	0.0437	PCodG	332408415
7298	-0.0026	PCodG	332408503
15595	0.0029	PCodG	332430747
22597	0.0308	PCodG	332592381
23018	0.253	PCodG	332609016
3708	0.0346	PCodG	332646256
19324	0.0434	PCodG	332731289
16616	0.0641	PCodG	332731377
10872	0.0652	PCodG	333937172
8596	0.0049	PCodG	334222497
13514	0.0423	PCodG	334305781
15145	-0.0067	PCodG	334451861
13318	0.0503	PCodG	334695369
8943	0.269	PCodG	334990181
3062	-0.0051	PCodG	335753541
17428	0.0179	PCodG	336363410
24270	0.014	PCodG	336383857
19608	0.0003	PCodG	336454303
24464	0.0275	PCodG	336554772
4643	0.0026	PCodG	336667618
6823	0.0029	PCodG	336694084
15991	-0.0023	PCodG	336694172
5052	-0.005	PCodG	336703642
3929	0.0068	PCodG	337183053
7736	0.1075	PCodG	337743536
24135	-0.0049	PCodG	338047372
10460	0.0437	PCodG	338077201
8902	0.012	PCodG	338103612
2258	0.0371	PCodG	338210190
16752	0.0188	PCodG	338238315
4396	0.0194	PCodG	338409036
12055	-0.0072	PCodG	338409124
11325	0.0088	PCodG	339029535
7833	-0.006	PCodG	339238802
9165	-0.0075	PCodG	339508295
7747	0.0078	PCodG	339737593
9738	0.1577	PCodG	339779212
13762	0.0029	PCodG	339781704
23445	0.0273	PCodG	339855090
11994	-0.0046	PCodG	339855567
17739	0.0672	PCodG	340275207
8212	0.0097	PCodG	340384569
18599	0.0009	PCodG	340436204
16482	-0.0006	PCodG	340549487
17586	-0.0013	PCodG	340682220
10006	-0.0013	PCodG	340687136
24597	0.0247	PCodG	341040407
23503	0.0763	PCodG	341082136
10476	-0.0078	PCodG	341150107
24402	0.0193	PCodG	341663379
18715	0.0186	PCodG	341671728
1053	0.0247	PCodG	342442523
1983	0.0087	PCodG	342473315
16650	0.0618	PCodG	342810584
1306	0.044	PCodG	342990736
10730	0.1537	PCodG	343303052
1571	0.0048	PCodG	343550820
6660	0.0229	PCodG	343907288
19683	0.0044	PCodG	344135578
11618	0.044	PCodG	344160764
8130	-0.0021	PCodG	344592286
367	0.1232	PCodG	344628694
364	0.1905	PCodG	344628782
24543	0.0162	PCodG	344682219
13702	-0.005	PCodG	344987259
12083	0.0134	PCodG	345006441
9050	0.0584	PCodG	345604572
8086	-0.0003	PCodG	345638629
7957	0.0268	PCodG	345697987
21653	-0.0076	PCodG	345701414
5845	0.0373	PCodG	345820079
14122	0.0058	PCodG	346062000
13180	0.3512	PCodG	346069368
24277	-0.0066	PCodG	346099401
18591	-0.003	PCodG	346188866
15218	-0.006	PCodG	346270975
20056	0.0033	PCodG	346454390
24867	-0.0072	PCodG	346493177
24267	0.0585	PCodG	346969216
20593	0.0063	PCodG	347270176
4575	-0.003	PCodG	347270264
11119	-0.0059	PCodG	347279151
23728	-0.0045	PCodG	347469121
7183	-0.0051	PCodG	347600494
4671	0.0154	PCodG	347758231
24484	-0.0043	PCodG	347758319
7489	0.031	PCodG	347766720
9166	0.0178	PCodG	348082913
7301	0.0386	PCodG	348186332
705	0.0208	PCodG	348328385
5560	0.0409	PCodG	348395547
23374	-0.0063	PCodG	348403142
20198	0.0439	PCodG	348543115
10334	0	PCodG	348576009
11579	0.058	PCodG	348755493
8241	0.0493	PCodG	348755580
16227	0.0196	PCodG	348806319
1572	-0.0052	PCodG	349083119
25063	-0.0068	PCodG	349377046
2826	-0.007	PCodG	349704668
8288	0.0235	PCodG	349740159
9845	0.0159	PCodG	349740779
7570	0.0011	PCodG	349760632
966	0.0834	PCodG	349809424
25273	-0.0073	PCodG	349831409
7775	-0.0044	PCodG	349902576
23792	0.0128	PCodG	349967551
2824	-0.0019	PCodG	350072796
14869	0.0183	PCodG	350120151
18273	0.1404	PCodG	350143141
7803	-0.0069	PCodG	350143229
17102	0.0535	PCodG	350534327
16005	0.002	PCodG	350610113
2390	0.1445	PCodG	350870047
14889	0.0086	PCodG	350932463
4522	0.0059	PCodG	351038299
1228	0.0033	PCodG	351127601
7027	-0.0023	PCodG	351131613
11154	0.0639	PCodG	351524448
18514	0.052	PCodG	351665263
18586	-0.0045	PCodG	351666184
3339	0.0852	PCodG	351747868
11170	0.0324	PCodG	351774533
20770	-0.007	PCodG	351853695
15104	0.0144	PCodG	351919340
23009	0.0524	PCodG	351979778
1048	-0.0018	PCodG	352125522
14505	0.0172	PCodG	352131809
1689	-0.0013	PCodG	352154206
315	0.0627	PCodG	352391205
6693	0.0014	PCodG	353268111
4140	-0.0051	PCodG	353313453
10933	0.0175	PCodG	354512547
11116	0.0473	PCodG	354618940
20257	-0.0051	PCodG	354740424
23883	0.0045	PCodG	354812243
22436	-0.0049	PCodG	355025524
10960	0.0412	PCodG	355686191
3541	0.0632	PCodG	355686279
8295	0.2906	PCodG	356010698
7768	0.0052	PCodG	356160505
734	0.01	PCodG	356370151
2587	-0.0017	PCodG	356990303
13384	0.0331	PCodG	357232937
8847	0.1076	PCodG	357817937
13418	0.0351	PCodG	358088341
11003	0.0276	PCodG	358121597
490	0.0152	PCodG	358311462
616	0.0108	PCodG	358326190
18528	0.0011	PCodG	358475449
1078	0.0133	PCodG	358526123
23334	0.0168	PCodG	358638322
17625	0.0111	PCodG	358742787
9770	0.0524	PCodG	358783553
21704	-0.0009	PCodG	358925276
18659	-0.0035	PCodG	358951636
618	-0.0019	PCodG	359112644
24167	0.1023	PCodG	359277554
12622	0.0155	PCodG	359315004
22282	-0.0051	PCodG	359475108
16814	0.2478	PCodG	359714382
23723	-0.0012	PCodG	359780578
6353	0.0395	PCodG	360143412
16325	0.002	PCodG	360213441
20625	0.0393	PCodG	360497065
25091	-0.0062	PCodG	360618328
5711	0.1107	PCodG	360766018
24451	-0.0001	PCodG	360976087
8330	0.005	PCodG	361029832
25561	0.1269	PCodG	361121886
13188	0.0685	PCodG	361426521
6608	0.0676	PCodG	361443112
1975	-0.0029	PCodG	361838567
19651	0.0466	PCodG	361968207
1970	0.091	PCodG	362238760
9717	-0.0042	PCodG	362329385
21726	-0.0054	PCodG	362391221
3594	-0.003	PCodG	362691061
5781	-0.0053	PCodG	362786197
14517	0.003	PCodG	362803426
10410	0.1991	PCodG	362803514
22304	-0.0054	PCodG	362896781
10662	0.0151	PCodG	362896869
7910	0.0192	PCodG	363360735
21403	-0.0053	PCodG	363578046
815	0.0101	PCodG	363902412
2204	0.0053	PCodG	364021230
20732	0.0857	PCodG	364021318
15774	0.0197	PCodG	364056412
17597	0.0154	PCodG	364453361
19720	0.033	PCodG	364628321
9102	0.0358	PCodG	364628409
20215	0.0064	PCodG	364717038
20609	0.0341	PCodG	364878992
5699	0.0229	PCodG	364925289
2425	0.0426	PCodG	365073689
5580	0.0219	PCodG	365073777
15239	0.0865	PCodG	365301829
14839	0.1234	PCodG	365350235
9119	0.0088	PCodG	365518680
14702	0.0048	PCodG	365518768
20364	0.0907	PCodG	365592521
15997	0.0146	PCodG	366004450
7089	-0.0067	PCodG	366152252
24342	0.065	PCodG	366255229
2974	0.008	PCodG	366506833
8389	0.011	PCodG	366595603
388	0.0479	PCodG	366595691
13422	0.0346	PCodG	366596552
16215	0.0458	PCodG	366601149
14804	0.0081	PCodG	366720316
13909	0.0079	PCodG	366720862
4492	0.0673	PCodG	366720862
23487	0.0992	PCodG	366740747
3129	-0.0051	PCodG	366817700
21492	0.2112	PCodG	366873815
21779	0.0703	PCodG	366885294
1441	0.1124	PCodG	367110338
7690	0.0195	PCodG	367968121
11313	0.1343	PCodG	368307293
3417	0.0206	PCodG	368463831
7203	0.0187	PCodG	368491388
24098	0.0904	PCodG	368542475
10462	0.0108	PCodG	368609718
13563	0.1128	PCodG	368609806
15327	0.0239	PCodG	368930376
8461	-0.0002	PCodG	368953114
4989	0.04	PCodG	369040099
14864	0.0084	PCodG	369164888
8388	-0.0033	PCodG	369249079
721	0.0545	PCodG	369656636
10245	0.0457	PCodG	369680974
5151	-0.0066	PCodG	369715817
7890	0.0111	PCodG	370071952
10954	-0.0011	PCodG	370103820
10715	0.0013	PCodG	370608171
21302	0.156	PCodG	371422812
15316	0.0023	PCodG	371668107
17654	0.0448	PCodG	371706172
2861	0.0215	PCodG	372185095
4185	0.0182	PCodG	372566056
6631	0.0201	PCodG	372566877
1463	0.0377	PCodG	372886209
25130	0.0123	PCodG	373752206
8726	0.0558	PCodG	373802705
5333	0.0185	PCodG	373977505
1339	0.0231	PCodG	373991577
4402	0.0005	PCodG	374339482
6597	-0.0065	PCodG	374503391
25649	-0.0066	PCodG	374623881
3832	-0.0057	PCodG	374744831
12884	0.0427	PCodG	374744921
10218	-0.0034	PCodG	374882549
24824	0.0085	PCodG	375028748
11354	-0.0066	PCodG	375702414
22407	-0.0006	PCodG	376025309
12948	0.0956	PCodG	376119832
9675	0.0488	PCodG	376946235
22476	0.0026	PCodG	376957906
22688	-0.0074	PCodG	377196640
4088	0.0067	PCodG	377672647
331	0.0067	PCodG	378001677
14492	0.0009	PCodG	378123769
8046	0.0184	PCodG	378651774
3102	0.1419	PCodG	379081547
11749	-0.0006	PCodG	379085474
1002	0.1744	PCodG	379642741
1159	-0.0211	PCodG	379664728
20664	0.0439	PCodG	379760397
8885	0.0187	PCodG	379864505
14266	0.0423	PCodG	379898311
148	-0.008	PCodG	380004428
24483	0.0187	PCodG	380019210
20714	0.0121	PCodG	380250787
6270	-0.0071	PCodG	380533500
9731	0.0187	PCodG	380544717
12869	-0.0037	PCodG	381074645
1936	0.0132	PCodG	381292625
3524	-0.0056	PCodG	381292713
2917	-0.0027	PCodG	381491045
3379	0.0155	PCodG	381510340
17977	-0.0028	PCodG	381693703
12155	0.1381	PCodG	381693791
9506	0.0019	PCodG	381801884
18687	0.0012	PCodG	381808441
13430	0.0467	PCodG	381946415
4754	0.0241	PCodG	382001218
22355	-0.002	PCodG	382110024
844	0.0219	PCodG	382319576
10079	0.1962	PCodG	382348258
17947	-0.0054	PCodG	382522917
3228	0.0939	PCodG	382612379
10821	0.0179	PCodG	382670641
19231	0.0003	PCodG	382763678
6360	0.0839	PCodG	382944315
17320	0.078	PCodG	382989178
10086	0.0716	PCodG	383038127
7952	-0.0055	PCodG	383078950
2429	0.0174	PCodG	383677508
18808	0.0915	PCodG	383833573
23694	-0.0063	PCodG	383874354
20070	-0.0033	PCodG	383888423
15623	0.0015	PCodG	383891990
7698	-0.0076	PCodG	383917191
24801	0.0097	PCodG	384086231
17490	0.0508	PCodG	384207688
7953	0.014	PCodG	384258482
4760	-0.0056	PCodG	384776896
1712	0.0063	PCodG	384822570
22898	0.1889	PCodG	384935047
12866	0.0213	PCodG	385472320
5697	0.0068	PCodG	385665896
3341	0.0025	PCodG	385680625
2752	0.0262	PCodG	385859028
14341	0.0065	PCodG	385949897
18404	0.0703	PCodG	386116068
8727	0.1112	PCodG	387367274
7559	0.0097	PCodG	388004334
12099	0.0183	PCodG	388483960
16457	-0.0076	PCodG	390031308
10539	0.0848	PCodG	390436057
14473	0.0821	PCodG	390445011
23740	0.0082	PCodG	390505161
7271	-0.0018	PCodG	390505249
7370	-0.0076	PCodG	390661070
12738	0.1808	PCodG	390861006
6031	0.2811	PCodG	391009105
11505	-0.0033	PCodG	391041377
12664	0.0188	PCodG	391123899
2175	0.0007	PCodG	391443052
15274	0.0262	PCodG	391972725
3523	-0.0055	PCodG	392039434
18075	-0.0051	PCodG	392302616
11947	0.0185	PCodG	393390566
1722	-0.0029	PCodG	393488878
6244	-0.0076	PCodG	393489936
20400	0.0518	PCodG	393492978
8527	0.014	PCodG	393841370
14502	0.0358	PCodG	393895009
9579	0.0311	PCodG	393928794
20691	0.1028	PCodG	393985876
4004	0.0083	PCodG	393997328
23412	-0.0063	PCodG	394135785
12921	0.0646	PCodG	394210495
860	-0.0001	PCodG	394246781
6938	0.0071	PCodG	394377574
20908	0.0772	PCodG	394413776
18934	0.0308	PCodG	394417156
6926	0.0141	PCodG	394441257
20588	0.0181	PCodG	394457324
20017	0.0027	PCodG	394481972
832	-0.0069	PCodG	394518373
15850	0.0191	PCodG	394614211
20546	0.0718	PCodG	394809123
10691	0.0684	PCodG	394876837
1589	-0.0063	PCodG	394966924
16354	0.0068	PCodG	395368636
23903	-0.0054	PCodG	395495371
19158	0.0105	PCodG	395529419
1031	-0.0052	PCodG	396687583
4729	-0.0063	PCodG	396790565
20781	0.0176	PCodG	396850093
23685	0.0714	PCodG	396902714
17217	0.073	PCodG	396924041
11486	0.0419	PCodG	396924129
10076	0.0133	PCodG	396993368
8601	0.0164	PCodG	396995581
13316	0.0215	PCodG	397182242
18858	0.0914	PCodG	397656635
23929	0.1075	PCodG	397682085
18662	0.013	PCodG	398350120
23827	0.0092	PCodG	398354726
7730	0.0069	PCodG	398376653
9187	0.0037	PCodG	398383824
23451	0.0706	PCodG	398408388
13209	0.0316	PCodG	398737719
6969	0.0062	PCodG	398749468
9449	0.2755	PCodG	399103241
17708	0.0001	PCodG	399992117
16480	-0.0024	PCodG	400171591
16520	0.0334	PCodG	400418887
19965	-0.0019	PCodG	400472172
19393	0.1895	PCodG	400531881
5264	-0.0063	PCodG	400566177
9228	0.013	PCodG	400628314
11552	0.0114	PCodG	401071907
2967	-0.0051	PCodG	401233546
1560	0.235	PCodG	401545581
16535	0.0182	PCodG	401822030
2813	0.0244	PCodG	402088995
16599	0.0092	PCodG	402359663
22615	0	PCodG	402412427
10742	-0.0048	PCodG	402465956
18621	0.0377	PCodG	402524331
5590	0.0275	PCodG	403033607
21411	0.0773	PCodG	403097791
12206	0.0081	PCodG	403133743
4849	0.0027	PCodG	403167424
22596	0.0709	PCodG	403217951
88	-0.0072	PCodG	403226675
1567	0.0433	PCodG	403423871
7096	-0.0102	PCodG	403423959
1160	0.0498	PCodG	403561935
15474	-0.0073	PCodG	403567902
2820	0.064	PCodG	403580743
14510	0.0011	PCodG	403603421
19193	-0.0034	PCodG	403664562
22839	0.0215	PCodG	404031392
13082	0.0631	PCodG	404087082
974	0.0412	PCodG	404087170
15398	-0.0034	PCodG	404146611
19971	-0.0027	PCodG	404594687
12709	-0.0068	PCodG	404639530
4894	-0.006	PCodG	404672080
12425	0.0439	PCodG	404698054
13314	0.002	PCodG	404777388
18089	0.0152	PCodG	404995226
22889	0.0474	PCodG	405256298
20061	0.0023	PCodG	405448137
6319	0.0072	PCodG	405505318
25087	-0.0057	PCodG	405590891
4824	-0.0013	PCodG	405643667
11386	0.0215	PCodG	405675414
8246	-0.0064	PCodG	405739463
20964	0.0104	PCodG	405836369
5679	-0.007	PCodG	405931788
23550	-0.0106	PCodG	406026503
19543	0.0056	PCodG	406053708
20895	-0.009	PCodG	406077657
6878	0.1076	PCodG	406466192
9789	0.0188	PCodG	406527800
10839	0.0444	PCodG	406653924
24029	0.0115	PCodG	406654012
6417	0.1264	PCodG	406659190
12295	0.0261	PCodG	406895821
19194	0.0352	PCodG	407050795
15326	0.0185	PCodG	407337521
4079	-0.0031	PCodG	407430623
20672	0.0203	PCodG	407458583
10756	0.0056	PCodG	407546065
14166	-0.0067	PCodG	407981940
20023	0.0185	PCodG	408024003
15652	0.0703	PCodG	408096542
20568	0.0151	PCodG	408105645
20649	0.0113	PCodG	408282732
3849	0.019	PCodG	408326710
6658	0.0345	PCodG	408478885
240	0.0049	PCodG	408761057
7193	0.0181	PCodG	408769097
10284	0.0134	PCodG	409079869
3484	0.0316	PCodG	409142132
22789	0.1034	PCodG	409145485
9354	0.0501	PCodG	409221336
14730	-0.0084	PCodG	409320043
12070	0.0034	PCodG	409842185
11133	-0.0051	PCodG	410349151
13607	0.1658	PCodG	410555872
20473	0.0094	PCodG	410845800
2850	0.0194	PCodG	410893465
22794	-0.0008	PCodG	410894288
8759	0.0083	PCodG	410992944
16966	-0.0066	PCodG	411091437
25025	0.0226	PCodG	411101760
2539	0.0057	PCodG	411214376
6526	0.0025	PCodG	411227640
12956	0.061	PCodG	411249454
17335	-0.0054	PCodG	411268756
12025	0.0025	PCodG	411330919
24485	-0.0043	PCodG	411370941
25199	0.0116	PCodG	411572050
21071	0.0143	PCodG	411628859
1066	0.0158	PCodG	411691329
19391	0.0242	PCodG	412380090
142	-0.0065	PCodG	413030538
19554	0.1208	PCodG	413097782
117	0.0188	PCodG	413352643
13221	0.0214	PCodG	413352731
2029	-0.0061	PCodG	414090589
6454	0.0005	PCodG	414224496
7227	-0.0075	PCodG	414781999
24841	0.0024	PCodG	414955502
13352	-0.0023	PCodG	415001721
11646	0.1321	PCodG	416402008
21633	0.0965	PCodG	416568111
22331	-0.0071	PCodG	416666420
6315	0.0098	PCodG	416700413
19559	0.0156	PCodG	416714358
18297	-0.0049	PCodG	416934349
22295	0.2271	PCodG	416971083
19853	0.084	PCodG	417096103
23511	0.0188	PCodG	417376831
3066	0.007	PCodG	417767718
5730	0.0172	PCodG	417792896
2844	0.0145	PCodG	418299992
3086	-0.0069	PCodG	418421181
4841	-0.0064	PCodG	418723360
13600	0.121	PCodG	419304635
15752	0.1263	PCodG	420332825
22999	0.1093	PCodG	420365920
8209	0.0664	PCodG	420720703
11872	-0.0061	PCodG	420796335
23279	0.0563	PCodG	420824554
24219	0.1874	PCodG	421428039
11843	-0.0001	PCodG	421589905
20525	-0.0069	PCodG	421604063
13083	0.03	PCodG	421625380
6403	0.006	PCodG	421625468
13818	-0.0062	PCodG	421762605
13485	-0.0017	PCodG	422024493
23099	0.1166	PCodG	422346164
17941	0.0188	PCodG	422579015
19864	0.4369	PCodG	422766180
17046	0.0978	PCodG	422786889
13533	0.0187	PCodG	422792009
22286	0.0643	PCodG	422867518
24284	-0.0052	PCodG	423620813
14405	0.0083	PCodG	423706816
11234	0.1186	PCodG	424308117
23633	-0.0051	PCodG	424460737
20742	0.0928	PCodG	424572536
19910	0.0022	PCodG	424900852
6970	0.1311	PCodG	424963020
9393	0.007	PCodG	425092017
9100	0.0852	PCodG	425124636
3338	-0.0085	PCodG	425353816
15528	0.155	PCodG	425707781
19146	0.1169	PCodG	425798298
9162	-0.0001	PCodG	426305957
13626	0.0437	PCodG	426324664
2149	0.0186	PCodG	426610567
17255	-0.0047	PCodG	427127041
20078	0.051	PCodG	427449078
952	-0.0016	PCodG	427776408
2997	0.0819	PCodG	427880648
11129	0.1148	PCodG	427975588
19899	0.0067	PCodG	428433504
19735	0.3384	PCodG	428488573
11899	0.0525	PCodG	428860195
24886	0.1915	PCodG	429427922
3331	0.0274	PCodG	429839505
19739	0.0104	PCodG	429961947
5722	0.012	PCodG	430004014
10414	0.0012	PCodG	430138244
12972	0.016	PCodG	430661947
7571	0.0369	PCodG	430776859
25252	-0.0065	PCodG	430789775
21376	-0.007	PCodG	431351768
22689	0.0301	PCodG	431351856
3827	0.0013	PCodG	431425226
9144	0.041	PCodG	431694696
3348	0.0062	PCodG	432516786
348	-0.0009	PCodG	432559120
21107	-0.0064	PCodG	433146309
24935	-0.0062	PCodG	433387641
20230	0.0196	PCodG	433542407
23758	0.0004	PCodG	433816179
22657	0.2981	PCodG	433999588
391	-0.0029	PCodG	434206234
23321	0.0867	PCodG	434421399
9682	0.0334	PCodG	434618982
1596	0.0172	PCodG	434828218
6498	-0.005	PCodG	434963187
15165	0.128	PCodG	434975757
11476	-0.0046	PCodG	435874645
7450	-0.0062	PCodG	436004131
10342	0.0008	PCodG	436017209
3659	-0.0078	PCodG	436017297
15235	-0.0034	PCodG	436427418
14852	0.0163	PCodG	436474838
4192	0.0215	PCodG	436567408
7537	0.0065	PCodG	436747300
13774	0.0157	PCodG	436768282
20399	0.0143	PCodG	436818447
20719	-0.0075	PCodG	436875808
4242	-0.0053	PCodG	437209165
13725	0.0039	PCodG	437215983
2329	0.0001	PCodG	437232250
11651	0.0203	PCodG	437311166
14006	0.0292	PCodG	437425116
13297	-0.0008	PCodG	437430524
15168	-0.0042	PCodG	437478520
8019	0.0828	PCodG	437674544
14719	0.0831	PCodG	437675409
12723	-0.0046	PCodG	437741099
2118	-0.006	PCodG	438577143
18678	0.0186	PCodG	438717294
10232	-0.0027	PCodG	438733695
16352	-0.0066	PCodG	438940104
22719	-0.0027	PCodG	439245943
18990	-0.0063	PCodG	439423392
23413	0.0353	PCodG	439672566
20085	0.0202	PCodG	439810116
5176	-0.0044	PCodG	439830703
5288	0.0046	PCodG	439899310
8260	0.0008	PCodG	439986656
12218	-0.0035	PCodG	440066277
5637	0.0136	PCodG	440110990
20551	0.0455	PCodG	440300611
1738	0.0009	PCodG	440438050
4108	0.0246	PCodG	440478334
6835	-0.0031	PCodG	440537229
19994	0.0145	PCodG	440661885
3865	0.0105	PCodG	440776982
19076	-0.0014	PCodG	440782633
3488	0.1118	PCodG	440782721
17368	0.0002	PCodG	440811752
4032	-0.0043	PCodG	441164681
19940	0.0174	PCodG	441187919
21905	-0.0023	PCodG	441268942
24025	-0.0057	PCodG	441367362
4782	0.099	PCodG	442584610
23482	0.0513	PCodG	442584698
24586	-0.0026	PCodG	442739854
6525	0.061	PCodG	442850592
17480	0.0072	PCodG	443078423
19884	0.0059	PCodG	443469584
8746	0.024	PCodG	443570573
13406	0.0238	PCodG	443583642
19458	0.0285	PCodG	443610135
376	-0.0056	PCodG	444266664
25129	-0.0034	PCodG	444363923
22813	0.0432	PCodG	444720656
2327	0.0004	PCodG	444778097
9922	0.0918	PCodG	444918177
10840	0.0527	PCodG	445843096
25139	-0.0048	PCodG	446021464
13333	0.3562	PCodG	446482731
18698	0.0124	PCodG	446524120
3547	0.0403	PCodG	447902194
19772	-0.0043	PCodG	447937556
2100	0.0025	PCodG	448058751
377	-0.0038	PCodG	448164114
12054	-0.0053	PCodG	448169224
18312	0.0073	PCodG	448192541
22687	0.0386	PCodG	448192629
22068	0.4362	PCodG	448268038
25297	0.0508	PCodG	448495743
23917	-0.005	PCodG	448526410
2648	0.0453	PCodG	449281708
14559	0.0102	PCodG	449284205
21336	0.0438	PCodG	449331762
17325	-0.0068	PCodG	449970959
8816	0.0005	PCodG	450094152
5973	-0.0041	PCodG	450237141
21772	-0.0051	PCodG	450244024
14930	-0.0013	PCodG	450245458
6467	-0.0071	PCodG	450313936
9190	0.012	PCodG	450415998
15887	0.0188	PCodG	450528567
13369	-0.0063	PCodG	450658225
4549	-0.0066	PCodG	451066058
4893	-0.0067	PCodG	451085652
17436	0.0023	PCodG	451085740
1817	-0.0035	PCodG	451362899
11462	-0.0057	PCodG	451389749
24774	0.087	PCodG	451401180
3639	-0.0067	PCodG	451409187
14979	0.0409	PCodG	451931754
3601	-0.0079	PCodG	452094973
3680	0.008	PCodG	452381413
6426	0.0885	PCodG	452526928
2082	-0.0051	PCodG	452630209
25103	0.0105	PCodG	453086698
13196	-0.007	PCodG	453123753
15351	0.0176	PCodG	453214943
6533	0.0064	PCodG	453241522
9833	0.0155	PCodG	453906395
730	-0.0055	PCodG	453906483
22084	0.0245	PCodG	454241665
23180	-0.001	PCodG	454251466
419	-0.0046	PCodG	454293011
11574	0.0217	PCodG	454354804
11027	0.032	PCodG	454450453
7869	-0.0097	PCodG	454464350
17643	0.0012	PCodG	454606175
15229	0.0242	PCodG	454606263
12120	-0.0073	PCodG	454978342
19725	-0.0004	PCodG	454979953
19885	0.0676	PCodG	454990878
4885	0.1603	PCodG	455082463
10560	0.0862	PCodG	455116434
21851	0.0797	PCodG	455473288
12979	-0.0054	PCodG	455745367
2491	0.0455	PCodG	455879021
3939	0.0517	PCodG	456225717
7230	-0.0082	PCodG	457612326
228	0.0635	PCodG	457782832
17282	0.0117	PCodG	457868793
21788	-0.0102	PCodG	457905248
9590	0.0004	PCodG	458170397
12636	0.0224	PCodG	458992787
11337	0.001	PCodG	459101790
24840	-0.0041	PCodG	459390816
3822	-0.0067	PCodG	459446870
23493	-0.0052	PCodG	459910913
7367	-0.0006	PCodG	460153818
1734	0.0091	PCodG	460208983
22323	0.205	PCodG	460274580
4097	-0.0068	PCodG	460726349
3328	0.0197	PCodG	460726437
18594	0.0033	PCodG	460800005
16880	0.0346	PCodG	461825228
14045	-0.0052	PCodG	462142831
23645	0.0118	PCodG	462714322
14727	0.016	PCodG	462762313
24077	0.0141	PCodG	463078573
15378	0.0011	PCodG	463078573
13980	0.0024	PCodG	463078661
20837	0.0554	PCodG	463524152
6368	0.0407	PCodG	463524240
23272	-0.0051	PCodG	464000195
9812	-0.0051	PCodG	464021032
8217	-0.005	PCodG	464606529
6604	0.0178	PCodG	464628681
11072	-0.0069	PCodG	464677962
15571	0.0181	PCodG	464821432
15323	0.0351	PCodG	464853294
9247	-0.0065	PCodG	464884846
3120	0.002	PCodG	464912262
8183	-0.0051	PCodG	464943126
6500	0.0032	PCodG	464965751
3561	0.1594	PCodG	465133204
21596	0.0122	PCodG	465532243
13304	0.065	PCodG	465923611
12322	0.0861	PCodG	466109281
13521	0.0101	PCodG	466705069
9640	-0.0076	PCodG	466880414
6187	0.0001	PCodG	467199491
22348	0.0266	PCodG	467492223
24895	-0.0071	PCodG	467687059
6860	0.0143	PCodG	467881661
16011	0.0102	PCodG	467916877
3175	-0.0071	PCodG	467972309
21482	0.0206	PCodG	468031545
12721	-0.0065	PCodG	468341522
14268	-0.0034	PCodG	468410732
18523	-0.0085	PCodG	468883542
9210	-0.0078	PCodG	468883630
24400	0.0073	PCodG	468943027
22530	0.0125	PCodG	469066072
287	-0.0013	PCodG	469169088
20500	-0.0013	PCodG	469247800
3460	0.0141	PCodG	469453083
23727	0.0082	PCodG	469465538
4892	0.0265	PCodG	469514289
17097	0.0479	PCodG	469787424
1711	0.0069	PCodG	469803874
13505	0.0439	PCodG	469965090
2998	0.01	PCodG	470381958
6230	-0.0075	PCodG	470539043
1660	0	PCodG	470608513
3825	0.0225	PCodG	471027685
5398	0.0058	PCodG	471210884
11113	-0.0012	PCodG	471230230
19141	-0.007	PCodG	471663808
22690	0.0782	PCodG	471712683
16933	0.0639	PCodG	471753403
21647	0.0119	PCodG	471839257
12705	0.0733	PCodG	472081617
10440	0.039	PCodG	472372902
512	-0.0052	PCodG	472483661
17497	0.1923	PCodG	472685077
8808	0.0211	PCodG	472776983
10139	0.0022	PCodG	472998029
6886	-0.0082	PCodG	473318176
24089	-0.0081	PCodG	474231418
22788	-0.0001	PCodG	474420125
19537	-0.0028	PCodG	474787828
10151	0.0407	PCodG	474864109
20928	0.0191	PCodG	474980018
13237	0.0041	PCodG	475042131
17624	0.0437	PCodG	475095648
25511	0.004	PCodG	475136383
10921	0.0026	PCodG	475245236
22858	0.0187	PCodG	475318732
18534	0.0203	PCodG	475418628
16153	0.119	PCodG	475474126
20424	0.012	PCodG	475603574
6773	0.051	PCodG	476017170
3076	-0.0067	PCodG	476054324
18094	-0.0058	PCodG	476147533
24062	-0.0053	PCodG	476516132
11422	-0.0074	PCodG	476519519
20624	0.006	PCodG	476583837
17837	-0.0006	PCodG	476606221
22085	0.039	PCodG	476616908
13104	-0.0003	PCodG	476676920
6735	-0.0028	PCodG	476689296
21907	-0.0074	PCodG	476728009
23082	0.0121	PCodG	476787452
13802	-0.0072	PCodG	476809592
7976	0.008	PCodG	476919401
4495	0.0147	PCodG	476948458
4508	0.0005	PCodG	477230684
15459	-0.0059	PCodG	477791304
18579	0.0445	PCodG	477882012
6637	0.0192	PCodG	478048549
5539	0.0309	PCodG	478187848
20689	0.097	PCodG	478410858
6845	-0.0059	PCodG	478492681
1729	0.012	PCodG	478979484
9987	-0.0041	PCodG	479169248
25187	0.052	PCodG	479843740
23095	-0.0019	PCodG	480080365
10761	0.0101	PCodG	480154478
25296	-0.0054	PCodG	480497942
20997	0.0281	PCodG	480500144
19513	0.0144	PCodG	480602003
1020	-0.0052	PCodG	480695447
14765	-0.0049	PCodG	480695535
3261	0.0558	PCodG	481045338
15248	-0.0063	PCodG	481262280
7847	0.1353	PCodG	481266096
9097	0.0473	PCodG	481418419
15185	-0.0072	PCodG	481656062
13610	0.0108	PCodG	481659469
8606	0.0682	PCodG	481784322
19181	0.0056	PCodG	481787588
12242	-0.0056	PCodG	481799558
24910	-0.001	PCodG	482022862
10595	-0.006	PCodG	482116471
14909	0.0261	PCodG	482150629
16931	-0.0032	PCodG	482218151
24478	-0.0033	PCodG	482255016
15207	-0.0082	PCodG	482337408
21666	0.0006	PCodG	482455228
10760	0.0436	PCodG	482538699
23494	0.0007	PCodG	482570161
4720	-0.007	PCodG	482570249
20517	-0.0043	PCodG	482848075
15488	0.0185	PCodG	482870975
13338	0.0241	PCodG	483160568
13124	0.0023	PCodG	483299012
4176	-0.0068	PCodG	483333293
21289	-0.0073	PCodG	483632645
7412	0.0064	PCodG	484595139
17875	0.0135	PCodG	484633008
17165	0.0187	PCodG	484896955
14174	0.0043	PCodG	485035764
18149	0.1106	PCodG	485095945
6065	0.0898	PCodG	485114802
5766	0.0489	PCodG	485427288
13152	-0.0063	PCodG	485465828
11951	-0.0048	PCodG	485468236
19630	0.0209	PCodG	485559844
17552	0.0748	PCodG	485657287
10620	-0.0066	PCodG	486532206
4062	-0.0024	PCodG	487155840
3834	-0.0066	PCodG	487505269
14371	-0.0008	PCodG	488128312
2623	-0.0073	PCodG	488186916
24891	0.0245	PCodG	488409513
13501	0.0071	PCodG	488409601
7421	0.0365	PCodG	488576553
22830	-0.0037	PCodG	488789666
13857	0.0154	PCodG	488980572
17619	-0.0078	PCodG	489026572
9331	-0.0058	PCodG	489573375
12294	0.0182	PCodG	490032143
7647	-0.0057	PCodG	490244052
6492	-0.005	PCodG	490748745
5617	0.0056	PCodG	490940581
3564	-0.0022	PCodG	490984891
6677	-0.0033	PCodG	491123758
14550	-0.0063	PCodG	491123846
888	0.0042	PCodG	491333894
23618	-0.0055	PCodG	492610085
15805	0.0932	PCodG	492648501
6563	0.0196	PCodG	492722344
11222	-0.0076	PCodG	493118570
21721	0.0289	PCodG	493164658
22653	-0.0051	PCodG	493334684
768	-0.0078	PCodG	493372610
25161	0.0186	PCodG	493489260
13856	0.0042	PCodG	493551142
18741	0.0453	PCodG	494074690
12068	0.0375	PCodG	494899914
20259	0.0322	PCodG	494914581
9168	0.0866	PCodG	494947435
8150	-0.0064	PCodG	494947523
13908	0.0411	PCodG	495064194
2279	0.0574	PCodG	495221470
25065	0.0199	PCodG	495237437
1770	0.0169	PCodG	495261045
3186	0.0068	PCodG	495284936
6520	0.0007	PCodG	495344909
19241	-0.0078	PCodG	495488125
8747	-0.0009	PCodG	495798222
17070	0.0431	PCodG	496556795
7731	0.015	PCodG	496568927
23368	0.0096	PCodG	496577452
22621	-0.0075	PCodG	497085717
11564	0.003	PCodG	497253738
13982	0.0183	PCodG	497368702
4744	-0.0023	PCodG	497396116
14475	0.0025	PCodG	497515787
22126	0.1569	PCodG	497526141
25624	0.0019	PCodG	497554839
19679	0.0434	PCodG	497629349
183	0.0086	PCodG	497636359
19269	0.0481	PCodG	497737943
9326	0.0155	PCodG	497739600
7333	0.0023	PCodG	498158284
3061	0.1227	PCodG	498207859
23858	-0.004	PCodG	498219580
694	-0.0028	PCodG	498572209
4536	-0.0059	PCodG	498766266
7335	0.0387	PCodG	498936743
236	0.0751	PCodG	499159656
15794	0.1337	PCodG	499303152
6408	-0.0062	PCodG	499677925
17635	0.0843	PCodG	499809732
9054	0.0632	PCodG	500095471
8690	-0.0037	PCodG	500171211
19854	-0.0035	PCodG	500255050
3351	0.0574	PCodG	500526264
12184	-0.0081	PCodG	500775511
5995	0.1118	PCodG	501066609
3416	0.0436	PCodG	501134357
6248	-0.0025	PCodG	501516122
22913	-0.0078	PCodG	501800655
23432	0.019	PCodG	501862055
20670	0.0046	PCodG	501971347
15598	0.023	PCodG	501994082
20444	0.0042	PCodG	502886576
6962	-0.0059	PCodG	503379588
13773	0.012	PCodG	503466601
13693	0.2448	PCodG	503865693
22655	0.0775	PCodG	503933146
24279	0.0214	PCodG	504240677
2709	0.0639	PCodG	504351750
16211	0.2254	PCodG	504389328
21317	0.0244	PCodG	504441653
9002	0.14	PCodG	504548892
21826	0.0179	PCodG	505054016
12309	0.0023	PCodG	505065992
18804	0.0022	PCodG	505115910
19011	0.231	PCodG	505225341
17128	0.0209	PCodG	505334807
11686	0.0085	PCodG	505482332
6443	-0.0003	PCodG	505747185
10199	0.0012	PCodG	505932050
6960	-0.0051	PCodG	506131372
8204	0.0867	PCodG	506243083
18222	0.1492	PCodG	506713665
22791	0.0005	PCodG	507061885
22284	-0.0064	PCodG	507061973
11609	0.1432	PCodG	507332380
23549	-0.0055	PCodG	507542402
6333	-0.0051	PCodG	507912654
12895	-0.0045	PCodG	507952789
514	0.003	PCodG	508068726
19731	0.0083	PCodG	508497554
14247	-0.0027	PCodG	508498039
24158	0.0187	PCodG	508608334
9131	-0.006	PCodG	508986207
23891	0.0158	PCodG	509433205
4499	0.0063	PCodG	509485291
5562	0.2936	PCodG	509929989
25483	0.1444	PCodG	509960195
19066	0.3002	PCodG	510095089
25009	-0.0034	PCodG	510148142
644	0.0097	PCodG	510842565
23920	-0.0013	PCodG	510861775
20186	0.0025	PCodG	511022053
12277	0.0146	PCodG	511023721
6279	-0.0066	PCodG	511559136
3900	0.0007	PCodG	511559224
579	-0.0072	PCodG	511687888
23026	-0.0014	PCodG	511732499
425	-0.0067	PCodG	511806539
5116	-0.0059	PCodG	511806627
4172	0.0001	PCodG	511821142
19061	0.0748	PCodG	511916927
20372	-0.0002	PCodG	512342350
1452	0.0179	PCodG	512353146
14049	-0.0016	PCodG	512405492
15251	0.1128	PCodG	512419004
10530	0.0111	PCodG	512451461
9565	0.0469	PCodG	513015635
18733	0.0432	PCodG	513139046
18641	0.0018	PCodG	513183803
1323	-0.0063	PCodG	513195033
10711	-0.006	PCodG	513240322
1285	-0.0076	PCodG	513328693
10529	0.0141	PCodG	513357036
15808	0.017	PCodG	513441410
9726	0.0281	PCodG	513618894
16812	0.0439	PCodG	514050538
8915	0.0041	PCodG	514611051
12432	0.1135	PCodG	514792429
21762	-0.0068	PCodG	514795061
15066	-0.0035	PCodG	514964993
9855	0.0699	PCodG	515100898
769	0.0206	PCodG	515110943
2880	0.0771	PCodG	515111031
4066	0.012	PCodG	515598207
12693	0.0035	PCodG	515651085
16458	0.1409	PCodG	515728339
3405	0.0887	PCodG	515851795
12320	0.0535	PCodG	515863363
3019	0.0409	PCodG	515917027
12520	0.0206	PCodG	515964640
24	0.1863	PCodG	516047873
19541	0.0003	PCodG	516249801
5654	0.1881	PCodG	516693378
10732	-0.0006	PCodG	517364103
11146	0.0728	PCodG	517364191
15373	0.0216	PCodG	517558064
8534	0.0199	PCodG	517558152
54	0.0407	PCodG	517567213
12479	-0.0012	PCodG	517731729
6576	-0.0056	PCodG	517814632
14803	0.058	PCodG	517901563
21097	0.0134	PCodG	518402122
20859	0.039	PCodG	518710366
22336	-0.0049	PCodG	519132753
1469	0.0103	PCodG	519218309
18793	0.0255	PCodG	519250295
15531	0.195	PCodG	519882068
22001	0.005	PCodG	519915045
8873	0.0186	PCodG	520042336
3138	0.2354	PCodG	520097881
5155	0.0613	PCodG	520099671
19758	0.0365	PCodG	520358756
1229	0.0491	PCodG	520358844
18306	0.0897	PCodG	520737756
23331	0.0914	PCodG	521200151
2417	0.2681	PCodG	521210420
21100	0.0328	PCodG	521790903
14311	0.0252	PCodG	522001132
9008	0.0131	PCodG	522378161
10160	0.0337	PCodG	522439004
24005	0.1108	PCodG	522920778
6947	-0.0004	PCodG	522961375
24646	-0.0041	PCodG	523021734
19304	-0.003	PCodG	523025983
25052	0.0432	PCodG	523501614
7992	0.0196	PCodG	523837245
18770	0.0447	PCodG	523952501
10836	-0.0019	PCodG	523979357
9274	0.003	PCodG	523994341
13399	-0.0074	PCodG	524778362
9085	0.058	PCodG	525472045
22423	0.013	PCodG	525666175
23520	0.1408	PCodG	525765273
19528	-0.005	PCodG	526149997
18760	-0.0037	PCodG	526282918
5148	-0.0047	PCodG	526283006
20239	0.1461	PCodG	526324755
18703	-0.0081	PCodG	526367921
18142	0.0128	PCodG	526569647
21748	-0.0034	PCodG	526720642
22761	0.0189	PCodG	526722689
1254	-0.0056	PCodG	526754884
15639	0.0017	PCodG	527174128
1092	-0.0052	PCodG	527356872
14764	0.0022	PCodG	527469251
4766	0.1145	PCodG	527804024
14236	-0.0029	PCodG	528413638
9970	0.0631	PCodG	528455527
594	-0.0056	PCodG	528642757
15293	0.0273	PCodG	528701713
7127	0.0617	PCodG	528767612
13641	0.0614	PCodG	528805090
9355	0.0187	PCodG	529109303
3023	0.0496	PCodG	529715295
20612	0.112	PCodG	529900082
18835	0.0573	PCodG	530061558
11889	-0.0022	PCodG	530073979
9218	0.0299	PCodG	530171788
15667	0.0003	PCodG	530311993
11580	0.0139	PCodG	530469526
10738	0.0515	PCodG	530731625
4911	-0.0078	PCodG	530747600
20336	0.0671	PCodG	532544081
23364	-0.0036	PCodG	532756337
17149	0.2284	PCodG	533120070
14912	0.0204	PCodG	533403921
17237	-0.0032	PCodG	533801975
4541	-0.0063	PCodG	534055341
20543	-0.0076	PCodG	534055429
3420	-0.0051	PCodG	534117808
1911	0.2322	PCodG	534382499
20795	0.0509	PCodG	534393217
19	0.0187	PCodG	534836552
8471	-0.0037	PCodG	535636171
21996	0.0194	PCodG	535694818
9134	0.0001	PCodG	535815045
8514	0.0033	PCodG	535916800
18063	0.0676	PCodG	535923836
11443	0.0442	PCodG	535955916
24292	0.0084	PCodG	536085653
15306	-0.0029	PCodG	536111914
8026	-0.0052	PCodG	536127018
17350	0.0906	PCodG	536127106
7789	0.0914	PCodG	536177582
4570	-0.0019	PCodG	536230780
20532	0.0083	PCodG	536306570
3797	0.0423	PCodG	536527213
3303	-0.0049	PCodG	536839723
14213	0.0497	PCodG	536861577
6988	0.0679	PCodG	536930236
14741	0.0682	PCodG	536957875
24471	0.0679	PCodG	536957963
24454	0.0081	PCodG	537032688
10226	0.0815	PCodG	537616453
24510	0.0011	PCodG	538041986
5765	0.1121	PCodG	538194265
3000	0.0193	PCodG	538263657
10552	0.0001	PCodG	538310714
16963	0.0266	PCodG	538347443
16	0.0041	PCodG	538548171
15039	-0.0066	PCodG	538548259
10576	-0.0068	PCodG	538847787
2694	0.0195	PCodG	539247127
19138	0.0583	PCodG	539390464
12775	0.0003	PCodG	539469247
700	0.019	PCodG	539890306
4214	0.0096	PCodG	539926066
2677	0.0176	PCodG	540282310
25205	0.0316	PCodG	540338859
463	0.044	PCodG	540443026
24309	-0.0068	PCodG	540470882
21559	0.0388	PCodG	540500788
4207	-0.0033	PCodG	540537329
25322	-0.0052	PCodG	540538338
17254	0.0441	PCodG	540644438
805	0.0138	PCodG	540661057
19022	0.0277	PCodG	540764448
6028	0.1615	PCodG	540940131
2135	0.0191	PCodG	540940219
9852	-0.005	PCodG	540941717
10441	-0.0016	PCodG	541463326
9865	0.0602	PCodG	541739762
3902	-0.0079	PCodG	541993216
7315	0.0811	PCodG	542261025
18476	0.0197	PCodG	542478865
24994	-0.0052	PCodG	542835518
3501	0.0186	PCodG	542916586
8831	0.0186	PCodG	543107223
1933	-0.0014	PCodG	543249047
3298	-0.0058	PCodG	543518453
24433	0.0232	PCodG	543913982
10501	0.069	PCodG	543952372
3342	0.0476	PCodG	544036775
8979	0.0024	PCodG	544359831
24980	0.027	PCodG	545138086
10953	0.0187	PCodG	545149657
612	0.0115	PCodG	545812719
18047	0.0366	PCodG	545966819
4100	-0.0067	PCodG	546022548
1503	-0.002	PCodG	546083682
4036	0.0629	PCodG	546121366
13552	0.012	PCodG	546126270
19821	0.0036	PCodG	546436087
20688	0.0223	PCodG	546710026
18512	0.0591	PCodG	546717518
6085	0.0439	PCodG	546762365
17523	0.0302	PCodG	547056328
3867	-0.0072	PCodG	547056416
15526	0.0211	PCodG	547081799
93	0.0347	PCodG	547240116
9192	-0.0061	PCodG	547248385
23626	0.0003	PCodG	547691183
23252	-0.0064	PCodG	547736230
7688	0.1018	PCodG	548341759
6314	-0.0074	PCodG	548439073
10785	0.0327	PCodG	548579500
12506	-0.0029	PCodG	548777969
3	0.0063	PCodG	548832167
12430	-0.0044	PCodG	548960840
9766	-0.0017	PCodG	549057422
23590	0.1089	PCodG	549068408
8409	0.0195	PCodG	549135403
4148	-0.0063	PCodG	549185835
3622	-0.0043	PCodG	549186540
19039	-0.0053	PCodG	549216450
2601	0.0684	PCodG	550388991
7988	0.0604	PCodG	550406260
7703	-0.005	PCodG	550429615
2261	0.0155	PCodG	550572996
3855	-0.0052	PCodG	550718421
17578	0.0654	PCodG	550758771
19650	0.1881	PCodG	551172382
16059	0.0023	PCodG	551204967
21833	0.1826	PCodG	551211010
17860	0.0523	PCodG	551382408
14902	0.0487	PCodG	551479105
19666	0.0631	PCodG	551595079
14221	0.1128	PCodG	551632394
2366	0.0445	PCodG	551814472
18581	0.0139	PCodG	551948304
3043	0.0189	PCodG	551966394
12049	-0.0047	PCodG	552627075
21920	0.0192	PCodG	552761364
16615	0.0187	PCodG	552979416
12255	0.0156	PCodG	553026958
9323	0.0189	PCodG	553064249
21558	0.0188	PCodG	553225262
2762	-0.0026	PCodG	553437210
16563	0.0188	PCodG	553453717
14698	0.1192	PCodG	553720523
25554	0.0482	PCodG	553859495
18398	0.0002	PCodG	554361304
23429	-0.0009	PCodG	555093798
11851	0.0355	PCodG	555538455
12449	0.0416	PCodG	555538544
160	-0.001	PCodG	555580266
19384	0.0406	PCodG	555788353
15948	0.0021	PCodG	555836619
9184	-0.006	PCodG	555990228
18704	-0.007	PCodG	556064387
3780	-0.0036	PCodG	556125318
951	0.0017	PCodG	556737041
10150	0.0406	PCodG	556840761
23351	-0.0075	PCodG	556952317
24664	-0.0055	PCodG	557206248
18318	0.0159	PCodG	557286715
15841	0.0773	PCodG	557352003
23950	0.1052	PCodG	557352092
11469	-0.0051	PCodG	557431505
6318	0.0457	PCodG	557469837
18108	0.0407	PCodG	557576585
6617	0.0098	PCodG	557633124
6388	-0.0009	PCodG	557702943
23060	-0.0041	PCodG	557739718
17512	0.0193	PCodG	557759213
15098	-0.007	PCodG	557861885
5016	0.06	PCodG	557861973
22905	-0.0078	PCodG	557930041
18331	0.0587	PCodG	558109195
16037	-0.0051	PCodG	558123716
13608	0.1494	PCodG	558297742
1590	-0.0009	PCodG	558627168
5516	0.0438	PCodG	558696185
6306	0.0048	PCodG	559131605
23152	0.0861	PCodG	559342552
613	-0.0069	PCodG	559342936
21924	0.05	PCodG	559517561
1294	0.0377	PCodG	560019988
21084	0.0521	PCodG	560327469
20242	-0.0073	PCodG	560448505
21106	0.079	PCodG	560934881
14466	0.0006	PCodG	560996725
2950	-0.0056	PCodG	561059429
6802	0.1387	PCodG	561238999
23922	0.02	PCodG	561446587
4458	0.0682	PCodG	561545881
14269	0.0437	PCodG	561799576
13712	0.0074	PCodG	562078264
22445	-0.0037	PCodG	562134513
24742	0.0005	PCodG	562135701
4174	0.0186	PCodG	562361844
4081	-0.0062	PCodG	562545007
17004	0.1891	PCodG	562607436
20082	0.0025	PCodG	563437870
6983	0.0898	PCodG	563516132
3413	0.0861	PCodG	563984806
25162	0.0625	PCodG	564007824
19286	0.0186	PCodG	564016992
20462	0.008	PCodG	564063806
22899	0.3544	PCodG	564165445
24986	0.0107	PCodG	564221412
22022	-0.0038	PCodG	564495730
22061	-0.0004	PCodG	564537152
21537	-0.0073	PCodG	564759752
1739	0.0201	PCodG	564990716
1253	0.0689	PCodG	565233881
23361	-0.0051	PCodG	565443965
23721	-0.0062	PCodG	565620807
13934	0.0111	PCodG	565910225
792	0.0098	PCodG	566894733
6565	0.0752	PCodG	566968758
17600	0.0036	PCodG	567011060
13531	-0.0068	PCodG	567405293
14592	-0.0075	PCodG	567660237
9610	0.0071	PCodG	567956603
12762	0.0189	PCodG	568070422
7205	0.1624	PCodG	568283927
5030	0.0378	PCodG	568361567
4440	0.0775	PCodG	568417811
20835	0.0025	PCodG	568545018
8056	0.0817	PCodG	568555755
7206	0.0626	PCodG	569361212
22349	-0.0035	PCodG	569430098
5035	0.0196	PCodG	569485731
21060	0.0748	PCodG	569538770
2554	0.0173	PCodG	569558666
23115	0.0008	PCodG	569558666
1349	-0.0058	PCodG	569776267
6989	0.0967	PCodG	569799426
2718	0.1916	PCodG	569841668
9705	0.0857	PCodG	569913094
10316	0.0128	PCodG	569929568
21671	0.0005	PCodG	570098983
1889	0.0191	PCodG	570453526
9347	-0.0075	PCodG	570458703
19502	0.0037	PCodG	570483956
7583	0.0217	PCodG	570526356
11144	0.0018	PCodG	570591926
17615	0.0025	PCodG	570688062
16393	0.0025	PCodG	571031551
10134	0.0128	PCodG	571492358
1629	-0.0056	PCodG	572012679
11611	0.0287	PCodG	572257834
8484	0.0077	PCodG	572344095
525	-0.003	PCodG	572438747
3196	0.0551	PCodG	572471242
12937	-0.0067	PCodG	572551315
11537	0.0631	PCodG	572728219
24734	0.0027	PCodG	572810403
6913	0.0295	PCodG	572962747
12711	0.0956	PCodG	573016249
4759	0.0122	PCodG	573124549
647	0.0067	PCodG	573186855
22364	0.013	PCodG	573264857
20374	0.0096	PCodG	573264945
9275	0.0277	PCodG	573360810
5813	-0.0059	PCodG	573505764
8289	0.1031	PCodG	573774585
14296	0.0045	PCodG	573954137
13379	0.0428	PCodG	574550545
4539	0.0637	PCodG	575243293
24979	0.103	PCodG	575297284
2382	0.0148	PCodG	575620953
22328	0.0742	PCodG	575738954
1939	0.0295	PCodG	575997615
20486	-0.0016	PCodG	576267050
22386	0.0292	PCodG	576383023
16861	-0.0053	PCodG	576417321
22992	0.0256	PCodG	576532054
17461	0.0004	PCodG	576613105
5776	-0.0051	PCodG	576648612
22242	0.0749	PCodG	576706865
3499	0.0325	PCodG	576781483
14115	0.0256	PCodG	576852211
23608	0.0303	PCodG	577107126
2309	0.0061	PCodG	577844471
2498	0.0175	PCodG	577881127
14710	0.0206	PCodG	578196166
6816	0.0105	PCodG	578259374
4332	-0.0077	PCodG	578571753
12568	0.0272	PCodG	578599448
16418	0.0194	PCodG	578956759
14305	-0.0004	PCodG	579853259
9492	-0.0052	PCodG	579991923
8554	0.02	PCodG	580015929
5744	-0.0073	PCodG	580099443
5431	0.0439	PCodG	580465661
22842	-0.0078	PCodG	580540173
5859	-0.0097	PCodG	580985443
15780	-0.0073	PCodG	581025681
16790	0.0191	PCodG	581372167
24136	0.0639	PCodG	581935528
17917	0.0076	PCodG	581961167
13656	-0.0081	PCodG	581990242
11343	0.0397	PCodG	581990330
11211	0.0262	PCodG	582380339
8936	0.0033	PCodG	582499825
13253	0.1088	PCodG	582779592
13756	0.0842	PCodG	582801617
5633	0.0203	PCodG	583047236
17892	0.0825	PCodG	583075690
630	0.103	PCodG	583075778
24265	0.0005	PCodG	583177995
12886	0.0491	PCodG	583248465
10928	-0.0046	PCodG	583401671
392	0.0121	PCodG	583401759
14913	-0.0051	PCodG	583403107
6080	0.0437	PCodG	583403195
25016	0.0295	PCodG	583711846
13432	-0.0051	PCodG	583714889
15122	-0.0052	PCodG	583758687
15171	0.0894	PCodG	584333679
7627	-0.0069	PCodG	584354061
5538	0.027	PCodG	584666560
16231	0.062	PCodG	584775190
16517	0.0754	PCodG	584950275
11675	0.0001	PCodG	585031273
5662	-0.0015	PCodG	585167404
6846	0.0096	PCodG	585410385
16180	-0.0058	PCodG	585559592
7216	0.0006	PCodG	586332254
16098	-0.0103	PCodG	586479010
13620	-0.0064	PCodG	586736281
24232	0.017	PCodG	586839535
10598	0.0317	PCodG	586963166
899	-0.0066	PCodG	586963254
23426	0.0676	PCodG	587557885
12555	0.0538	PCodG	587652304
15958	0.1582	PCodG	588027819
25035	-0.007	PCodG	588079191
16748	0.032	PCodG	588625818
19768	0.0101	PCodG	589042840
13650	0.0156	PCodG	589187143
2603	0.0055	PCodG	589443432
18938	-0.0058	PCodG	589639858
3238	0.0094	PCodG	589651382
11761	0.1064	PCodG	589826091
21863	0.3265	PCodG	589890562
739	0.021	PCodG	589931602
13462	0.0185	PCodG	590045845
5310	-0.0046	PCodG	590051302
8907	0.052	PCodG	590215393
25588	0.0036	PCodG	590520248
3814	0.0523	PCodG	591053812
14491	0.0099	PCodG	591204193
12600	0.0244	PCodG	591721668
941	0.1661	PCodG	591829800
16865	0.0183	PCodG	591915836
10498	0.087	PCodG	591951998
23991	0.1086	PCodG	592136120
11336	-0.0054	PCodG	592165110
2985	0.0097	PCodG	592217303
671	-0.0067	PCodG	592428415
16902	0.0683	PCodG	592447050
21798	0.0065	PCodG	592449192
12615	0.0183	PCodG	592513599
5201	0.0939	PCodG	592931398
5227	-0.0065	PCodG	593035957
8149	0.0671	PCodG	593261514
16654	0.0257	PCodG	593517774
9941	0.0434	PCodG	593557884
7620	0.0132	PCodG	593630204
7283	0.1242	PCodG	593708956
12758	-0.0066	PCodG	593855210
10675	0.0406	PCodG	594122261
23124	0.131	PCodG	594595274
16157	0.0247	PCodG	594700111
23156	0.0196	PCodG	594769197
20083	-0.0064	PCodG	594927416
15560	-0.0034	PCodG	594994855
14591	-0.003	PCodG	595572382
4285	-0.0066	PCodG	595666008
17971	0.1299	PCodG	595918912
10514	-0.0068	PCodG	596258422
6329	0.0191	PCodG	596937430
12559	-0.0001	PCodG	596997639
10445	0.0082	PCodG	597132413
962	0.0023	PCodG	597383081
13523	0.026	PCodG	597429277
17899	0.0016	PCodG	597686534
10820	0.0075	PCodG	597874266
22923	0.0886	PCodG	597960145
7754	0.0682	PCodG	598016948
14591	0.0023	PCodG	595572382
4285	-0.0007	PCodG	595666008
17971	0.1365	PCodG	595918912
10514	-0.003	PCodG	596258422
6329	-0.004	PCodG	596937430
12559	0.0006	PCodG	596997639
10445	0.0106	PCodG	597132413
962	-0.0028	PCodG	597383081
13523	0.0363	PCodG	597429277
17899	-0.0048	PCodG	597686534
10820	0.0056	PCodG	597874266
22923	0.0752	PCodG	597960145
7754	0.0572	PCodG	598016948