Locus	Fst
3	0.0126
5	0.1659
6	0.0169
11	0.0581
16	0.0258
19	0.0216
24	0.0763
39	0.0186
53	0.0084
54	0.0118
63	0.015
88	-0.0066
92	0.0252
93	-0.0012
98	0.006
101	0.0302
109	-0.0105
111	-0.0089
117	0.0089
126	0.0114
142	-0.0052
148	0.0068
160	-0.0008
164	0.0533
166	-0.0073
167	0.0287
169	0.0049
174	0.0257
183	0.0038
187	0.0344
189	0.0541
198	-0.0068
200	0.034
206	0.0098
220	-0.0043
221	0.0069
227	-0.0016
228	0.0375
236	0.0862
240	0.0033
244	0.0257
246	0.0141
253	0.0091
256	0.0599
263	0.0007
287	-0.0068
297	0.0077
315	0.043
331	-0.0011
348	-0.0027
364	0.0735
367	0.0545
373	0.0035
376	0.0124
377	-0.009
379	0.0286
381	0.0154
388	0.0128
391	0.0079
392	0.0207
404	-0.0054
410	0.031
415	0.0046
419	0.034
425	-0.0071
440	0.0227
463	0.0223
490	0.0052
512	-0.0085
514	0.006
522	0.0051
525	-0.0047
534	0.0189
541	-0.0014
545	0.0026
561	0.0072
571	0.129
579	-0.0028
589	-0.0147
594	0.0175
605	-0.0011
612	-0.0033
613	-0.0052
616	0.0051
617	-0.0032
618	-0.008
630	0.0305
644	-0.0042
647	0.048
660	0.0483
671	0.0047
673	-0.0011
694	-0.0111
695	0.0254
700	0.0195
705	0.0049
716	0.0465
719	0.0305
721	0.0295
730	0.002
734	0.012
739	0.0293
752	0.0293
756	0.0166
765	0.0674
768	-0.0029
769	0.0232
772	0.0055
780	-0.0053
786	-0.0004
792	0.0399
803	0.07
805	0.01
813	0.0097
815	0.0111
820	0.0338
825	0.033
832	-0.0048
844	-0.0024
860	0.04
885	0.0984
888	0.0128
899	0.0129
925	0.0022
927	0.0612
941	0.0696
943	0.014
951	0.0067
952	-0.0043
960	0.0102
962	0.0054
964	-0.0069
966	0.0214
974	0.0394
982	0.0342
1002	0.0621
1020	-0.0123
1027	0.0167
1031	0.002
1036	0.0149
1037	0.0481
1047	0.0358
1048	0.0017
1053	0.04
1054	0.0593
1059	0.0105
1066	0.0058
1073	0.0246
1078	0.0009
1089	-0.0004
1091	-0.006
1092	0.0199
1094	0.0118
1098	-0.0033
1104	0.0019
1122	-0.0048
1138	0.0037
1157	-0.0083
1159	0.0314
1160	0.0311
1162	0.01
1167	0.0337
1176	0.068
1190	0.0081
1193	0.0014
1197	-0.0013
1206	-0.0006
1218	0.0124
1228	0.0225
1229	0.0122
1253	0.0148
1254	-0.0015
1258	0.0088
1262	0.0366
1266	-0.0152
1275	0.1157
1285	0.0185
1287	0.0226
1294	0.0299
1306	0.0481
1311	0.0335
1323	-0.0018
1339	0.0074
1345	-0.0012
1349	0.0001
1392	0.0211
1393	0.0192
1407	-0.0019
1420	-0.0012
1441	0.0355
1451	0.037
1452	-0.0017
1454	-0.0032
1463	0.0113
1469	-0.0071
1473	-0.0048
1474	-0.0016
1490	-0.0014
1499	0.0305
1503	-0.0064
1504	-0.0011
1519	0.0022
1547	0.0166
1555	0.0201
1560	0.104
1567	0.0411
1568	0.0666
1571	0.0043
1572	0.0256
1582	-0.0093
1589	-0.0081
1590	-0.0047
1596	0.001
1602	0.0747
1617	-0.0011
1629	-0.0133
1638	0.0001
1655	0.0306
1660	0.0027
1689	0.0192
1693	0.0073
1698	0.0482
1711	-0.0035
1712	-0.0013
1713	0.0077
1722	-0.0049
1729	-0.0024
1730	0.0327
1734	-0.0007
1737	0.0006
1738	0.0019
1739	0.0668
1770	-0.0018
1773	-0.0107
1794	0.0254
1817	-0.0066
1821	0.0141
1845	0.044
1848	-0.0019
1855	-0.0071
1872	0.0743
1881	0.0183
1889	-0.0038
1906	0.0076
1907	0.038
1911	0.1
1933	0.0224
1936	0.0002
1939	0.0249
1957	-0.0029
1961	0.0289
1962	0.036
1963	-0.0065
1968	-0.0001
1970	0.0179
1975	-0.0082
1978	0.0484
1983	0.0047
1995	0.0197
2029	0.0383
2033	0
2038	-0.0014
2046	0.003
2069	0.0099
2071	0.0206
2075	0.0478
2082	0.0437
2100	0.0017
2110	0.0097
2118	-0.0031
2135	-0.0011
2148	0.0597
2149	0.0097
2151	-0.0009
2153	0.0099
2154	0.0333
2160	0.0078
2175	-0.0085
2176	0.0069
2196	0.0428
2204	0.0131
2206	-0.0014
2225	0.0445
2227	0.0151
2234	-0.0032
2258	0.0076
2261	-0.0001
2279	0.0264
2309	0.0025
2319	-0.0024
2327	-0.0027
2329	0.0207
2331	0.0134
2332	0.0584
2334	0.0225
2335	0.0166
2353	-0.0004
2366	0.1232
2368	0.0051
2370	0.0214
2371	-0.0019
2382	0.009
2390	0.0641
2399	0.0845
2400	0.0482
2408	0.1005
2417	0.1355
2425	0.0184
2429	-0.0012
2446	0.0151
2455	0.0064
2468	0.0024
2491	0.0056
2498	0.0338
2506	0.0141
2520	-0.0023
2522	0.0248
2539	0.0101
2554	0.0266
2558	0.0068
2587	-0.0075
2601	0.0368
2603	0.0069
2604	0.013
2621	0.0128
2623	0.0155
2646	-0.0053
2647	0.0389
2648	0.0294
2672	0.0258
2677	-0.001
2694	0.0103
2705	-0.0031
2706	0.0276
2709	0.0358
2718	0.0677
2733	0.0296
2735	0.0563
2742	0.0007
2752	0.0158
2762	0.0308
2780	0.2032
2792	0.0016
2813	-0.0007
2820	0.0225
2824	-0.0016
2826	0.0682
2830	-0.0028
2844	0.0058
2850	-0.0034
2851	0.0048
2861	0.0128
2866	0.0237
2880	0.0287
2895	0.0142
2917	-0.0074
2922	0.0448
2934	0.0203
2950	-0.0052
2966	0.1013
2967	-0.0138
2973	0.0407
2974	-0.0031
2977	0.004
2985	0.0456
2990	0.0527
2995	0.011
2997	0.0959
2998	0.0589
3000	-0.0026
3004	-0.0009
3015	0.0851
3016	0.0093
3019	0.0102
3023	0.0106
3031	-0.0023
3039	0.0079
3043	0.0076
3057	-0.0075
3061	0.0745
3062	0.0019
3066	0.0001
3076	0.0081
3086	0.0158
3095	-0.0044
3096	0.124
3102	0.0491
3116	0.106
3120	0.0032
3121	-0.0037
3129	0.0351
3138	0.0803
3155	0.0246
3161	0.0331
3172	0.0265
3175	-0.0046
3176	0.0483
3186	0.0143
3193	0.0092
3195	-0.0016
3196	0.0362
3197	0.0211
3207	0.0331
3223	0.0198
3228	0.0541
3238	0.0118
3244	0.0372
3248	0.0393
3258	-0.0004
3261	0.0463
3266	0.0053
3284	0.0099
3298	-0.0129
3303	-0.0038
3304	0.0664
3307	0.0008
3312	0.0078
3328	0.001
3331	0.012
3338	-0.0047
3339	0.0229
3341	-0.0072
3342	0.0403
3343	-0.0014
3348	-0.0065
3351	0.0186
3362	0.0217
3373	0.02
3379	-0.008
3396	0.0119
3405	0.0292
3413	0.0291
3416	0.0049
3417	0.0125
3420	0.0098
3428	0.0094
3434	-0.0104
3437	-0.0035
3460	0.0017
3473	0.0113
3480	0.0616
3484	0.0272
3488	0.0343
3499	0.0118
3501	0.0059
3523	0.1499
3524	-0.0018
3541	0.1064
3547	0.0169
3553	0.0745
3561	0.0788
3564	0.0157
3594	-0.0071
3601	-0.0089
3606	0.0771
3622	-0.001
3623	-0.0003
3630	-0.0004
3639	-0.0024
3651	0.1093
3659	0.0043
3680	-0.0085
3683	0.0255
3694	0.0018
3708	0.0024
3728	-0.0118
3734	-0.0134
3750	0.0211
3753	-0.0133
3754	0.0004
3756	0.0071
3761	0.0089
3776	0.0439
3780	-0.0042
3791	0.0257
3794	-0.0056
3797	0.0132
3798	0.0198
3799	0.0126
3814	0.0206
3822	-0.0092
3825	0.0206
3827	0.0508
3828	-0.0115
3832	-0.0007
3833	-0.0056
3834	0.0022
3843	0.0389
3849	-0.0012
3853	0.0086
3855	0.0038
3865	-0.001
3867	-0.0081
3875	0.193
3879	0.0191
3885	0.0497
3887	0.0549
3894	0.0647
3900	-0.0092
3902	0
3917	0.0057
3929	-0.0056
3931	0.0111
3939	0.0144
3940	0.1022
3948	0.033
3952	-0.0012
3957	0.0216
3963	0.0569
3972	0.0028
3973	-0.0074
4002	0.0245
4003	0.012
4004	0.0136
4010	0.0122
4013	0.0592
4025	0.0014
4031	0.0052
4032	-0.0123
4033	0.0576
4036	0.012
4040	0.0323
4045	0.0166
4058	0.0103
4062	0.0048
4066	0.0033
4079	0.0013
4081	0.0006
4083	0.0064
4088	0.0234
4090	0.035
4092	0.0071
4097	-0.0103
4100	-0.0012
4103	0.0028
4108	0.008
4126	0.0047
4132	0.0246
4133	0.0643
4140	0.022
4145	0.0203
4146	-0.0011
4148	-0.0136
4150	0.0227
4154	0.0139
4171	0.0845
4172	0.0552
4174	0.0515
4176	-0.0121
4185	0.0016
4188	0.0134
4191	0.0036
4192	0.0166
4206	0.0009
4207	-0.0053
4212	0.0198
4213	-0.0067
4214	0.0102
4226	0.0431
4230	0.0465
4242	-0.0032
4251	0.0337
4285	0.0067
4301	-0.008
4317	0.0506
4332	-0.0025
4336	0.0246
4344	-0.0052
4361	0.0008
4365	0.028
4368	0.0858
4373	0.0662
4380	-0.0006
4381	0.0113
4383	0.0156
4392	0.0134
4396	0.0358
4398	0.0807
4402	-0.0059
4411	0.0158
4426	0.0272
4440	0.0366
4442	0.09
4453	0.0228
4458	0.0121
4459	0.0212
4472	0.0218
4473	0.0415
4484	-0.0077
4491	0.0181
4492	0.0311
4495	0.031
4499	0.0058
4507	-0.001
4508	-0.0078
4514	0.0503
4522	-0.0022
4536	-0.0016
4539	0.0321
4541	0.0058
4549	-0.0026
4550	0.0102
4556	0.0208
4557	-0.0072
4568	0.0022
4570	0.0029
4572	0.004
4575	0.0129
4578	0.0607
4582	0.0133
4588	-0.0055
4596	0.0486
4609	0.0105
4613	0.0527
4615	-0.003
4617	-0.0079
4620	0.0058
4629	0.0391
4637	0.037
4643	0.0032
4644	0.0338
4646	0.0205
4660	0.0283
4671	0.0044
4689	0.0057
4696	0.0002
4702	-0.0027
4720	-0.0054
4727	-0.0006
4729	-0.0038
4739	0.0308
4740	0.027
4744	-0.0157
4747	0.1121
4754	0.0155
4759	0.0037
4760	-0.0046
4761	0.0004
4766	0.0198
4777	0.0053
4782	0.0357
4799	0.0017
4815	-0.0091
4818	-0.0012
4824	-0.0051
4832	0.0083
4834	0.0953
4836	-0.0017
4837	0.0017
4841	0.0494
4849	0.0091
4863	-0.0042
4878	0.0018
4885	0.0598
4887	0.0002
4891	-0.0013
4892	0.016
4893	-0.0125
4894	0.0017
4898	0.0453
4905	0.0123
4909	0.0248
4911	0.0081
4939	-0.0007
4950	0.0173
4956	0.0149
4958	-0.0015
4960	0.0016
4989	0.0139
4998	0.0042
5002	-0.003
5011	0.0123
5016	0.0139
5023	0.0155
5030	0.0444
5031	0.0074
5035	0.0068
5042	0.0279
5052	0.0125
5060	0.0107
5071	0.0061
5077	0.0076
5079	0.0085
5116	0.0102
5118	0.0035
5133	0.0388
5148	0.0108
5151	-0.0018
5155	0.0312
5169	0.0605
5171	0.0032
5174	0.0848
5176	0.0094
5196	0.0363
5201	0.0351
5203	-0.0007
5208	0.0083
5227	-0.0043
5232	0.0199
5264	0.001
5281	0.0437
5287	-0.0033
5288	-0.0046
5310	0.001
5333	0.013
5336	0.0325
5337	0.0036
5387	-0.0015
5398	-0.0048
5413	0.0434
5417	0.0354
5423	0.0198
5431	0.0205
5441	-0.0008
5442	-0.001
5450	0.0556
5451	0.0235
5461	-0.0011
5464	0.0214
5465	0.0006
5469	0.0233
5475	-0.0018
5482	-0.0087
5491	0.0334
5516	0.0146
5524	0.0113
5534	-0.0024
5538	0.0239
5539	0.0115
5541	0.0194
5560	0.0361
5562	0.1549
5569	0.0411
5570	-0.0014
5572	0.0047
5576	0.005
5577	0
5580	0.0244
5584	-0.0101
5590	0.0349
5600	0.0144
5610	0.0537
5614	-0.002
5617	0.0039
5622	0.0299
5623	0.0262
5633	-0.0027
5637	0.0142
5650	0.0099
5654	0.0647
5662	0.0985
5668	0.0183
5679	0.0441
5685	0.0019
5688	-0.0002
5692	0.0365
5697	0.0227
5699	0.0122
5707	-0.0011
5711	0.0482
5722	0.0114
5730	0.0016
5739	0.077
5741	-0.0011
5744	0.0397
5748	0.0041
5753	0.0455
5754	0.0321
5765	0.0353
5766	0.0323
5770	0.0049
5775	0.0162
5776	-0.0004
5781	-0.0008
5804	0.0066
5807	0.0197
5813	0.0098
5824	-0.0085
5834	-0.0016
5845	0.0017
5851	0.0032
5853	0.0195
5859	-0.0078
5882	0.0132
5894	-0.005
5902	0.0231
5923	-0.0005
5924	-0.0066
5925	0.0182
5928	0.0003
5945	-0.0076
5962	-0.0069
5966	0.0041
5973	-0.0156
5980	0.0193
5984	0.1102
5995	0.0483
6026	-0.0009
6028	0.0691
6031	0.1268
6033	-0.0042
6040	-0.0003
6051	0.0327
6065	0.023
6069	0.0244
6077	-0.0064
6080	0.0167
6085	0.0144
6094	0.0137
6126	0.0533
6144	0.0183
6147	0.0139
6156	0.0814
6158	0.0468
6182	-0.0147
6187	-0.005
6195	-0.0079
6218	0.0064
6220	0.06
6225	0.0114
6229	0.0459
6230	-0.0001
6244	-0.0018
6248	0.0035
6260	-0.0058
6270	-0.003
6274	0.049
6275	-0.0106
6279	0.0085
6306	0.0264
6312	0.0228
6314	-0.0116
6315	0.0191
6318	0.0054
6319	0.0056
6329	-0.0019
6333	-0.0125
6342	-0.0026
6353	0.0534
6357	0.0728
6360	0.034
6368	0.0151
6377	-0.0144
6388	0.0122
6390	0.0451
6403	-0.0066
6408	0.0039
6409	0.0467
6410	0.0195
6417	0.0617
6426	0.1166
6429	-0.0021
6431	0.0296
6441	0.0167
6443	-0.0091
6454	0.0081
6458	0.0247
6462	0.0021
6467	0.0388
6492	-0.0072
6498	0.0132
6500	0.0154
6519	-0.0107
6520	0.0079
6522	0.014
6525	0.0679
6526	-0.0028
6533	0.061
6534	0.0117
6554	0.0129
6563	-0.0027
6565	0.0994
6566	0.0334
6567	0.0087
6576	0.0509
6583	0.0032
6597	0.0005
6604	0.0076
6606	0.0189
6608	0.0196
6609	0.0059
6617	-0.0039
6631	0.0016
6635	0.042
6637	0.0056
6657	0.0042
6658	0.0091
6660	0.0262
6672	-0.0005
6677	0.0116
6683	0.0752
6687	0.0204
6690	0.0498
6693	-0.0037
6697	0.0102
6709	0.003
6724	0.0164
6729	0.0286
6735	-0.0052
6768	0.0121
6771	0.1928
6773	0.0322
6797	0.0036
6801	0.0319
6802	0.0448
6807	0.0329
6816	0.0094
6823	0.0038
6835	-0.0009
6845	0.0021
6846	0.0133
6860	0.0264
6870	0.0176
6878	0.0356
6882	0.0251
6883	0.0036
6886	0.0455
6887	0.0024
6890	0.0382
6913	0.0095
6925	0.0337
6926	0.014
6938	0.0048
6944	0.0174
6947	-0.0084
6953	-0.0012
6956	0.0643
6960	0.0366
6962	0.0189
6969	0.0021
6970	0.0401
6971	0.0795
6983	0.0608
6988	0.0498
6989	0.0344
6993	0.026
6995	0.0476
7000	0.0303
7027	0.0124
7028	0.0202
7046	0.0036
7048	-0.0005
7055	0.0003
7058	0.0205
7074	0.0855
7081	0.0049
7083	0.0423
7086	0.0187
7089	0.0288
7096	0.0155
7104	0.0373
7106	-0.0006
7109	0.0137
7117	0.0178
7127	0.026
7128	0.0175
7132	0.0156
7138	0.0001
7139	0.0092
7142	0.0395
7146	0.0354
7151	0.0107
7164	0.0089
7171	0.0004
7173	0.0182
7183	-0.0017
7193	0.0013
7203	-0.004
7205	0.0664
7206	0.0341
7214	-0.0026
7216	0.0052
7227	-0.0008
7230	-0.011
7271	0.042
7275	0.0198
7283	0.0347
7286	0.0156
7290	-0.0019
7298	-0.0081
7301	0.0071
7313	-0.0005
7314	0.0369
7315	0.0479
7322	-0.0038
7327	0.0668
7328	0.1292
7333	-0.0024
7335	0.0156
7341	0.0051
7345	0.0327
7366	0.0201
7367	-0.0025
7370	-0.0048
7390	0.0264
7391	-0.0007
7395	0.0045
7412	0.0002
7421	0.0174
7431	-0.0079
7433	0.0483
7450	-0.009
7458	-0.0035
7466	-0.0009
7479	0.0295
7485	0.0677
7489	0.0317
7501	0.0368
7509	0.0256
7514	0.0363
7522	0.0047
7537	-0.0058
7545	0.0173
7559	-0.0019
7565	0.0444
7570	-0.0031
7571	0.028
7573	0.0216
7574	0.0023
7583	-0.0047
7604	-0.0003
7610	-0.0066
7620	0.0076
7627	0.0651
7637	0.0177
7643	0.0025
7647	-0.0036
7666	0.0013
7688	0.0289
7690	0.0023
7698	-0.0116
7703	0.0187
7711	0.0131
7715	-0.0034
7726	0.0165
7730	0.0231
7731	0.0122
7735	0.0077
7736	0.0342
7747	0.0125
7749	0.0061
7754	0.0499
7755	0.0223
7759	-0.0017
7763	0.0019
7768	-0.0091
7769	0.0588
7775	-0.0054
7781	-0.0054
7789	0.018
7791	-0.0132
7803	0.0338
7806	0.0396
7807	0.0147
7818	0.0245
7823	-0.0039
7828	0.0319
7833	0.0038
7847	0.0545
7855	0.001
7865	-0.0054
7869	0.0036
7870	0.0386
7875	0.0604
7879	0.0734
7890	0.0002
7910	0.0018
7913	-0.0106
7915	0.0143
7929	0.0465
7940	0.0627
7942	0.0331
7952	-0.0109
7953	0.0073
7957	0.004
7962	-0.0062
7974	0.0213
7975	0.0306
7976	0.0588
7988	0.0481
7992	0.0353
8002	0.006
8018	-0.0011
8019	0.0629
8026	0.0095
8027	0.0215
8033	-0.0011
8045	-0.0009
8046	0.0099
8048	0.0132
8055	0.0557
8056	0.029
8057	0.0528
8062	0.0484
8064	0.0062
8086	0.0137
8095	-0.0032
8098	-0.0014
8100	0.0066
8103	0.0098
8124	0.0184
8130	-0.0147
8135	0.0007
8149	0.1659
8150	0.0909
8152	0.0103
8168	-0.0052
8183	-0.0122
8190	-0.0039
8192	0.0288
8194	0.0994
8196	0.0234
8198	0.0143
8199	0.082
8204	0.0454
8205	-0.0017
8208	0.0113
8209	0.0573
8212	0.0232
8217	0.0645
8218	0.0003
8231	0.0101
8241	0.0198
8242	0.0205
8246	0.0026
8252	0.0084
8260	-0.0002
8267	0.0233
8277	0.0093
8278	0.0095
8288	0.0079
8289	0.0563
8295	0.1342
8305	0.016
8312	0.0203
8316	0.0069
8322	0.0273
8327	0.0674
8330	0.0078
8334	0.0507
8336	0.0432
8346	-0.0005
8375	0.0042
8388	-0.0009
8389	0.0042
8409	0.0366
8414	-0.0005
8445	0.0224
8450	0.0421
8461	-0.0032
8465	-0.0014
8471	-0.0028
8484	-0.0001
8486	-0.0061
8493	0.0066
8499	0.1267
8507	0.0126
8514	0.0114
8525	0.1548
8526	0.0192
8527	0.0011
8534	0
8536	0.0353
8547	0.0102
8554	0.0133
8568	0.0045
8572	0.0294
8590	0.02
8596	0.0244
8597	0.0325
8601	0.0048
8603	0.0087
8606	0.0145
8641	0.0108
8642	0.0481
8649	0.0396
8670	0.0023
8671	0.0167
8690	-0.0129
8693	-0.0068
8703	0.0106
8704	0.0339
8724	0.0098
8726	0.0231
8727	0.0508
8746	0.0997
8747	-0.0001
8758	0.0077
8759	-0.005
8778	-0.0007
8789	0.0065
8798	0.0607
8803	-0.0018
8805	0.0139
8808	0.0022
8813	0.0194
8816	-0.0031
8820	0.059
8827	-0.001
8831	0.0587
8840	0.0809
8842	0.0138
8847	0.0898
8849	0.0076
8872	-0.0042
8873	0.0097
8885	0.0299
8890	0.032
8898	-0.0007
8902	0.0102
8907	0.0208
8915	-0.009
8936	0.0029
8943	0.0964
8948	-0.0065
8955	0.0374
8979	0.0146
8997	0.0051
9000	0.0114
9002	0.0449
9008	0.0119
9043	0.0001
9050	0.0216
9054	0.0188
9061	0.013
9082	0.015
9085	0.0124
9097	0.0236
9100	0.0389
9102	0.0135
9119	0.0029
9131	-0.0098
9134	0.0043
9135	0.0151
9144	0.0077
9158	0.0141
9159	0.0037
9162	0.0023
9165	-0.0085
9166	0.0554
9168	0.0256
9174	0.0443
9184	-0.014
9187	0.0275
9190	-0.0017
9191	0.0211
9192	-0.0036
9203	0.0724
9205	-0.0076
9210	0.0101
9211	-0.0002
9213	0.0021
9215	0.0295
9216	0.0861
9218	0.0147
9228	-0.0012
9229	0.0715
9247	0.0082
9251	0.0034
9252	0.0091
9274	-0.0046
9275	0.0115
9277	-0.0125
9284	0.0073
9289	0.0506
9299	0.015
9308	0.0371
9316	0.0058
9323	-0.0037
9326	0.0101
9331	0.0361
9347	0.0024
9350	0.0191
9354	0.0162
9355	0.0588
9359	0.0486
9363	0.005
9369	0.0599
9387	-0.0027
9393	-0.0035
9415	-0.0008
9419	0.0665
9421	0.0014
9434	-0.0092
9443	-0.0004
9449	0.1052
9452	0.0027
9456	-0.006
9461	0.0313
9489	0.0178
9492	0.0665
9502	0.0382
9506	-0.0051
9530	0.0109
9538	0.0155
9545	0.2065
9563	0.0147
9565	0.0295
9576	0.0628
9579	0.0067
9582	0.0025
9585	0.0229
9590	-0.0026
9593	0.0052
9596	0.014
9610	-0.0072
9611	0.0443
9640	0.0137
9645	0.0254
9655	-0.0027
9658	0.0011
9664	-0.0098
9667	0.0214
9668	0.0231
9673	0.0445
9675	0.005
9679	0.0068
9681	0.0954
9682	0.0055
9684	0.0171
9691	0.0186
9704	0.0548
9705	0.0258
9714	0.0605
9717	-0.0009
9726	-0.0002
9729	-0.0023
9731	0.0445
9738	0.0448
9741	-0.0008
9755	-0.0019
9766	-0.0133
9770	0.0352
9776	-0.0149
9789	0.019
9801	0.113
9812	0.0001
9819	-0.0049
9825	0.0153
9833	0.0259
9840	0.006
9845	-0.002
9850	-0.0119
9852	0.0028
9853	0.0044
9855	0.024
9864	0.0007
9865	0.0421
9870	-0.0113
9878	0.0088
9888	0.0039
9894	0.0331
9896	0.0145
9898	-0.0027
9922	0.0182
9940	0.0023
9941	0.0148
9943	-0.0011
9965	0.0176
9966	0.0083
9967	0.0099
9970	0.0402
9979	0.0079
9980	0.0153
9987	0.0036
9992	-0.0045
9996	-0.0022
10006	-0.005
10012	0.0117
10015	0.0767
10022	0.0099
10024	0.0202
10029	0.0211
10039	0.0201
10061	0.0725
10063	0.0001
10068	0.001
10076	0.0201
10079	0.0853
10086	0.0289
10134	-0.0006
10136	0.016
10139	-0.0026
10150	0.0218
10151	0.01
10153	-0.0001
10160	0.0108
10172	0.0222
10178	0.0335
10188	0.0165
10191	-0.0049
10198	-0.0004
10199	0.0087
10207	0.0078
10210	0.0209
10215	0.0238
10218	0.0105
10222	-0.0006
10226	0.0304
10227	-0.0086
10232	0.0304
10245	0.0359
10260	0.0615
10263	0.0735
10276	0.0434
10284	0.0062
10285	0.005
10291	-0.0093
10295	-0.0109
10299	-0.0046
10304	0.0014
10306	0.0218
10316	-0.0086
10334	0.0082
10342	0.0124
10350	-0.004
10366	0.0164
10374	0.0082
10380	0.0527
10386	0.0003
10396	-0.0062
10399	-0.0015
10401	-0.0019
10410	0.0875
10413	0.0088
10414	0.0005
10421	0.1438
10425	0.0315
10429	-0.006
10431	0.0506
10435	0.0075
10440	0.0287
10441	-0.0038
10445	0.0025
10456	0.0353
10460	0.0367
10462	0.0103
10471	-0.0013
10476	-0.0129
10477	0.0618
10488	0.0513
10495	-0.0016
10497	0.0009
10498	0.041
10501	0.0215
10514	0.0172
10529	0.0113
10530	0.0066
10539	0.0319
10552	-0.0021
10560	0.021
10567	0.0302
10576	0.0063
10577	0.0075
10580	0.0002
10585	-0.0052
10595	-0.0012
10598	0.031
10620	-0.0092
10648	0.0057
10660	0.0181
10662	0.0107
10675	0.0661
10685	-0.0066
10687	0.0163
10691	0.016
10698	0.0806
10711	-0.0098
10713	0.002
10715	-0.0153
10730	0.0607
10732	-0.0024
10738	0.0279
10742	-0.0062
10756	-0.0077
10760	0.0108
10761	0.0047
10785	0.0095
10806	0.0031
10813	0.032
10820	0.0024
10821	0.0209
10823	0.0048
10828	0.0323
10836	-0.0138
10838	0.0212
10839	0.0078
10840	0.0131
10844	0.0038
10849	0.0002
10860	0.03
10872	0.0267
10878	-0.0026
10882	-0.0016
10886	0.0549
10906	0.0027
10921	-0.0003
10928	0.0021
10933	0.0084
10951	0.002
10953	0.0051
10954	-0.0105
10960	0.1275
10965	0.0149
10966	0.048
10978	0.0462
10995	-0.0046
10999	0.0033
11001	-0.0012
11003	0.007
11018	0.1456
11019	0.0184
11027	0.0306
11049	-0.0092
11052	0.0238
11054	0.0097
11059	0.0078
11069	0.0144
11072	-0.0036
11081	0.0203
11092	0.0274
11113	-0.0013
11116	0.0267
11119	-0.0032
11129	0.0392
11132	0.0639
11133	-0.0119
11140	-0.0068
11144	0.0005
11146	0.0362
11149	-0.0005
11154	0.039
11162	0.0112
11166	0.0437
11170	0.0218
11175	0.0164
11176	0.0088
11182	0.0156
11190	0.0505
11191	0.0386
11209	-0.0019
11210	0.0044
11211	0.0116
11222	-0.0076
11234	0.0408
11254	-0.0008
11257	0.0522
11273	0.0165
11282	0.0149
11290	0.0046
11304	0.0315
11307	0.0332
11313	0.068
11319	0.0041
11325	-0.0068
11336	0.0132
11337	-0.0009
11343	0.0345
11354	-0.011
11367	0.0002
11378	0.0156
11386	0.0235
11400	0.0884
11406	0.0616
11413	0.0063
11415	0.0185
11417	0.0159
11420	0.0307
11422	0.0171
11437	0.015
11443	0.0217
11459	-0.0132
11462	0.0001
11469	0.0098
11476	-0.0102
11479	0.1119
11482	0.1155
11483	-0.012
11486	0.0107
11488	0.0026
11500	0.0253
11504	0.0204
11505	0.0159
11506	0.0115
11509	0.0186
11521	0.0157
11535	0.042
11537	0.0325
11546	0.0067
11552	0.0242
11564	-0.0045
11566	-0.0027
11569	0.14
11574	0.0001
11576	-0.0063
11579	0.0221
11580	0.0344
11591	0.0862
11609	0.0436
11611	-0.0009
11618	0.0214
11627	0.0119
11638	-0.01
11646	0.08
11651	0.0006
11663	0.0003
11670	0.0783
11675	0.0253
11686	0.0044
11687	0.0013
11691	0.0178
11711	0.0164
11717	-0.0021
11722	0.0731
11725	0.0038
11736	0.1096
11738	0.0106
11749	0.0105
11759	0.1603
11760	0.0547
11761	0.0544
11762	0.0393
11768	0.0014
11770	0.006
11774	0.0443
11818	0.0213
11843	0.0147
11848	0.0484
11849	-0.0023
11850	0.0063
11851	0.0268
11860	0.0154
11872	0.0012
11886	0.0579
11889	0.0001
11895	-0.0133
11896	-0.0036
11899	0.0241
11902	0.0593
11905	0.0491
11912	0.0248
11943	0.0146
11947	0.0163
11951	-0.0003
11954	0.0016
11964	-0.0004
11992	0.0169
11994	0.0084
12017	0.0224
12025	0.0301
12028	0.0146
12036	0.0481
12049	-0.0051
12054	-0.0054
12055	-0.0079
12064	-0.0177
12065	0.0019
12068	0.0259
12069	0.0106
12070	0.0196
12082	0.014
12083	0.0062
12087	0.0059
12099	0.03
12107	0.003
12108	0.0139
12116	0.0105
12120	0.0023
12123	0.0054
12145	-0.0028
12155	0.0649
12161	0.0985
12182	0.0223
12184	0.0095
12190	0.0682
12194	0.005
12201	0.0509
12205	0.0152
12206	0.0248
12213	-0.0006
12218	-0.0029
12220	0.0113
12242	0.0066
12254	-0.0058
12255	-0.0081
12277	0.0443
12288	0.0296
12291	0.0177
12294	0.0147
12295	0.0144
12309	0.0059
12320	0.0689
12322	0.0267
12331	0.0005
12334	0.0043
12352	0.0295
12380	0.0295
12384	0.2106
12394	-0.0089
12403	0.0071
12406	0.0482
12425	0.0284
12430	0.008
12431	-0.0003
12432	0.0343
12434	0.0448
12449	0.0276
12458	0.0317
12479	0.027
12483	-0.0002
12493	0.025
12506	0.0135
12508	0.0059
12515	0.0121
12516	0.0448
12520	0.011
12521	0.0177
12544	-0.0029
12555	0.0262
12559	0.0086
12564	0.022
12566	0
12567	0.0364
12568	0.0038
12570	0.0051
12578	-0.004
12584	0.1457
12600	0.019
12615	0.0108
12622	-0.0039
12623	0.0852
12636	0.0111
12641	0.0175
12648	0.0237
12652	0.0375
12657	-0.008
12664	0.0542
12668	0.0666
12686	0.0139
12693	0.0083
12701	0.0264
12705	0.0402
12709	-0.0011
12711	0.0712
12713	0.0002
12720	0.0197
12721	-0.0002
12723	-0.014
12725	0.0058
12726	0.01
12738	0.0578
12746	0.0187
12747	0.0149
12756	0.0001
12758	-0.0028
12762	0.0114
12768	0.0306
12770	-0.0016
12771	0.0241
12775	0.0319
12803	0.009
12810	0.0656
12823	0.0026
12851	0.0058
12852	0.0857
12866	0.0072
12869	-0.0056
12877	0.0109
12881	0.0151
12884	-0.0005
12886	0.0241
12889	-0.0132
12892	0.0053
12895	0.0079
12921	0.017
12937	0.0047
12942	0.0216
12945	-0.006
12946	0.0058
12948	0.0399
12952	0.0567
12956	0.0751
12962	0.0146
12963	0.0367
12971	-0.01
12972	0.0113
12979	0.0043
12982	0.0178
12994	0.008
13010	0.0266
13020	0.1473
13036	0.0091
13038	0.0093
13052	0.0119
13054	-0.0005
13063	0.0266
13066	0.0237
13081	0.007
13082	0.0697
13083	0.0116
13090	0.0226
13100	0.0184
13104	0.0296
13124	0.0317
13125	0.014
13129	-0.0019
13135	0.0026
13142	0.0023
13148	-0.0002
13152	0.0054
13162	0.0128
13163	-0.0006
13168	0.0257
13180	0.1581
13188	0.0282
13192	0.0005
13196	-0.003
13198	-0.0102
13207	0.0093
13209	0.058
13211	-0.0066
13218	0.0001
13221	0.0103
13237	-0.0008
13241	0.021
13242	0.0024
13249	0.0353
13253	0.0401
13258	0.0598
13275	0.0258
13276	0.0297
13279	0.015
13291	-0.0009
13295	-0.0082
13297	-0.0071
13301	0.069
13304	0.0302
13308	-0.0015
13314	0.0021
13316	0.0171
13318	0.1251
13321	-0.0127
13323	0.0076
13333	0.1454
13338	0.0258
13341	0.0035
13352	0.0028
13355	0.0683
13369	0.0222
13379	0.1051
13384	0.0297
13399	-0.0038
13406	0.0078
13418	0.0117
13422	0.0293
13430	0.0437
13432	-0.0006
13458	-0.0002
13461	0.0038
13462	0.0019
13476	0.0132
13485	0.0058
13486	0.0079
13501	0.0218
13505	0.0369
13506	0.0315
13514	0.0048
13518	0.0451
13521	-0.0067
13523	0.0757
13531	0.0114
13533	-0.0004
13537	0.0347
13544	0.0445
13547	0.0254
13552	0.0233
13556	0.0505
13563	0.0309
13575	0.0224
13583	0.004
13597	0.1094
13598	0.0633
13600	0.0428
13607	0.0666
13608	0.0516
13610	-0.0065
13620	0.0004
13626	0.0213
13631	0.0233
13641	0.0331
13650	0.0128
13652	0.0382
13656	0.0124
13670	0.0044
13693	0.1179
13701	0.0037
13702	-0.0096
13712	0.0162
13723	0.0299
13724	-0.0034
13725	0.0061
13732	0.0026
13756	0.0467
13762	0.0018
13766	0.006
13769	-0.0089
13773	0.0053
13774	0.0333
13791	0.0284
13796	0.0035
13802	0.0125
13813	-0.0021
13818	0.0289
13841	-0.0102
13845	0.0075
13846	-0.0033
13850	0.0284
13856	-0.0097
13857	0.001
13880	0.012
13881	-0.0011
13895	0.0383
13908	0.0205
13909	0.0121
13917	-0.0009
13923	0.0161
13934	-0.0031
13935	0.0442
13937	0.0199
13940	0.0149
13979	0.0107
13980	-0.0026
13982	0.005
13991	-0.0022
14006	0.0334
14011	0.2222
14020	0.0024
14032	0.0037
14042	0.018
14045	-0.0022
14049	0.0139
14064	0.0397
14070	0.0063
14075	0.016
14115	0.017
14117	0.0007
14122	-0.0097
14140	-0.0015
14153	0.0024
14166	0.0178
14174	0.0163
14176	0.0301
14208	0.0002
14213	0.0324
14221	0.057
14234	0.079
14236	0.0049
14247	0.0006
14260	0.0557
14266	0.0308
14268	-0.0044
14269	0.0448
14287	-0.0097
14293	-0.0124
14296	-0.0085
14300	0.054
14305	0.0337
14311	0.0084
14329	0.0335
14341	-0.0043
14342	0.0244
14344	0.0058
14360	-0.0005
14371	0.0363
14379	0.0256
14380	0.0007
14405	0.1015
14421	0.023
14426	0.03
14459	0.0369
14466	0.0269
14472	0.0023
14473	0.0313
14474	0.0144
14475	-0.0005
14478	-0.0119
14491	0.0043
14492	-0.0049
14502	0.0086
14505	0.0052
14510	0.0119
14517	0.0082
14522	0.0344
14526	0.0163
14532	-0.0012
14537	0.0566
14545	0.0425
14546	-0.0137
14547	0.0008
14550	-0.0059
14554	0.0349
14559	-0.0038
14572	0.0225
14591	0.0058
14592	-0.0035
14594	0.0208
14618	-0.0011
14620	-0.001
14626	0.0243
14635	0.037
14640	0.0582
14655	-0.0122
14657	0.0053
14659	-0.0007
14667	0.0574
14698	0.0429
14702	-0.0009
14710	0.0101
14719	0.0607
14720	0.0145
14727	0.0119
14729	0.0633
14730	0.0109
14741	0.0412
14760	0.052
14762	0.0046
14764	-0.0122
14765	0.0173
14783	0.016
14803	0.0272
14804	-0.008
14810	0.01
14814	-0.0066
14824	0.0084
14839	0.0671
14852	-0.0045
14853	0.0483
14864	-0.0003
14869	0.0447
14889	0.0167
14890	0.0409
14897	0.0304
14902	0.0383
14906	0.0056
14909	0.0247
14912	0.0094
14913	0.0087
14930	-0.0106
14932	-0.0073
14955	0.175
14972	0.0286
14979	0.0142
14990	-0.0006
14999	0.016
15002	0.0286
15003	-0.0032
15009	-0.0097
15010	0.0016
15017	0.0074
15024	-0.0013
15034	0.0579
15039	-0.0095
15052	0.0041
15053	0.0131
15060	0.1032
15061	0.1061
15066	0.0009
15069	0.0672
15098	-0.0111
15104	-0.0085
15109	0.0348
15112	-0.0008
15113	0.0336
15114	-0.0008
15122	-0.0098
15139	0.0007
15140	0.0066
15145	-0.0081
15150	0.0497
15165	0.0713
15168	-0.0021
15171	0.0275
15185	0.0093
15207	0.0164
15212	0.0211
15217	0.0059
15218	-0.0001
15229	0.0004
15232	0.003
15234	0.0174
15235	0.006
15239	0.0561
15240	0.008
15248	-0.0059
15251	0.0554
15256	0.0164
15267	-0.0002
15269	0.0118
15274	0.032
15290	0.064
15293	0.0235
15300	0.0147
15306	-0.0023
15308	0.1278
15311	0.0869
15313	0.0127
15316	0.0049
15323	0.0195
15326	0.0313
15327	0.0057
15332	-0.0072
15351	0.0038
15354	0.0175
15373	-0.0037
15378	-0.0083
15382	0.1005
15393	0.0423
15398	0.0485
15401	0.0001
15407	0.0003
15427	0.0013
15432	-0.0011
15442	0.0044
15456	0.015
15459	-0.0095
15462	0.0053
15471	0.0149
15473	0.0181
15474	0.0213
15488	0.0129
15494	0.0433
15526	0.0198
15528	0.047
15531	0.1071
15536	-0.0022
15543	-0.0096
15546	-0.0002
15548	0.0447
15557	0.0227
15560	0.0347
15567	-0.0031
15571	0.0322
15573	0.017
15588	0.0337
15595	0.0132
15598	0.0166
15607	0.0022
15610	-0.0005
15615	-0.0007
15623	-0.0111
15639	0.0103
15645	0.0702
15646	-0.0076
15650	-0.0005
15652	0.0536
15667	0.002
15675	0.0772
15677	0.0581
15701	0.0282
15708	0.0067
15713	0.0152
15735	0.0081
15748	0.0208
15752	0.0619
15756	0.0077
15774	0.0037
15780	-0.0015
15788	0.0115
15791	0.0112
15794	0.0359
15805	0.1073
15808	0.0295
15829	0.0159
15841	0.0553
15850	0.0076
15855	0.0066
15881	-0.001
15887	0.0291
15903	0.0527
15907	0.0013
15910	0.0145
15925	0
15927	-0.0076
15934	0.0012
15948	0.0109
15954	0.0436
15958	0.0708
15965	0.0075
15973	0.0302
15991	-0.0045
15997	0.015
16005	0.0115
16009	0.0084
16011	0.024
16032	0.1271
16033	0.0196
16036	0.0221
16037	0.001
16040	0.0154
16046	0.0089
16053	0.0014
16059	0.015
16087	0.0331
16098	0.012
16121	0.052
16134	0.0077
16135	-0.0015
16141	0.0156
16151	0.0392
16153	0.0446
16157	0.0209
16164	-0.0089
16165	0.0571
16166	0.0057
16168	0.0095
16178	-0.0006
16179	0.0368
16180	0.0017
16186	0.0402
16190	0.0043
16205	0.0533
16209	0.0277
16211	0.0856
16215	0.019
16218	-0.0005
16227	0.0056
16231	0.0715
16233	0.0315
16238	-0.0029
16245	-0.0096
16257	0.0513
16264	-0.0004
16270	0.0128
16277	0.0254
16280	0.0184
16291	0.0146
16292	-0.0039
16325	-0.0061
16343	0.0185
16352	0.0059
16354	0.0273
16360	0.0096
16369	-0.0043
16370	0.0092
16375	0.0409
16393	0.0011
16410	-0.0136
16418	0.0056
16422	0.0257
16425	0.0204
16429	-0.0011
16441	-0.0028
16456	-0.0016
16457	0.0054
16458	0.0486
16474	0.0076
16480	0.0127
16482	0.0098
16504	0.0092
16517	0.0262
16520	0.0066
16522	0.0056
16535	0.0084
16563	0.0484
16571	0.0285
16580	0.0106
16585	0.0531
16599	-0.0079
16612	0.0241
16615	0.002
16616	0.0243
16620	0.0845
16637	0.0011
16650	0.044
16654	0.0281
16667	0.0053
16683	0.0005
16695	-0.0022
16698	0.0042
16706	0.0396
16718	-0.0135
16742	-0.0114
16748	-0.0005
16752	0.0096
16790	0.0342
16791	0.0092
16800	0.0339
16803	0.0708
16806	0.1138
16812	0.0176
16814	0.0956
16820	0.1325
16833	0.0122
16834	0.0184
16839	0.0132
16861	0.0229
16865	0.0096
16872	0.0047
16880	0.0302
16891	-0.0006
16897	0.0038
16898	0.0584
16902	0.0387
16904	0.0184
16931	-0.0069
16933	0.036
16934	-0.001
16942	0.0111
16944	0.0265
16947	0.0036
16955	0.0198
16963	-0.0036
16965	-0.0002
16966	0.0117
16968	0.0185
16989	-0.0091
17001	0.017
17004	0.1078
17016	0.0115
17036	0.004
17038	0.0023
17040	0.003
17046	0.0695
17066	-0.005
17070	0.0462
17073	0.0504
17074	0.0015
17084	0.0075
17087	0.0019
17097	0.0339
17102	0.0224
17118	0.0087
17121	0.0422
17128	0.0408
17131	0.0482
17132	0.0009
17134	0.0293
17141	0.01
17149	0.1214
17165	0.0051
17185	0.0145
17192	-0.0005
17216	0.0179
17217	0.0358
17230	0.002
17237	-0.0005
17245	-0.0008
17252	0.031
17254	0.0211
17255	-0.0038
17256	0.0128
17282	-0.0037
17311	0.0106
17312	0.0348
17318	0.0026
17320	0.0266
17325	-0.0037
17328	0.0208
17329	-0.0068
17330	0.0479
17332	0.0065
17335	-0.0029
17342	0.0012
17350	0.0452
17351	0.0237
17355	0.0155
17357	0.0473
17363	-0.0089
17368	0.0266
17391	0.007
17392	0.0219
17399	-0.0011
17406	0.0004
17417	0.0568
17428	-0.0034
17436	-0.0116
17440	-0.001
17442	-0.0105
17446	-0.0009
17454	0.07
17461	0.0004
17462	0.0022
17480	0.0209
17490	0.0079
17497	0.0712
17512	0.0323
17523	0.0093
17529	0.0561
17533	-0.0027
17552	0.0219
17561	0.0123
17578	0.0291
17582	0.0449
17586	-0.0073
17592	-0.0009
17597	0.0104
17600	0.0134
17606	0.0074
17615	-0.0038
17619	0.0134
17624	0.0218
17625	-0.0087
17629	0.0044
17631	-0.0047
17635	0.0661
17643	-0.0036
17644	-0.0061
17654	0.0066
17660	0.0639
17666	0.0292
17670	0.1296
17677	-0.0012
17702	-0.0013
17708	0.012
17718	0.0398
17726	-0.001
17737	0.0162
17738	0.0229
17739	0.0133
17750	0.0569
17760	-0.0014
17779	0.0343
17816	0.0046
17825	0.0381
17835	0.0396
17837	-0.0111
17856	-0.0002
17860	0.031
17867	0.0166
17870	0.0072
17875	0.0025
17879	0.0239
17885	-0.0015
17892	0.0251
17898	0.0056
17899	-0.0061
17909	0.0026
17912	0.0472
17917	0.0034
17919	-0.0114
17941	0.0099
17944	0.0083
17947	-0.0098
17959	0.0054
17968	0.0728
17971	0.1135
17977	0.0168
17985	0.0244
17990	0.0139
17993	0.0055
18002	0.0579
18012	-0.0045
18015	0.014
18028	-0.0012
18047	0.011
18049	-0.0022
18050	-0.0024
18063	0.0118
18065	-0.0007
18070	0.0572
18075	0.0587
18089	0.0495
18094	-0.0074
18099	0.0401
18108	0.0421
18111	0.0196
18142	0.0084
18149	0.0369
18159	0.0122
18166	0.0055
18188	-0.0056
18191	-0.0005
18193	0.0048
18196	0.0181
18222	0.0685
18243	-0.0011
18248	0.0062
18250	-0.008
18253	0.0277
18273	0.064
18276	-0.0091
18297	0.0956
18306	0.0486
18308	0.048
18309	0.0115
18312	0.0026
18318	0.0087
18319	0.0203
18322	0.0105
18328	0.0143
18330	0.0048
18331	0.057
18337	0.1506
18355	0.026
18366	0.0245
18398	0.0049
18401	0.0023
18404	0.05
18415	-0.0026
18434	-0.0069
18438	0.0155
18476	0.0369
18478	0.0074
18482	0.0505
18512	0.0166
18514	0.0672
18517	-0.0075
18523	-0.0125
18524	0.0113
18528	-0.006
18534	0.0239
18535	-0.0016
18566	0.0319
18571	-0.0086
18579	0.0148
18581	0.0046
18586	0.0174
18591	-0.0081
18594	-0.0048
18599	0.0101
18615	0.0001
18619	0.0008
18621	0.0255
18628	0.0142
18629	0.0024
18637	0.0193
18641	-0.0058
18659	-0.0008
18662	-0.0031
18678	0.005
18687	-0.0079
18694	0.0249
18698	0.0031
18702	0.0048
18703	0.0028
18704	-0.0184
18715	0.0564
18726	0.0075
18733	0.0491
18741	0.038
18743	0.0121
18757	-0.0056
18760	0.004
18762	0.0191
18770	0.0338
18780	0.094
18782	-0.0014
18792	-0.0011
18793	0.0521
18796	-0.0011
18804	-0.001
18808	0.0406
18821	0.0235
18835	0.0219
18840	0.0279
18841	0.0468
18858	0.0275
18879	0.0129
18887	0.0052
18889	-0.0063
18900	-0.0008
18923	0.0469
18925	-0.0118
18934	0.0092
18938	-0.0135
18975	0.0197
18979	-0.0004
18990	0.0021
18994	0.0162
19011	0.0851
19014	0.0113
19020	0.0098
19022	0.0157
19023	0.0427
19035	0.0027
19037	0.0082
19039	-0.0039
19045	0.0099
19046	0.0609
19061	0.0366
19066	0.1353
19069	-0.0005
19070	-0.0013
19076	-0.0103
19081	0.0433
19083	0.01
19088	0.0441
19094	0.0317
19107	-0.0018
19118	0.0011
19126	0.0839
19138	0.0534
19141	-0.0117
19146	0.087
19158	-0.0037
19165	0.0213
19174	0.0238
19181	0.0961
19183	-0.0058
19193	-0.0112
19194	0.0285
19199	0.0275
19201	-0.0019
19222	0.0366
19228	-0.0091
19231	-0.0117
19232	-0.0015
19241	0.135
19255	-0.0093
19263	0.0138
19269	0.0067
19275	-0.004
19286	0.0021
19304	0.1027
19310	0.0005
19324	0.0367
19329	0.0294
19340	0.0003
19342	0.0166
19351	0.0211
19360	0.0001
19371	0.0356
19372	-0.004
19384	0.0102
19391	0.0281
19393	0.0603
19425	0.0248
19437	0.0322
19441	0.0068
19450	0.045
19458	0.0084
19466	0.0056
19475	0.06
19502	-0.0096
19513	0.0015
19520	-0.0013
19526	0.0069
19528	0.0064
19537	-0.003
19541	-0.0033
19543	-0.0022
19551	0.0347
19554	0.063
19559	0.0045
19564	0.0315
19587	0.0258
19592	0.0155
19598	0.0497
19608	-0.0039
19616	0.0118
19626	-0.001
19630	0.0139
19632	0.0488
19641	0.0163
19650	0.0886
19651	0.0121
19660	0.0153
19666	0.0412
19679	0.0166
19682	0.0164
19683	-0.0026
19685	0.0121
19689	-0.0052
19716	0.0707
19718	-0.0095
19720	0.0128
19725	-0.0077
19729	0.1456
19731	0.0083
19735	0.2132
19739	0.0104
19740	-0.0035
19742	0.0319
19750	0.0089
19756	0.0329
19758	0.0492
19761	0.036
19765	-0.0001
19768	-0.0051
19772	0.0985
19784	0.1393
19785	0.0604
19821	0.0135
19830	-0.0031
19853	0.0474
19854	0.0011
19856	0.0173
19864	0.292
19879	0.0081
19881	0.0095
19884	-0.0021
19885	0.0135
19899	0.0109
19900	0.0552
19904	-0.0061
19910	0.0106
19918	0.0317
19923	0.0391
19928	-0.0009
19937	0.0299
19940	0.0057
19943	0.0402
19956	0.0287
19964	0.0362
19965	-0.0006
19971	-0.0112
19975	0.0417
19990	-0.0051
19994	0.0005
19996	0.0097
20017	-0.0091
20021	0.0013
20023	0.0049
20036	0.0452
20056	-0.0017
20057	0.0456
20061	0.0147
20068	0.0356
20070	0.0162
20078	0.0225
20081	0.0332
20082	0.0204
20083	-0.001
20085	0.0229
20101	0.0034
20117	-0.0055
20128	0.0427
20140	0.0943
20144	0.029
20148	0.011
20154	0.0357
20158	0.0486
20163	0.0016
20186	0.0092
20195	0.0593
20197	0.0097
20198	0.0278
20215	0.0113
20222	0.0349
20230	0.0003
20239	0.0673
20242	0.0273
20245	0.0051
20248	0.0162
20249	0.092
20255	0.0512
20257	-0.0085
20259	0.0208
20263	0.0205
20265	0.0119
20284	0.0532
20295	-0.0008
20321	0.0145
20336	0.0213
20337	0.0282
20351	0.0139
20364	0.0362
20372	-0.0014
20374	0.0002
20381	-0.0062
20384	0.0387
20395	-0.0005
20399	0.0215
20400	0.0174
20402	-0.0068
20413	-0.0015
20424	-0.0097
20425	0.022
20444	0.0161
20446	0.023
20449	0.077
20452	-0.0055
20462	0.0081
20465	0.0099
20472	-0.0018
20473	-0.0103
20486	-0.0068
20490	0.0547
20500	0.0253
20501	-0.0023
20517	0.0074
20522	0.036
20525	0.0046
20526	0.0099
20532	-0.0058
20543	0.0218
20544	0.0566
20546	0.0416
20551	0.0295
20552	0.28
20559	0.0279
20561	0.0055
20568	0.0025
20570	-0.0075
20572	-0.005
20574	-0.0072
20586	0.0077
20588	0.0045
20593	0.0099
20609	0.0123
20612	0.0381
20624	0.0307
20625	0.0164
20649	-0.0058
20664	0.0118
20666	-0.0093
20670	0.0646
20672	0.0107
20688	0.0022
20689	0.0311
20691	0.0442
20714	0.0125
20715	-0.0031
20719	-0.0116
20726	0.0198
20732	0.0969
20735	-0.0076
20742	0.0428
20744	-0.0072
20753	0.023
20756	0.0006
20760	0.0002
20770	-0.0058
20781	0.0087
20794	0.0207
20795	0.0399
20796	0.0329
20798	0.0303
20810	-0.0009
20835	-0.0063
20837	0.0117
20859	0.0179
20867	0.0458
20885	-0.005
20890	0.0167
20895	-0.0166
20898	0.0393
20908	0.0449
20920	0.0407
20923	-0.0111
20926	-0.0062
20928	0.02
20929	0.0196
20945	0.0584
20964	-0.0011
20990	0.0487
20997	0.0177
21016	0.0203
21028	-0.001
21046	0.0004
21060	0.0222
21061	0.0289
21070	0.0331
21071	0.0198
21073	0.005
21078	0.0421
21084	0.0348
21089	0.0104
21097	-0.0002
21100	0.0169
21106	0.0399
21107	0.0007
21118	0.0779
21120	0.0705
21152	-0.001
21174	0.026
21185	0.0095
21204	0.027
21239	0.0375
21244	0.1601
21256	-0.0011
21277	0.0401
21289	0.0102
21290	0.0505
21296	0.0217
21302	0.0531
21313	-0.0125
21317	-0.0052
21327	0.0217
21335	-0.0151
21336	0.0285
21339	0.0607
21360	0.0438
21376	-0.0086
21377	0
21403	-0.0045
21411	0.0425
21419	-0.008
21453	0.0276
21454	0.0129
21470	0.0177
21482	0.0139
21492	0.1017
21509	0.0095
21518	0.136
21537	-0.0008
21539	-0.0033
21540	0.0429
21546	0.0234
21558	0.0161
21559	0.0009
21583	0.0099
21590	0.0431
21596	0.0112
21600	0.0184
21613	0.0055
21614	0.0262
21624	0
21625	-0.0082
21633	0.0283
21647	0.0136
21653	0.0129
21666	-0.0019
21671	0.0236
21683	0.0009
21686	0.0686
21699	-0.0089
21704	0.0061
21720	0.0038
21721	0.0101
21723	-0.0006
21726	-0.0123
21738	0.0071
21748	0.0503
21762	-0.0055
21772	-0.0122
21779	0.0108
21788	0.0085
21789	0.0257
21798	0.003
21801	0.0085
21802	0.0095
21807	0.057
21821	-0.0035
21826	-0.0004
21829	0.0064
21833	0.118
21844	-0.0015
21851	0.0306
21863	0.1705
21866	0.0159
21870	0.032
21874	0.0744
21905	-0.0107
21907	0.013
21920	0.0067
21921	0.0789
21924	0.013
21934	0.0045
21961	0.0265
21971	0.1478
21996	-0.0004
22001	0.0064
22011	0.0287
22022	0.0025
22061	0.0238
22068	0.2037
22084	0.0091
22085	0.0454
22092	0.0367
22104	-0.002
22126	0.043
22131	0.0278
22145	0.017
22166	0.0047
22206	0.0717
22242	0.0438
22246	0.0492
22276	0.0139
22282	0.0206
22284	-0.0034
22286	0.0296
22295	0.1034
22303	0.0363
22304	-0.0056
22323	0.1086
22324	0.0001
22328	0.0355
22330	0.0049
22331	0.0033
22332	0.0066
22336	-0.0021
22340	0.019
22348	0.0178
22349	0.0113
22355	-0.0044
22364	0.0105
22373	0.0776
22376	0.0326
22386	0.013
22407	0.0163
22408	0.0483
22423	-0.0021
22430	0.0672
22431	-0.0057
22434	0.0202
22436	-0.0048
22437	0.0003
22445	0.0018
22476	0.0104
22488	0.0038
22508	-0.0006
22526	-0.0132
22530	0.0008
22541	0.0242
22563	0.0025
22595	0.024
22596	0.0547
22597	0.005
22615	0.0135
22621	0.0134
22626	0.0092
22637	-0.0134
22640	-0.0103
22648	0.0032
22653	-0.0015
22655	0.0444
22657	0.1209
22679	0.006
22687	0.0142
22688	0.0127
22689	0.0066
22690	0.0276
22694	0.0489
22698	0.064
22705	0.0859
22707	0.0248
22710	0.0433
22719	-0.0054
22737	0.0262
22739	0.0109
22761	0.0006
22771	0.0014
22783	0.0265
22788	-0.0029
22789	0.0983
22790	0.0384
22791	0.0264
22794	0.0059
22800	0.0258
22806	0.0279
22813	0.0197
22824	0.0766
22830	-0.0051
22839	0.0219
22842	-0.0031
22851	-0.0003
22858	0.0022
22862	-0.0023
22863	0.0582
22889	0.0336
22892	0.0163
22895	0.0202
22898	0.0847
22899	0.155
22900	0.0966
22905	-0.0051
22913	0.0095
22918	0.0509
22921	0.0202
22923	0.0104
22930	0.0047
22931	0.033
22937	0.0371
22947	-0.0116
22955	0.0207
22961	-0.005
22978	0.0357
22992	0.005
22999	0.0508
23000	0.022
23009	0.04
23014	-0.0065
23018	0.1298
23026	0.0993
23029	-0.0019
23055	0.0121
23057	0.0316
23060	0.0012
23082	0.0045
23093	0.0012
23094	-0.0031
23095	-0.0028
23099	0.1012
23100	0.0099
23112	0.0262
23115	-0.0079
23124	0.0432
23136	0.001
23143	0.0203
23146	0.0161
23148	-0.0081
23150	0.0078
23152	0.0259
23156	0.0859
23159	0.0277
23168	0.0242
23178	-0.0075
23180	0.0381
23190	0.0201
23191	0.0143
23203	0.0417
23211	0.0125
23214	0.0306
23215	0.0477
23232	-0.0005
23233	0.1069
23248	-0.0071
23252	-0.0128
23271	0.046
23272	0.0032
23278	0.0199
23279	0.014
23293	-0.0012
23308	-0.0008
23313	0.0208
23321	0.0333
23331	0.0633
23333	0.0505
23334	0.0134
23345	0.0053
23346	0.0182
23351	-0.0112
23354	0.0266
23361	0.0022
23364	0.0078
23368	0.0007
23371	0.0115
23374	0.0214
23395	0.0276
23402	0.0378
23412	-0.0148
23413	0.0061
23416	0.0204
23421	0.0632
23426	0.0496
23427	0.0361
23429	0.02
23432	0.0092
23445	0.0044
23448	-0.0049
23449	0.0588
23451	0.0078
23457	0.0263
23467	0.0507
23475	0.0472
23482	0.0112
23486	0.056
23487	0.0394
23493	-0.012
23494	-0.0047
23503	0.052
23508	0.0033
23511	0.0105
23520	0.064
23528	0.0159
23529	0.0229
23544	0.0484
23549	0.0146
23550	0.0454
23556	0.0079
23562	0.0914
23564	-0.0009
23580	0.0292
23584	0.0175
23587	0.0033
23590	0.0591
23592	0.0125
23593	0.0029
23608	0.0029
23615	-0.0094
23617	0.007
23618	0.01
23624	0.0003
23626	-0.0013
23633	0.0002
23643	0.0136
23645	-0.0061
23649	0.0058
23650	0.0819
23685	0.0329
23694	-0.0088
23705	0.0052
23706	0.0356
23717	0.0386
23721	0.0009
23723	0.0229
23727	-0.0092
23728	-0.0055
23740	0.0184
23748	0.0097
23753	0.0904
23758	-0.0042
23765	0.0137
23776	0.0151
23785	0.0235
23788	0.0301
23792	0.0087
23795	-0.0055
23817	-0.0114
23824	0.0156
23827	0.0025
23836	0.0419
23838	0.0417
23840	0.0187
23845	-0.0053
23858	0.0038
23863	-0.0023
23879	0.0159
23883	0.0077
23884	-0.0009
23891	0.039
23903	0.0017
23908	0.0032
23915	0.0245
23917	0.0591
23920	0.0064
23922	0.0025
23927	-0.0083
23929	0.0516
23944	-0.0028
23947	0.012
23950	0.0265
23986	0.0381
23990	0.0129
23991	0.0291
23999	0.0357
24003	0.0436
24005	0.0273
24009	0.0101
24025	-0.0109
24029	0.0058
24062	0.0149
24071	0.0383
24077	0.0731
24080	0.0265
24082	0.0435
24083	0.0188
24089	0.0419
24098	0.0342
24117	0.0058
24135	0.0109
24136	0.0345
24147	0.0051
24148	0.0229
24153	0.0123
24158	0.0217
24167	0.0576
24168	0.0044
24178	0.0267
24194	-0.0146
24196	0
24219	0.0999
24226	0.0152
24232	0.0059
24265	0.0229
24267	0.0216
24270	0.0106
24274	0.0525
24277	-0.0138
24279	0.0191
24284	0.0083
24287	-0.0067
24288	0.0081
24292	0.0035
24307	0.0259
24309	-0.0117
24342	0.0177
24348	0.0089
24370	-0.0027
24371	0.0397
24372	-0.0019
24384	0.0059
24400	0.0223
24402	0.0561
24433	0.0047
24436	-0.0011
24440	0.0065
24451	0.0257
24454	0.0465
24464	0.0268
24467	-0.0017
24471	0.0411
24478	-0.0008
24483	0.0098
24484	0.0239
24485	0.0141
24504	0.0159
24510	-0.0013
24543	0.0042
24586	0.0228
24597	0.0081
24600	-0.0016
24634	-0.0008
24643	0.0319
24646	-0.0088
24663	0.0088
24664	-0.0098
24665	-0.0091
24673	0.0048
24680	0.0069
24698	0.0618
24734	0.0058
24742	-0.0027
24751	-0.0041
24759	0.0555
24772	0.0204
24774	0.032
24779	0.1133
24796	-0.007
24801	0.0108
24808	0.0112
24824	0.0162
24825	0.0448
24833	0.0077
24840	-0.0054
24841	-0.0071
24866	0.0206
24867	-0.0092
24868	0.0188
24874	0.0079
24886	0.0998
24891	0.0145
24895	0.0074
24910	-0.0119
24920	0.0103
24928	-0.0011
24934	0.0109
24935	0.043
24936	0.0084
24941	-0.0074
24957	0.0174
24966	-0.0244
24976	-0.0061
24979	0.0641
24980	-0.003
24985	0.016
24986	0.0059
24987	0.1193
24993	0.0015
24994	0.004
25009	0.0198
25016	0.0316
25025	0.0135
25028	0.0145
25032	0.0335
25035	-0.0089
25052	0.0272
25059	0.0304
25063	-0.0005
25065	0.0204
25087	-0.0077
25090	0.0092
25091	-0.0094
25102	0.0331
25103	0.0181
25129	0.0176
25130	0.0128
25135	0.0349
25139	-0.0003
25143	0.0297
25151	0.0194
25161	0.0084
25162	0.0453
25164	0.0134
25170	0.091
25187	0.0311
25199	-0.0015
25204	0.0217
25205	0.0261
25214	0.0108
25225	0.0159
25240	0.0318
25250	0.0171
25252	-0.0125
25269	0.0414
25271	0.0474
25273	-0.0126
25277	0.029
25284	0.0003
25286	-0.001
25289	-0.0061
25293	0.0265
25296	-0.0062
25297	0.0318
25322	-0.0053
25334	0.0622
25357	0.0493
25368	0.014
25372	0.0145
25411	-0.0013
25416	0.0411
25444	0.111
25446	0.0038
25450	0.0312
25483	0.1043
25511	0.011
25516	0.0237
25526	0.0177
25538	0.0615
25554	0.0249
25555	-0.001
25561	0.0846
25567	0.0071
25588	0.0155
25593	0.0414
25620	-0.0087
25622	0.0105
25624	0.0263
25630	-0.0053
25638	0.0155
25641	0.0006
25649	0.0275