Locus	Fst
19718	-0.0041
23990	0.0255
14478	-0.0047
19716	0.1449
21633	0.0965
23448	0.0141
4025	0.0120
11546	0.0036
13732	0.0254
25250	-0.0015
166	-0.0042
11386	0.0215
5980	0.0034
16238	-0.0043
5984	0.0297
7514	-0.0051
19158	0.0105
25624	0.0019
348	-0.0009
19371	0.0376
19372	0.0080
24840	-0.0041
14296	0.0045
22999	0.1093
12701	0.0756
12705	0.0733
6156	-0.0028
6158	0.0893
6797	-0.0038
10965	0.0347
13600	0.1210
13607	0.1658
2319	0.0183
4739	0.0650
8305	0.0058
23449	-0.0071
5851	0.0174
5853	0.0484
297	0.0245
5859	-0.0097
17654	0.0448
21100	0.0328
24941	-0.0047
3680	0.0080
3776	0.1299
15958	0.1582
25284	0.0370
23364	-0.0036
4834	0.0393
12962	0.0717
19971	-0.0027
13547	0.0166
16257	0.0187
19975	0.0033
12108	-0.0055
22719	-0.0027
18188	0.0083
23368	0.0096
15526	0.0211
7992	0.0196
12017	0.0949
22488	0.0218
15528	0.1550
11768	0.0260
11760	0.0389
2261	0.0155
17254	0.0441
17255	-0.0047
17256	0.0235
20744	-0.0073
2446	-0.0072
17036	-0.0074
17038	0.0008
9252	-0.0027
9251	0.0125
7865	0.0046
109	-0.0064
24886	0.1915
22900	0.1699
21614	0.0459
12430	-0.0044
101	0.0479
22905	-0.0078
7869	-0.0097
5824	-0.0068
2046	-0.0070
4815	-0.0060
15536	-0.0068
16814	0.2478
21290	0.0260
21924	0.0500
21921	0.0821
9419	0.0188
12123	0.0353
22541	0.0425
11618	0.0440
6377	-0.0076
20522	0.0718
10414	0.0012
10413	0.0063
20526	0.0188
10410	0.1991
11947	0.0185
11943	0.0276
10386	-0.0028
24089	-0.0081
19758	0.0365
19391	0.0242
24083	0.0405
9323	0.0189
8098	-0.0035
9326	0.0155
8943	0.2690
13338	0.0241
21721	0.0289
8948	-0.0048
9347	-0.0075
21726	-0.0054
14626	0.0690
20593	0.0063
6807	0.0655
6802	0.1387
98	-0.0055
10560	0.0862
9741	0.0421
93	0.0347
92	0.0094
20413	-0.0072
3207	0.0179
1995	0.0232
13935	0.0716
22813	0.0432
1629	-0.0056
19393	0.1895
24158	0.0187
21540	0.0087
21704	-0.0009
13052	0.0207
8831	0.0186
17977	-0.0028
18703	-0.0081
2861	0.0215
2866	-0.0018
18704	-0.0070
9228	0.0130
14710	0.0206
14247	-0.0027
12948	0.0956
15667	0.0003
12946	0.0434
12945	0.0037
3348	0.0062
20259	0.0322
3342	0.0476
1190	-0.0073
1193	-0.0046
3341	0.0025
20257	-0.0051
20255	0.0087
18637	0.0540
11415	0.0188
13333	0.3562
1176	0.0413
12493	0.0549
15442	-0.0069
6970	0.1311
6971	0.2112
4251	-0.0052
8168	0.0044
18149	0.1106
5539	0.0309
5538	0.0270
24742	0.0005
1285	-0.0076
12068	0.0375
1287	0.0937
11166	0.1420
11162	-0.0026
514	0.0030
8086	-0.0003
19785	0.1294
1572	-0.0052
1571	0.0048
7183	-0.0051
18328	-0.0008
8389	0.0110
8388	-0.0033
12709	-0.0068
18075	-0.0051
10232	-0.0027
8019	0.0828
8018	0.0067
8547	0.0679
23617	0.0004
23615	-0.0040
6576	-0.0056
7450	-0.0062
4381	0.0260
5623	-0.0013
5622	0.0439
7458	-0.0050
12065	0.0183
8493	0.0426
404	-0.0001
7690	0.0195
2033	-0.0064
8499	0.2224
7698	-0.0076
3834	-0.0066
23475	0.1162
3832	-0.0057
3833	0.0025
18938	-0.0058
22476	0.0026
4031	-0.0058
4032	-0.0043
13724	-0.0041
1229	0.0491
10882	0.0021
4036	0.0629
11576	-0.0019
11574	0.0217
23279	0.0563
16375	0.1159
12218	-0.0035
11378	0.0017
15788	0.0333
10960	0.0412
19384	0.0406
20867	0.0918
379	-0.0013
19146	0.1169
15003	0.0135
373	0.0014
377	-0.0038
376	-0.0056
14909	0.0261
13608	0.1494
16667	0.0193
19360	0.0044
14864	0.0084
392	0.0121
391	-0.0029
12711	0.0956
6147	-0.0037
6144	-0.0071
22011	0.0439
2309	0.0061
5668	-0.0079
4729	-0.0063
21470	0.0194
10978	0.0301
4727	-0.0063
13610	0.0108
4720	-0.0070
23082	0.0121
5845	0.0373
19304	-0.0030
11282	0.0207
17625	0.0111
17624	0.0437
17629	0.0183
21118	0.1918
16482	-0.0006
2880	0.0771
16480	-0.0024
4620	0.0580
244	0.0096
13533	0.0187
246	0.0065
240	0.0049
13537	0.0866
19964	-0.0052
23457	-0.0051
23685	0.0714
2279	0.0574
11759	0.3560
24196	0.0043
11591	0.2318
25059	0.0782
20885	-0.0069
20732	0.0857
20735	0.0005
9538	0.0686
2455	0.0285
23427	0.0717
9247	-0.0065
9530	0.0368
17282	0.0117
7855	-0.0061
174	0.0541
24976	-0.0055
17533	0.0066
23146	0.0681
4539	0.0637
23159	0.0594
4824	-0.0013
21106	0.0790
3694	0.0075
14166	-0.0067
6368	0.0407
11627	0.0031
7988	0.0604
6360	0.0839
23014	0.0010
10150	0.0406
10151	0.0407
9331	-0.0058
20085	0.0202
20083	-0.0064
20082	0.0025
20081	0.0380
24833	0.0273
22800	0.0426
3524	-0.0056
21559	0.0388
20649	0.0113
3523	-0.0055
10396	0.0059
22806	-0.0001
10399	-0.0054
3228	0.0939
13544	0.0330
13198	0.0142
16933	0.0639
16931	-0.0032
14897	0.0721
13192	0.0054
7214	0.0220
13196	-0.0070
7216	0.0006
14890	0.0187
10715	0.0013
10711	-0.0060
12220	0.0444
10713	-0.0070
2694	0.0195
12668	0.0665
15708	-0.0022
18594	0.0033
1602	0.2106
14655	-0.0051
14657	0.0236
23883	0.0045
14659	0.0423
16245	-0.0044
6816	0.0105
25444	0.2053
9755	0.0225
23334	0.0168
10576	-0.0068
10577	-0.0004
20465	0.0303
25446	-0.0062
17909	-0.0012
18934	0.0308
13066	0.0194
7327	0.0962
1968	0.0106
7322	-0.0007
1617	0.0209
3238	0.0094
5196	-0.0051
7328	0.2297
1961	0.0942
1962	-0.0052
1963	-0.0080
8849	0.0135
21060	0.0748
23765	0.0214
8847	0.1076
15675	0.2184
12956	0.0610
15677	0.0707
12952	0.1410
18715	0.0186
11848	0.0679
20265	0.0446
3351	0.0574
17835	0.0117
7666	0.0201
20061	0.0023
20068	0.0747
18535	-0.0075
15373	0.0216
18628	0.0541
18629	0.0185
18821	0.0000
6960	-0.0051
6962	-0.0059
15903	0.1147
15456	0.0240
6969	0.0062
15459	-0.0059
4536	-0.0059
8152	0.0049
768	-0.0078
8150	-0.0064
769	0.0206
17726	0.0001
23721	-0.0062
11119	-0.0059
1547	0.0144
694	-0.0028
695	0.0917
23727	0.0082
11113	-0.0012
14472	-0.0051
14474	0.0218
11116	0.0473
541	0.0195
545	-0.0020
7193	0.0181
21377	0.0439
13841	-0.0035
15313	0.0071
13845	0.0062
20895	-0.0090
13846	-0.0031
23608	0.0303
12578	-0.0042
23432	0.0190
17318	-0.0031
8026	-0.0052
8027	0.0219
8536	0.0405
12823	-0.0023
14505	0.0172
10215	-0.0058
11027	0.0320
11761	0.1064
14502	0.0358
6565	0.0752
5610	0.1507
5617	0.0056
6563	0.0196
15053	0.0401
415	-0.0050
410	0.0246
14268	-0.0034
419	-0.0046
7688	0.1018
3827	0.0013
3825	0.0225
3822	-0.0067
23467	0.0592
3828	-0.0079
8445	-0.0064
20215	0.0064
15239	0.0865
8183	-0.0051
11566	-0.0062
24586	-0.0026
23845	0.0076
20742	0.0928
4285	-0.0066
24779	0.2337
23753	0.0731
19564	0.0195
24910	-0.0010
367	0.1232
364	0.1905
22242	0.0749
19174	0.0363
19351	0.0079
24751	0.0025
19608	0.0003
16654	0.0257
16121	0.1022
16650	0.0618
381	-0.0059
388	0.0479
12726	0.0416
12725	-0.0069
12723	-0.0046
12721	-0.0065
12720	0.0244
4759	0.0122
19286	0.0186
4754	0.0241
6771	0.3654
6773	0.0510
9965	0.0343
9966	-0.0052
9967	0.0157
24600	-0.0093
11290	-0.0066
22330	-0.0067
23840	0.0426
16955	0.0486
25135	0.0364
17631	0.0005
25130	0.0123
17635	0.0843
19821	0.0036
3750	-0.0085
3753	-0.0026
21289	-0.0073
3756	-0.0038
13523	0.0260
13521	0.0101
4637	0.1118
2196	0.1029
16231	0.0620
253	-0.0066
256	0.0386
23650	0.1603
2204	0.0053
11749	-0.0006
25649	-0.0066
15471	0.0526
19735	0.3384
19598	0.1119
11580	0.0139
6687	0.0359
20890	0.0211
2429	0.0174
19088	0.1051
20726	0.0987
18222	0.1492
6270	-0.0071
9502	0.0566
9506	0.0019
2425	0.0426
25554	0.0482
16833	0.0171
169	0.0186
16343	0.0365
164	0.1160
13291	-0.0029
7847	0.1353
167	0.0403
160	-0.0010
13295	-0.0067
16839	-0.0054
13297	-0.0008
12107	-0.0071
6357	0.1618
19094	0.0166
6353	0.0395
13458	-0.0077
3683	0.0628
4832	0.0095
4522	0.0059
4837	-0.0079
4836	-0.0069
6195	-0.0068
24371	0.1088
11638	-0.0046
9434	-0.0039
23429	-0.0009
2735	0.0260
16812	0.0439
9610	0.0071
2733	0.0907
11488	-0.0048
17070	0.0431
22131	0.0696
10160	0.0337
21204	0.0857
9187	0.0037
9184	-0.0060
13180	0.3512
22295	0.2271
10366	0.0396
13188	0.0685
23426	0.0676
5052	-0.0050
25638	0.0330
25641	0.0004
14889	0.0086
1817	-0.0035
16904	0.0480
7203	0.0187
7206	0.0626
7205	0.1624
10761	0.0101
10760	0.0436
6220	0.1569
6225	0.0007
6229	0.0689
1157	-0.0056
14640	0.1201
20381	-0.0029
1098	-0.0011
15841	0.0773
11611	0.0287
23891	0.0158
14869	0.0183
9766	-0.0017
12120	-0.0073
10501	0.0690
20473	0.0094
24370	-0.0046
7335	0.0387
7333	0.0023
1978	0.1124
1975	-0.0029
3223	0.0600
1970	0.0910
13275	0.0601
18434	-0.0006
23792	0.0128
803	0.0191
18438	0.0589
20374	0.0096
805	0.0138
13279	-0.0051
12921	0.0646
18099	0.0680
15607	0.0096
18760	-0.0037
2844	0.0145
18762	0.0253
18586	-0.0045
18094	-0.0058
10210	0.0462
24400	0.0073
3328	0.0197
14517	0.0030
14266	0.0423
14260	0.1475
10218	-0.0034
20525	-0.0069
7058	0.0375
1770	0.0169
1773	-0.0068
9896	-0.0067
20078	0.0510
18015	0.0247
15112	0.0124
8149	0.0671
1159	-0.0211
20239	0.1461
15934	0.0091
6995	0.0439
16563	0.0188
6993	0.0989
24543	0.0162
18366	0.0118
15114	0.0179
5516	0.0438
2998	0.0100
23544	0.0188
1555	0.0423
3039	0.0401
17990	-0.0013
2990	0.0371
54	0.0407
14466	0.0006
2995	0.0341
53	0.0252
2997	0.0819
8703	0.0176
534	-0.0053
15595	0.0029
8704	-0.0063
15598	0.0230
17040	-0.0051
13856	0.0042
13857	0.0154
8033	0.0028
24267	0.0585
10029	0.0437
3031	-0.0013
5600	0.0393
24082	0.0185
12851	0.0214
9992	-0.0076
8527	0.0140
8526	0.0207
8525	0.1517
9996	-0.0082
6519	-0.0068
14510	0.0011
10022	-0.0052
15024	0.0031
15168	-0.0042
1393	0.0338
1392	0.0455
23643	0.0724
21686	0.0505
22657	0.2981
3814	0.0523
22653	-0.0051
17497	0.1923
23493	-0.0052
19554	0.1208
23252	-0.0064
8450	0.0005
23705	-0.0041
22386	0.0292
21613	0.0070
22978	-0.0012
17141	0.0050
6426	0.0885
15332	-0.0032
18858	0.0914
13980	0.0024
6429	-0.0069
13982	0.0183
11354	-0.0066
24384	0.0091
19020	0.0172
19685	0.0012
7545	0.0477
16134	0.0298
19340	-0.0068
13850	0.0538
19342	0.0024
12738	0.1808
19023	0.1022
10227	-0.0003
6768	0.0024
13670	0.0003
4740	0.0902
4747	0.0189
23817	-0.0071
4744	-0.0023
19761	0.0662
9970	0.0631
19768	0.0101
16009	0.0174
24117	0.0195
9979	0.0234
25630	0.0033
14405	0.0083
25416	0.0854
25143	0.0347
17606	-0.0063
17357	0.0433
17351	-0.0057
17600	0.0036
12025	0.0025
12768	0.1167
228	0.0635
227	-0.0070
22597	0.0308
19900	0.0861
13063	0.0548
12028	0.0476
16227	0.0196
221	0.0412
23094	-0.0008
23927	-0.0070
23920	-0.0013
23922	0.0200
23929	0.1075
21789	0.0022
6693	0.0014
19587	0.0249
6697	0.0097
9855	0.0699
21624	-0.0073
21625	-0.0031
20719	-0.0075
20715	-0.0040
20714	0.0121
16354	0.0068
16352	-0.0066
19830	0.0004
8135	-0.0071
15462	-0.0001
7833	-0.0060
23991	0.1086
21419	-0.0077
25091	-0.0062
6342	-0.0053
12116	0.0334
8130	-0.0021
13461	-0.0070
14269	0.0437
4514	0.0846
6187	0.0001
6182	0.0049
9421	0.0156
2506	0.0288
12584	0.2685
11646	0.1321
5288	0.0046
9350	0.0292
9355	0.0187
9354	0.0501
5281	0.0649
15713	0.0052
9359	0.1451
10821	0.0179
5287	-0.0048
9191	0.0011
9190	0.0120
21244	0.3198
9192	-0.0061
7940	0.1321
7942	0.0861
10374	0.0077
22824	0.0437
5042	-0.0019
20664	0.0439
3780	-0.0036
14006	0.0292
8997	-0.0065
6956	0.1663
20500	-0.0013
6248	-0.0025
10567	0.1021
12206	0.0081
6230	-0.0075
4998	0.0044
14852	0.0163
20444	0.0042
18889	-0.0064
20609	0.0341
15639	0.0017
18887	-0.0015
15052	-0.0008
20449	0.0138
20689	0.0970
9776	-0.0070
9770	0.0524
10514	-0.0068
21863	0.3265
3258	0.0187
7301	0.0386
9284	0.0251
24178	0.0204
24167	0.1023
13081	0.0070
13083	0.0300
13082	0.0631
13241	0.0716
11912	0.0211
17252	0.0156
13249	0.0677
813	0.0236
815	0.0101
12937	-0.0067
2851	-0.0053
2850	0.0194
18770	0.0447
1490	-0.0070
10207	-0.0020
3331	0.0274
7046	-0.0025
5465	0.0194
5464	0.0044
5469	0.0682
1499	-0.0069
3339	0.0852
3338	-0.0085
21539	-0.0053
5264	-0.0063
10191	0.0035
425	-0.0067
10199	0.0012
18398	0.0002
15855	-0.0001
15850	0.0191
1258	0.0187
4575	-0.0030
19199	-0.0034
6989	0.0967
6988	0.0679
8603	0.0034
1122	-0.0065
8601	0.0164
6983	0.0898
11133	-0.0051
11132	0.0113
15109	0.0994
15104	0.0144
14329	-0.0009
24993	-0.0057
14459	0.0178
20859	0.0390
17985	0.0099
3023	0.0496
14698	0.1192
2985	0.0097
24372	-0.0023
525	-0.0030
522	0.0024
23494	0.0007
15588	0.0610
18089	0.0152
9299	0.0005
8514	0.0033
8045	-0.0062
8046	0.0184
8048	-0.0022
4192	0.0215
4191	-0.0068
18923	0.0758
5679	-0.0070
21317	0.0244
8289	0.1031
11003	0.0276
14522	0.0770
15039	-0.0066
14526	0.0560
6500	0.0032
24288	-0.0063
23060	-0.0041
18925	-0.0051
15217	-0.0058
24284	-0.0052
24287	-0.0058
22621	-0.0075
14122	0.0058
18702	-0.0064
21829	0.0031
23487	0.0992
23482	0.0513
17121	0.1307
8461	-0.0002
23248	-0.0078
22737	0.0268
23717	0.1330
8192	0.0404
15327	0.0239
8190	-0.0071
8196	0.0808
6431	0.0819
12449	0.0416
7559	0.0097
23395	0.0564
20056	0.0033
25516	0.0065
4777	0.0318
21313	-0.0059
17087	-0.0043
13641	0.0614
22284	-0.0064
22530	0.0125
4174	0.0186
17944	0.0521
4176	-0.0068
4171	-0.0034
4172	0.0001
3062	-0.0051
14839	0.1234
9940	-0.0002
9941	0.0434
15235	-0.0034
16037	-0.0051
16036	0.0020
5813	-0.0059
16033	0.0279
16032	0.3267
18662	0.0130
19937	0.0569
17619	-0.0078
16215	0.0458
16742	-0.0029
16211	0.2254
10342	0.0008
16748	0.0320
17342	-0.0075
12055	-0.0072
12054	-0.0053
14492	0.0009
9274	0.0030
236	0.0751
13505	0.0439
9275	0.0277
12693	0.0035
2227	0.0256
2225	0.1279
5924	-0.0028
5925	-0.0036
10836	-0.0019
5928	0.0109
10838	-0.0016
21874	0.0579
21653	-0.0076
20163	-0.0081
142	-0.0065
2468	0.0165
19241	-0.0078
148	-0.0080
21097	0.0134
7823	-0.0067
4508	0.0005
23412	-0.0063
16695	-0.0082
22923	0.0886
2082	-0.0051
19310	-0.0002
16698	0.0002
5450	0.1343
2539	0.0057
5451	0.0165
11651	0.0203
17760	0.0041
20670	0.0046
20672	0.0203
9369	0.0177
2718	0.1916
9363	0.0132
7957	0.0268
10698	0.1775
5079	0.0418
7953	0.0140
7952	-0.0055
7227	-0.0075
9165	-0.0075
9166	0.0178
5071	0.0400
5077	0.0170
9162	-0.0001
17406	0.0086
3799	0.0207
3798	0.0571
3794	-0.0061
3797	0.0423
3791	0.1143
16966	-0.0066
2154	0.0547
19616	0.0060
2153	0.0165
4989	0.0400
23999	0.0281
6244	-0.0076
10742	-0.0048
20452	0.0008
24665	-0.0014
18566	0.0951
10529	0.0141
14667	0.0186
1957	0.0122
22839	0.0215
14064	0.1285
9704	0.0785
9705	0.0857
8873	0.0186
3248	0.0776
12852	0.2334
7315	0.0811
7314	0.0885
14999	0.0151
7313	-0.0092
3244	0.1088
11902	0.1800
22373	0.0348
11905	0.1180
825	-0.0019
23402	0.0866
18415	-0.0022
12309	0.0023
820	0.0442
13253	0.1088
12636	0.0224
12380	0.0462
3307	0.0026
3304	0.1613
3303	-0.0049
15910	0.0232
1713	0.0126
1712	0.0063
1711	0.0069
9387	-0.0050
792	0.0098
12889	-0.0057
21509	0.0140
12886	0.0491
18108	0.0407
15829	0.0544
17084	0.0160
1138	0.0056
12145	-0.0065
23503	0.0763
15954	0.0996
617	0.0005
15139	-0.0073
23795	-0.0078
9864	0.0153
7789	0.0914
11129	0.1148
24664	-0.0055
7781	-0.0074
3019	0.0409
10999	0.0008
3016	-0.0069
13712	0.0074
7142	-0.0057
3015	0.0177
21120	0.1413
18743	0.0348
18741	0.0453
512	-0.0052
1002	0.1744
8727	0.1112
12877	-0.0061
4188	0.0309
10995	-0.0072
8057	0.1474
8056	0.0817
8055	0.1241
23124	0.1310
4185	0.0182
1228	0.0033
5662	-0.0015
6534	0.0464
8295	0.2906
6533	0.0064
13620	-0.0064
4344	0.0055
15009	-0.0008
18478	0.0114
19641	0.0303
15567	0.0079
11018	0.3525
11019	0.0610
22830	-0.0037
14537	0.0895
24292	0.0084
23018	0.2530
17885	0.0017
3879	0.0079
18476	0.0197
22001	0.0050
22637	-0.0053
22286	0.0643
14764	0.0022
16005	0.0020
3875	0.0437
23728	-0.0045
11337	0.0010
11336	-0.0054
23723	-0.0012
23233	0.0188
8471	-0.0037
11	-0.0034
6403	0.0060
15311	-0.0076
7565	0.0755
15316	0.0023
16	0.0041
19	0.0187
6408	-0.0062
6409	0.0003
5711	0.1107
21403	-0.0053
7763	-0.0051
17702	0.0263
7768	0.0052
7769	0.1725
15207	-0.0082
3900	0.0007
3902	-0.0079
19324	0.0434
4761	0.0262
4760	-0.0056
13652	0.0671
23346	0.0256
13656	-0.0081
4766	0.1145
22526	0.0083
11486	0.0419
11483	-0.0054
11482	0.1128
23838	0.0450
13895	0.0404
25063	-0.0068
23029	-0.0065
21277	0.1296
21583	0.0102
19039	-0.0053
19740	-0.0045
19037	-0.0070
19035	0.0147
5807	0.0390
17718	0.0247
5804	0.0066
16752	0.0188
200	0.0344
15623	0.0015
19255	0.0010
16205	0.0182
206	-0.0053
16209	0.0292
25164	0.0357
25162	0.0625
25161	0.0186
17350	0.0906
25368	0.0112
16599	0.0092
12049	-0.0047
24987	0.2660
23903	-0.0054
17490	0.0508
12686	0.0111
22166	-0.0083
23908	0.0035
2234	-0.0032
24646	-0.0041
18879	0.0394
19630	0.0209
10823	-0.0068
10820	0.0075
10828	0.0591
16186	0.0360
19965	-0.0019
21647	0.0119
3499	0.0325
17578	0.0654
4609	0.0167
7818	0.0201
4570	-0.0019
4572	0.0026
21084	0.0521
3659	-0.0078
18733	0.0432
13406	0.0238
24985	0.0100
22851	-0.0065
16370	-0.0066
3651	0.1271
17825	-0.0029
19441	-0.0031
13514	0.0423
11663	-0.0007
2520	0.0157
2522	0.0432
13384	0.0331
20399	0.0143
16683	0.0119
21748	-0.0034
24966	-0.0102
19904	-0.0024
11462	-0.0057
9277	0.0031
220	0.0083
11469	-0.0051
22858	0.0187
2709	0.0639
5060	0.0021
2705	0.0151
23272	-0.0051
4885	0.1603
4887	-0.0051
7962	-0.0001
25214	-0.0050
25065	0.0199
9174	0.0796
10685	-0.0032
25187	0.0520
13318	0.0503
13314	0.0020
13316	0.0215
1821	0.0282
4402	0.0005
9576	0.0675
2417	0.2681
9579	0.0311
925	-0.0051
2149	0.0186
2148	0.1467
10530	0.0111
18619	-0.0083
14236	-0.0029
10539	0.0848
5398	0.0058
5748	0.0081
14234	0.0672
20117	-0.0016
9717	-0.0042
13937	-0.0042
9714	0.0272
832	-0.0069
18979	-0.0054
22992	0.0256
3473	0.0082
8885	0.0187
18975	0.0116
7367	-0.0006
3	0.0063
13221	0.0214
18401	0.0016
18404	0.0703
19994	0.0145
18994	0.0683
7074	0.1416
18990	-0.0063
21335	-0.0019
12479	-0.0012
7027	-0.0023
9002	0.1400
10226	0.0815
3312	0.0143
5482	-0.0006
9008	0.0131
780	0.0090
1729	0.0120
20021	0.0083
20023	0.0185
1722	-0.0029
21518	0.3341
17325	-0.0068
13135	0.0338
18571	0.0009
12403	0.0069
19228	-0.0102
18579	0.0445
20756	0.0001
15948	0.0021
15122	-0.0052
18196	0.0918
9000	-0.0075
18193	0.0185
63	0.0120
3000	0.0193
10076	0.0133
7791	-0.0058
11896	-0.0038
22626	0.0106
20337	0.0135
1589	-0.0063
17454	0.0327
17968	0.0612
1582	-0.0011
20561	0.0453
7151	0.0610
10222	-0.0033
18757	-0.0008
1031	-0.0052
1036	-0.0059
1037	0.0455
630	0.1030
12866	0.0213
23136	-0.0080
1218	-0.0068
927	0.0361
23645	0.0118
7485	-0.0077
6520	0.0007
6522	0.0515
6525	0.0610
9452	0.0258
6526	0.0025
4373	-0.0072
5654	0.1881
7489	0.0310
5650	0.0174
11069	-0.0075
16458	0.1409
2895	0.0135
23293	0.0004
25561	0.1269
14547	-0.0000
14546	-0.0053
1454	0.0017
17899	0.0016
1451	-0.0054
1452	0.0179
17892	0.0825
25567	0.0248
23009	0.0524
10188	-0.0063
13791	0.0482
4081	-0.0062
4083	0.0308
13796	-0.0040
4088	0.0067
3867	-0.0072
3865	0.0105
8409	0.0195
15927	0.0119
11325	0.0088
7571	0.0369
7570	0.0011
7573	0.0481
3734	-0.0088
15308	0.2734
7574	-0.0067
19138	0.0583
5722	0.0120
6417	0.1264
20070	-0.0033
15300	-0.0045
6410	0.0307
9812	-0.0051
7775	-0.0044
13762	0.0029
13038	-0.0045
3917	-0.0013
8316	-0.0066
4799	-0.0055
8312	-0.0059
23351	-0.0075
21971	-0.0065
5995	0.1118
4150	0.0527
4154	0.0282
11257	0.0667
10886	0.1008
18900	0.0008
13506	0.0030
7028	0.0394
13723	0.0177
13462	0.0185
23271	0.0775
9922	0.0918
13725	0.0039
19263	0.0100
11579	0.0580
22771	-0.0037
8218	-0.0069
25170	0.0190
19269	0.0481
22679	-0.0068
6085	0.0439
25372	0.0444
6080	0.0437
12070	0.0034
23915	0.0150
23917	-0.0050
5902	0.0127
17217	0.0730
16165	0.0281
16164	-0.0063
16168	0.0140
19881	0.0377
3488	0.1118
7803	-0.0069
17561	-0.0024
7807	0.0005
7806	0.1017
24825	0.0582
3480	-0.0006
3484	0.0316
20472	-0.0077
21078	0.0413
24663	0.0061
13418	0.0351
4568	0.0065
21071	0.0143
19864	0.4369
2554	0.0173
11675	0.0001
2558	0.0202
6390	-0.0024
18297	-0.0049
11476	-0.0046
14300	0.0167
2390	0.1445
17363	-0.0051
17368	0.0002
20612	0.1120
5011	0.0506
4898	-0.0049
14305	-0.0004
5016	0.0600
4893	-0.0067
4892	0.0265
4894	-0.0060
16947	0.0095
20929	0.0640
16944	0.0883
16410	-0.0103
25277	0.1166
18355	0.0399
7975	0.0464
7974	0.0450
9492	-0.0052
7976	0.0080
16418	0.0194
9144	0.0410
7522	-0.0013
12255	0.0156
12254	-0.0065
6260	-0.0054
13304	0.0650
4411	0.0531
13301	0.1718
6065	0.0898
13598	0.0672
2176	0.0085
17097	0.0479
15382	0.2652
2175	0.0007
22276	0.0021
9545	0.3951
12099	0.0183
6069	-0.0013
21107	-0.0064
4960	-0.0024
2604	0.0558
14045	-0.0052
20928	0.0191
2601	0.0684
14042	0.0343
2603	0.0055
20926	-0.0012
20920	0.0830
14049	-0.0016
14824	0.0168
3261	0.0558
24136	0.0639
21327	0.0854
20336	0.0671
10039	0.0191
1936	0.0132
10785	0.0327
3266	-0.0048
1939	0.0295
20101	0.0143
20574	-0.0043
3460	0.0141
7370	-0.0076
21699	-0.0081
8890	-0.0056
12322	0.0861
12320	0.0535
20586	-0.0078
20588	0.0181
19141	-0.0070
14221	0.1128
14955	0.3518
7230	-0.0082
16902	0.0683
21360	0.0959
1739	0.0201
1738	0.0009
13237	0.0041
18694	-0.0056
24005	0.1108
1730	0.0096
5232	0.0230
20036	0.0827
1734	0.0091
1737	0.0236
20666	-0.0063
13124	0.0023
13125	0.0039
15808	0.0170
15805	0.0932
17073	0.0307
11818	0.0652
18142	0.0128
13129	-0.0036
752	0.0206
756	0.0160
17428	0.0179
25052	0.0432
6886	-0.0082
6887	0.0186
1596	0.0172
6882	0.0897
1590	-0.0009
3076	-0.0067
18322	0.0001
2950	-0.0056
14311	0.0252
1027	0.0764
1020	-0.0052
12713	-0.0068
7164	0.0442
4365	-0.0025
24029	0.0115
4361	0.0777
4368	0.0883
12892	0.0121
15573	-0.0049
15571	0.0181
8278	-0.0049
8277	0.0434
14559	0.0102
11072	-0.0069
14550	-0.0063
22707	0.0324
3102	0.1419
8670	0.0112
5	0.1575
1441	0.1124
12869	-0.0037
8064	-0.0033
20923	0.0004
4092	-0.0004
23215	0.0910
4090	0.0059
4097	-0.0068
22348	0.0266
22349	-0.0035
19126	0.0349
22615	-0.0000
22340	0.0079
23587	0.0086
23584	-0.0072
5730	0.0172
11319	0.0158
12205	-0.0064
5739	0.1028
15010	-0.0052
6462	0.0152
12201	0.0687
9801	0.2428
7583	0.0217
7747	0.0078
22640	-0.0051
18166	0.0030
7749	-0.0078
23879	0.0135
15543	-0.0062
14174	0.0043
8724	0.0094
24153	0.0284
20446	0.0793
3929	0.0068
22508	-0.0058
6729	0.0816
4782	0.0990
11886	0.1032
19014	0.0038
8095	-0.0065
8267	0.0569
12521	0.0455
4148	-0.0063
23694	-0.0063
4145	0.0247
8260	0.0008
4140	-0.0051
14912	0.0204
3855	-0.0052
21851	0.0797
3853	-0.0028
22085	0.0390
8726	0.0558
14426	0.0838
19275	-0.0066
12069	0.0140
19784	0.3254
12064	-0.0075
6094	0.0288
16571	0.1085
10350	-0.0065
6658	0.0345
6657	0.0418
12664	0.0188
19650	0.1881
19651	0.0466
15548	0.1065
10806	-0.0065
16179	0.0163
20990	0.0028
198	-0.0093
21844	-0.0063
14545	0.1047
17552	0.0748
21666	0.0006
19879	0.0097
4556	-0.0062
4557	-0.0075
6388	-0.0009
4550	0.0187
21061	0.0844
15494	0.1085
21996	0.0194
19513	0.0144
11687	0.0220
11686	0.0085
17898	0.0106
14070	-0.0055
11443	0.0442
2382	0.0148
17237	-0.0032
24801	0.0097
20544	0.0675
5002	0.0035
10334	0.0000
2762	-0.0026
20625	0.0393
20624	0.0060
9159	0.0132
9158	0.0348
22899	0.3544
9489	0.0305
24168	0.0241
17132	-0.0049
17134	0.0448
11304	0.0078
12242	-0.0056
6275	-0.0059
6274	0.0321
16790	0.0191
16791	0.0190
6279	-0.0066
4426	0.1041
25129	-0.0034
1845	0.0439
6077	0.0031
12087	-0.0058
4958	-0.0039
22705	0.0882
12082	0.0302
12083	0.0134
4956	0.0682
2160	-0.0025
9731	0.0187
14032	0.0409
16718	-0.0060
9738	0.1577
20486	-0.0016
21336	0.0438
13430	0.0467
7345	0.0861
3298	-0.0058
7341	-0.0012
1906	0.0409
1907	0.0825
10024	0.0212
5133	0.0682
24232	0.0170
21339	0.0439
13207	0.0058
21596	0.0122
13209	0.0316
17512	0.0193
22355	-0.0020
6	0.0187
12334	0.0089
20964	0.0104
12331	-0.0054
15907	0.0171
13162	0.0728
20551	0.0455
13163	0.0026
7000	0.0665
20559	0.0449
14140	-0.0066
10245	0.0457
18687	0.0012
21537	-0.0073
5227	-0.0065
18512	0.0591
8936	0.0033
14814	0.0065
18517	-0.0022
18514	0.0520
14810	-0.0023
15557	0.0196
15140	-0.0039
15145	-0.0067
22423	0.0130
15780	-0.0073
6890	-0.0092
3061	0.1227
17947	-0.0054
7171	-0.0061
3066	0.0070
7173	-0.0070
14360	0.0025
14491	0.0099
18331	0.0587
1053	0.0247
1054	0.1097
16393	0.0025
1059	-0.0055
1693	-0.0042
20425	-0.0030
618	-0.0019
18678	0.0186
4317	0.0595
612	0.0115
613	-0.0069
12884	0.0427
616	0.0108
1275	0.1103
12881	0.0523
8798	0.0711
14594	-0.0049
24936	-0.0061
8242	0.0143
15061	0.0755
24485	-0.0043
8241	0.0493
8246	-0.0064
11049	-0.0031
9819	-0.0062
14765	-0.0049
14760	0.0904
14762	0.0100
3116	0.2228
21046	0.0204
2371	-0.0051
1473	0.0195
15965	0.0206
1474	-0.0029
8649	0.0166
10172	0.0427
15306	-0.0029
23026	-0.0014
8641	0.0062
1306	0.0440
23203	0.1314
17919	-0.0050
19853	0.0840
23758	0.0004
22376	0.0626
23590	0.1089
23592	0.0280
23593	0.0065
5744	-0.0073
15752	0.1263
13934	0.0111
4226	0.0848
490	0.0152
14213	0.0497
11307	0.0088
24	0.1863
5584	0.0042
5580	0.0219
22739	0.0077
9833	0.0155
24796	-0.0041
17912	0.0324
23115	0.0008
21492	0.2112
7759	0.0007
23112	0.0431
7755	0.0236
7754	0.0682
18698	0.0124
13773	0.0120
10304	-0.0080
3939	0.0517
19466	0.0071
3931	-0.0077
8330	0.0050
8336	0.0645
21239	0.1252
8334	0.1612
11273	0.0654
23374	-0.0063
23371	0.0020
19061	0.0748
22323	0.2050
15212	0.0101
21866	0.0005
19066	0.3002
17417	0.0456
4132	0.0084
4133	0.2075
17128	0.0209
15218	-0.0060
24464	0.0275
3843	0.1270
5697	0.0068
3849	0.0190
5699	0.0229
13626	0.0437
25357	0.0038
19201	-0.0013
22794	-0.0008
22791	0.0005
16098	-0.0103
24895	-0.0071
22104	0.0093
22407	-0.0006
15973	-0.0057
4045	0.0561
13756	0.0842
4040	0.0421
12652	0.0183
6660	0.0229
12657	-0.0028
18253	0.0228
24891	0.0245
10878	-0.0011
17870	-0.0015
21600	-0.0051
19666	0.0631
5962	-0.0066
10872	0.0652
5966	0.0174
16325	0.0020
24808	-0.0067
16897	-0.0002
25538	0.1539
16898	0.1707
21833	0.1826
17230	-0.0054
4549	-0.0066
22930	0.0060
19720	0.0330
19683	0.0044
19682	0.0442
4541	-0.0063
13432	-0.0051
19689	-0.0066
19329	0.0422
24307	0.0704
23354	0.0401
11691	-0.0019
13258	0.0955
10906	0.0003
11459	-0.0081
16803	0.1280
22694	0.0663
24935	-0.0062
24934	0.0203
2370	-0.0042
6735	-0.0028
17436	0.0023
3594	-0.0030
5035	0.0196
8231	0.0240
5030	0.0378
5031	0.0012
12600	0.0244
8507	0.0650
1872	0.0782
13321	-0.0053
13323	0.0137
7913	-0.0039
25225	0.0058
7910	0.0192
7915	0.0538
974	0.0412
15531	0.1950
23986	-0.0059
2118	-0.0060
183	0.0086
19750	0.0188
187	0.0708
15925	0.0261
2110	0.0007
21934	-0.0066
189	-0.0073
19923	0.0180
20837	0.0554
2623	-0.0073
14020	0.0347
2621	-0.0053
17046	0.0978
8606	0.0682
20835	0.0025
20128	0.1181
20945	0.0699
9582	-0.0070
10620	-0.0066
9585	0.0230
1911	0.2322
10012	-0.0055
19739	0.0104
3284	0.0367
10015	0.0073
13211	-0.0022
860	-0.0001
22937	0.0811
22961	-0.0063
13702	-0.0050
2752	0.0262
10497	0.0002
10495	0.0042
2029	-0.0061
10276	0.0757
9393	0.0070
14979	0.0409
885	-0.0011
888	0.0042
14972	0.0441
10477	0.0820
10476	-0.0078
20543	-0.0076
20017	0.0027
9050	0.0584
9054	0.0632
14153	0.0180
14592	-0.0075
24062	-0.0053
21546	0.0109
11872	-0.0061
22898	0.1889
14804	0.0081
13104	-0.0003
13100	0.0481
19437	0.1156
18306	0.0897
20552	0.3536
772	0.0060
24098	0.0904
18659	-0.0035
15171	0.0894
18308	0.0185
14379	0.0197
7104	0.0831
2973	0.1170
14371	-0.0008
6860	0.0143
2977	-0.0066
2974	0.0080
20424	0.0120
1047	0.0976
23706	0.0453
21302	0.1560
5413	0.0676
1689	-0.0013
18782	-0.0048
18780	-0.0050
19990	-0.0015
4301	-0.0057
8252	0.0091
17941	0.0188
1266	-0.0082
18012	0.0038
8789	-0.0064
11054	0.0186
11059	0.0229
24471	0.0679
3129	-0.0051
3120	0.0020
3121	-0.0004
7610	-0.0039
23944	-0.0062
1469	0.0103
23000	0.0042
15997	0.0146
15991	-0.0023
1463	0.0377
15748	0.0259
19541	0.0003
1311	0.0676
21738	0.0279
5753	0.0910
12434	0.0189
6443	-0.0003
12431	0.0445
6913	0.0295
13923	-0.0046
4230	0.0437
5590	0.0275
20997	0.0281
12520	0.0206
23150	0.0124
18840	0.0370
18841	0.1074
23168	-0.0009
20908	0.0772
7726	-0.0047
3948	-0.0073
22563	0.0174
13693	0.2448
3940	0.1347
19475	0.1443
315	0.0627
6709	-0.0050
23308	0.0000
8327	0.1266
8322	0.0885
24673	-0.0047
19076	-0.0014
12506	-0.0029
23827	0.0092
15229	0.0242
12508	0.0190
4126	-0.0077
7431	0.0044
5685	0.0010
24478	-0.0033
22788	-0.0001
22789	0.1034
10498	0.0870
22783	0.0592
6677	-0.0033
12641	-0.0059
23413	0.0353
6672	0.0186
22145	-0.0033
12648	0.0124
23785	0.0208
23549	-0.0055
4058	-0.0036
22092	0.1309
19679	0.0434
5973	-0.0041
16151	0.0765
10860	0.0711
6218	0.0264
16157	0.0247
19502	0.0037
19856	0.0671
21826	0.0179
15293	0.0273
25035	-0.0070
23618	-0.0055
23093	0.0083
25032	0.0125
10813	0.0579
23156	0.0196
16522	0.0439
13880	0.0061
23095	-0.0019
8690	-0.0037
8288	0.0235
2368	0.0187
24080	0.0468
2366	0.0445
17335	-0.0054
11422	-0.0074
7290	0.0101
9131	-0.0060
17442	-0.0065
9135	0.0189
9134	0.0001
7298	-0.0026
16166	0.0080
10316	0.0128
7929	0.1092
4440	0.0775
13352	-0.0023
3728	-0.0073
16425	0.0127
25252	-0.0065
16422	0.0246
964	-0.0073
20546	0.0718
966	0.0834
13650	0.0156
960	0.0206
962	0.0023
4689	-0.0062
11736	0.1512
10954	-0.0011
23633	-0.0051
2100	0.0025
6051	0.0635
11738	0.0424
10006	-0.0013
5116	-0.0059
20154	0.0609
20158	0.1351
5118	0.0085
20796	0.0395
20795	0.0509
20794	0.0491
17066	-0.0027
9229	0.1620
9596	0.0130
9590	0.0004
9593	-0.0050
20798	0.0478
20462	0.0080
17597	0.0154
3434	-0.0085
22955	0.0269
3437	0.0100
10488	0.1783
4596	0.0818
4849	0.0027
24824	0.0085
12352	0.0346
15150	0.0676
4841	-0.0064
10260	0.0658
14572	0.0090
10263	0.1511
24147	0.0087
21411	0.0773
899	-0.0066
14902	0.0487
14906	0.0400
5201	0.0939
20572	-0.0001
20570	-0.0002
10462	0.0108
21671	0.0005
10460	0.0437
9043	-0.0074
5208	-0.0032
11992	-0.0022
11994	-0.0046
21558	0.0188
3547	0.0403
3541	0.0632
24071	0.1285
24077	0.0141
24467	0.0048
11849	0.0118
8915	0.0041
11843	-0.0001
10086	0.0716
11191	-0.0066
2967	-0.0051
2966	0.1575
14342	0.0423
14341	0.0065
18641	0.0018
18318	0.0159
18319	0.0432
19046	-0.0061
15165	0.1280
765	0.1346
17643	0.0012
7117	-0.0068
24148	0.0791
6878	0.1076
3043	0.0189
18796	-0.0052
25511	0.0040
1078	0.0133
18793	0.0255
19045	0.0309
20372	-0.0002
1073	0.0004
23486	0.0090
14803	0.0580
17149	0.2284
21073	0.0093
15488	0.0185
19183	-0.0066
25016	0.0295
20490	0.0234
17644	-0.0071
18534	0.0203
1094	0.0406
1091	0.0004
1092	-0.0052
4336	0.0334
18528	0.0011
4332	-0.0077
671	-0.0067
18835	0.0573
13774	0.0157
3138	0.2354
18002	0.0862
14741	0.0682
17856	0.0448
18523	-0.0085
7604	-0.0052
24265	0.0005
13552	0.0120
22895	0.0310
1323	-0.0063
11343	0.0397
9850	-0.0049
9852	-0.0050
9853	-0.0043
6454	0.0005
5766	0.0489
6458	0.0241
5765	0.1121
4206	-0.0045
4207	-0.0033
15185	-0.0072
5569	0.1657
19772	-0.0043
5560	0.0409
5562	0.2936
11222	-0.0076
1254	-0.0056
1253	0.0689
7731	0.0150
7730	0.0069
7736	0.1075
7735	-0.0064
23148	-0.0059
15326	0.0185
23345	-0.0007
15248	-0.0063
19193	-0.0034
3957	0.0470
19194	0.0352
11210	0.0089
11211	0.0262
18309	-0.0013
25588	0.0036
23313	-0.0097
15323	0.0351
24219	0.1874
8194	0.2861
15234	0.0700
12515	0.0349
12516	0.0165
15232	0.0028
19899	0.0067
15701	0.0259
24440	0.0140
7890	0.0111
7421	0.0365
19118	0.0327
20263	-0.0049
11479	0.2193
16520	0.0334
8199	-0.0071
25334	0.0190
12564	0.0238
23950	0.1052
6604	0.0178
6606	0.0511
7109	-0.0025
6608	0.0676
6609	-0.0071
4062	-0.0024
4066	0.0120
11506	0.0276
11504	0.0054
11505	-0.0033
24597	0.0247
11500	0.0416
982	0.0370
5781	-0.0053
17837	-0.0006
3601	-0.0079
19537	-0.0028
3606	0.2105
16180	-0.0058
13276	0.0005
25028	0.0025
16637	0.0014
12184	-0.0081
12182	0.0590
22889	0.0474
12746	-0.0063
25204	0.0537
24451	-0.0001
17328	0.0745
17329	-0.0048
10921	0.0026
25205	0.0316
19222	0.0430
19996	0.0187
17320	0.0780
111	-0.0063
10928	-0.0046
11437	0.0333
16942	-0.0078
7283	0.1242
17102	0.0535
1048	-0.0018
7286	-0.0079
21788	-0.0102
9456	0.0023
22918	0.1338
9102	0.0358
9100	0.0852
4453	0.0187
16989	-0.0082
13341	0.0112
4459	0.0726
4458	0.0682
16457	-0.0076
16456	-0.0056
2135	0.0191
951	0.0017
12291	0.0562
952	-0.0016
12295	0.0261
12294	0.0182
6028	0.1615
17216	0.0632
11725	-0.0055
11722	0.2072
24867	-0.0072
24866	0.0032
24868	0.0133
23451	0.0706
2648	0.0453
20140	0.2454
20144	0.0643
10079	0.1962
20148	0.0066
2646	0.0079
2647	0.0611
20781	0.0176
9218	0.0299
22947	-0.0072
17074	-0.0084
9213	-0.0051
9210	-0.0078
9216	0.0652
9215	-0.0057
3428	0.0186
13308	-0.0004
22282	-0.0051
17586	-0.0013
3420	-0.0051
17582	-0.0029
13422	0.0346
12161	-0.0075
4588	-0.0043
6333	-0.0051
25090	0.0619
4582	0.0672
14176	0.0140
10299	0.0006
12483	-0.0088
10295	-0.0067
14913	-0.0051
10291	-0.0064
1855	-0.0042
9675	0.0488
20568	0.0151
9673	0.0970
25199	0.0116
9679	0.0352
25555	0.0061
24680	0.0098
3553	0.1721
21762	-0.0068
10580	-0.0051
13168	0.0125
10585	0.0170
18621	0.0377
23511	0.0188
11850	-0.0054
11851	0.0355
8907	0.0520
8902	0.0120
719	0.0166
2917	-0.0027
716	0.0752
1794	0.0388
24309	-0.0068
18047	0.0366
7128	0.0023
17917	0.0076
7127	0.0617
6846	0.0096
15756	0.0049
6845	-0.0059
22655	0.0775
25025	0.0226
11052	-0.0051
20364	0.0907
1066	0.0158
18250	-0.0063
18159	0.0312
13010	0.0214
1660	-0.0000
9726	0.0281
594	-0.0056
6597	-0.0065
18524	0.0371
24277	-0.0066
24270	0.0140
12982	-0.0068
2824	-0.0019
18070	0.1149
2826	-0.0070
18330	-0.0081
2820	0.0640
14591	-0.0030
5417	0.0848
17860	0.0523
7637	0.0516
20284	0.0879
19450	0.1038
4214	0.0096
1339	0.0231
4213	-0.0027
4212	0.0384
11951	-0.0048
440	0.0265
13908	0.0411
13909	0.0079
10139	0.0022
23099	0.1166
25620	-0.0017
9840	0.0108
15407	0.0077
9845	0.0159
19756	-0.0066
5770	0.0186
6938	0.0071
8124	-0.0087
5775	0.0147
8693	-0.0070
5776	-0.0051
1933	-0.0014
39	0.0605
7703	-0.0050
5577	-0.0066
5576	-0.0018
5572	0.0080
24194	-0.0065
18312	0.0073
21454	0.0569
3096	0.1608
644	0.0097
647	0.0067
3095	0.0050
21453	0.0699
19022	0.0277
23143	0.0748
14473	0.0821
14719	0.0831
24484	-0.0043
23321	0.0867
14475	0.0025
19181	0.0056
331	0.0067
24979	0.1030
3057	-0.0080
4100	-0.0067
4103	0.0400
25151	0.0403
4108	0.0246
25289	-0.0036
12568	0.0272
17738	0.0431
22761	0.0189
15240	0.0083
10756	0.0056
12567	0.0530
12566	0.0030
7412	0.0064
22303	0.1064
22304	-0.0054
24454	0.0081
22434	-0.0032
22436	-0.0049
22437	0.0038
22430	0.1608
22431	-0.0057
16535	0.0182
17615	0.0025
12622	0.0155
12623	0.1630
844	0.0219
6617	0.0098
22126	0.1569
10840	0.0527
4079	-0.0031
13769	-0.0005
10675	0.0406
10849	0.0450
13766	0.0196
8898	0.0217
11537	0.0631
11535	0.1122
22862	-0.0017
19458	0.0285
23562	0.0872
19528	-0.0050
3639	-0.0067
19526	0.0447
16580	-0.0065
3630	-0.0068
13501	0.0071
12190	0.0746
24483	0.0187
12194	-0.0022
4613	0.0087
16620	0.1498
11406	0.1366
12758	-0.0066
9691	-0.0032
12756	-0.0077
16190	-0.0000
24274	0.1134
19231	0.0003
4617	-0.0001
22022	-0.0038
10933	0.0175
9119	0.0088
25273	-0.0073
9449	0.2755
17993	0.0183
15652	0.0703
17462	0.0164
17461	0.0004
3708	0.0346
1889	0.0191
22246	0.1536
16441	-0.0040
12288	0.0639
17660	0.1571
1881	-0.0051
23508	0.0610
9825	0.0001
11400	0.2509
4660	-0.0056
943	0.0315
4911	-0.0078
21801	0.0579
11711	-0.0079
15354	0.0659
11717	-0.0070
21807	0.0517
6033	-0.0001
6031	0.2811
12432	0.1135
9205	0.0036
5171	0.0175
10061	0.1169
5176	-0.0044
9203	0.0027
5174	0.2321
10068	0.0280
5754	-0.0051
3416	0.0436
3417	0.0206
3413	0.0861
9987	-0.0041
17001	-0.0038
21376	-0.0070
17004	0.1891
25593	0.0748
8534	0.0199
14932	-0.0045
10660	0.0679
9980	0.0062
10662	0.0151
9681	0.0376
4863	0.0076
9682	0.0334
13485	-0.0017
9684	0.0190
6329	0.0191
13486	-0.0064
9061	0.0023
16806	0.1785
10284	0.0134
10285	-0.0041
9667	-0.0006
9664	-0.0033
10445	0.0082
21720	0.0030
10440	0.0390
20517	-0.0043
9668	0.0332
18804	0.0022
20688	0.0223
10732	-0.0006
3561	0.1594
13152	-0.0063
3564	-0.0022
20402	0.0001
10839	0.0444
18808	0.0915
21779	0.0703
4484	0.0042
8979	0.0024
20400	0.0518
10595	-0.0060
10598	0.0317
13399	-0.0074
6567	0.0786
21798	0.0065
705	0.0208
700	0.0190
7139	0.0281
88	-0.0072
5614	0.0003
20351	0.0321
11889	-0.0022
20195	0.1206
20197	0.0196
25271	0.1005
19632	0.0744
5310	-0.0046
20198	0.0439
8805	0.0130
14293	0.0025
13020	0.3030
23580	0.0617
8803	-0.0015
18248	0.0083
8808	0.0211
1655	0.0622
6583	0.0000
24003	-0.0050
8758	-0.0074
8759	0.0083
8208	0.0231
8209	0.0664
8204	0.0867
8205	-0.0064
589	-0.0069
17875	0.0135
7627	-0.0069
12994	0.0258
7620	0.0132
3155	0.0436
18063	0.0676
11081	0.0184
17879	0.0487
2830	-0.0068
14729	0.1024
20222	0.0008
3396	0.0185
14720	0.0682
19940	0.0174
13476	-0.0023
14727	0.0160
16360	0.0409
15269	0.0300
24009	0.0265
1349	-0.0058
23556	-0.0036
23550	-0.0106
13379	0.0428
13979	0.0376
9878	0.0168
18111	0.0373
6926	0.0141
9870	0.0031
7711	0.0230
11154	0.0639
17666	0.0515
7715	-0.0078
5541	-0.0051
24510	0.0011
24279	0.0214
1503	-0.0020
8596	0.0049
8597	0.0469
23152	0.0861
3086	-0.0069
8590	0.0189
23331	0.0914
8375	-0.0045
22698	0.1589
22206	0.1018
5894	-0.0051
8572	0.0613
11234	0.1186
13802	-0.0072
3885	0.0525
3887	0.1402
11569	0.1059
17779	0.0248
15560	-0.0034
12570	0.0188
15251	0.1128
13575	0.0430
22648	0.0162
22336	-0.0049
22332	0.0194
22331	-0.0071
16965	0.0087
19083	-0.0017
19081	0.0866
25087	-0.0057
16059	0.0023
25009	-0.0034
16504	0.0139
19731	0.0083
16053	-0.0070
22687	0.0386
11209	-0.0045
11521	0.0190
12615	0.0183
941	0.1661
23421	0.0388
22689	0.0301
16706	0.1143
15017	0.0226
11564	0.0030
4002	0.0334
4003	0.0682
4004	0.0083
21802	0.0183
9894	0.0938
24734	0.0027
3973	-0.0054
3972	-0.0003
19425	0.0665
23211	0.0499
9898	-0.0045
19559	0.0156
22710	0.1020
24874	-0.0026
19551	0.0352
21016	-0.0065
3623	-0.0017
3622	-0.0043
13991	0.0275
19885	0.0676
19884	0.0059
22084	0.0245
22061	-0.0004
16612	0.0937
22068	0.4362
16616	0.0641
16615	0.0187
2331	0.0031
2332	-0.0075
11413	0.0363
2334	0.0679
2335	0.0546
11417	0.0175
12762	0.0189
17185	0.0458
15794	0.1337
17816	0.0066
25483	0.1444
16292	0.0054
16291	0.0276
6883	-0.0063
16474	-0.0070
15791	0.0211
25269	0.1177
12979	-0.0054
21905	-0.0023
21907	-0.0074
13369	-0.0063
16277	0.0471
19956	0.0931
16270	0.0015
17677	0.0241
4473	0.1181
4472	0.0477
24994	-0.0052
17670	0.1534
4909	0.0237
22364	0.0130
21482	0.0206
12972	0.0160
4905	0.0264
13563	0.1128
4671	0.0154
12971	-0.0031
24841	0.0024
5688	-0.0019
7395	0.0130
20249	0.2359
7391	0.0425
7390	-0.0070
5148	-0.0047
24348	0.0080
22445	-0.0037
17959	-0.0020
3405	0.0887
126	0.0190
17016	0.0679
7537	0.0065
20760	-0.0058
16872	0.0192
24772	0.0739
12384	0.2826
7086	0.0209
4878	0.0062
24774	0.0870
6312	0.0251
2069	0.0007
17165	0.0187
6314	-0.0074
6315	0.0098
2792	0.0158
9168	0.0866
6318	0.0457
6319	0.0072
13531	-0.0068
14115	0.0256
20245	0.0439
9097	0.0473
10691	0.0684
25322	-0.0052
9308	0.0362
10431	0.1075
9658	0.0353
10435	0.0162
17708	0.0001
13142	0.0172
20691	0.1028
20770	-0.0070
4495	0.0147
4492	0.0673
4491	0.0679
9789	0.0188
24342	0.0650
15351	0.0176
4499	0.0063
15887	0.0188
6823	0.0029
15735	-0.0003
15881	0.0179
16968	0.0279
2934	-0.0068
18615	0.0142
11899	0.0525
18581	0.0139
11895	-0.0075
6441	-0.0064
19011	0.2310
20186	0.0025
23947	0.0146
16800	-0.0079
14930	-0.0013
8816	0.0005
8813	0.0246
14287	-0.0003
18276	-0.0052
13036	0.0084
18273	0.1404
16963	0.0266
579	-0.0072
18726	0.0024
11092	0.0319
18050	0.0015
8747	-0.0009
8746	0.0240
571	0.3270
8212	0.0097
8217	-0.0050
14344	0.0189
15774	0.0197
15645	0.1764
15646	0.0109
12963	0.0003
3161	0.0488
7096	-0.0102
5431	0.0439
14730	-0.0084
17311	0.0420
20230	0.0196
16087	0.1186
730	-0.0055
734	0.0100
739	0.0210
9565	0.0469
23520	0.1408
23100	-0.0010
8100	0.0034
8103	-0.0075
23529	0.0460
23528	0.0001
463	0.0440
15398	-0.0034
15393	0.0562
9865	0.0602
11146	0.0728
11144	0.0018
23180	-0.0010
11140	-0.0078
14421	-0.0057
24504	-0.0068
1519	0.0197
12277	0.0146
21920	0.0192
17312	0.0303
13818	-0.0062
10844	0.0207
23788	0.0593
5882	0.0216
12544	0.0085
12810	0.1208
23863	0.0128
13813	0.0162
8568	0.0055
6554	0.0439
16011	0.0102
15066	-0.0035
15060	0.2279
15069	0.0950
22328	0.0742
7479	0.0176
3186	0.0068
24433	0.0232
22596	0.0709
19729	0.2292
16046	0.0214
19725	-0.0004
16517	0.0754
22690	0.0782
11552	0.0114
15002	0.0954
6631	0.0201
6635	0.0446
6637	0.0192
11176	-0.0022
16153	0.1190
4013	0.1493
4010	0.0296
7501	0.0740
7509	0.0571
9888	0.0194
17971	0.1299
17523	0.0302
19543	0.0056
25450	0.0728
16880	0.0346
12775	0.0003
12771	0.0429
19854	-0.0035
23178	-0.0030
2327	0.0004
4702	0.0067
13631	0.0590
2329	0.0001
23858	-0.0040
10441	-0.0016
12425	0.0439
16280	0.0414
10953	0.0187
10951	0.0185
287	-0.0013
21174	-0.0049
3761	0.0025
25297	0.0508
25296	-0.0054
25293	0.0028
25139	-0.0048
263	-0.0070
11509	0.0200
16264	0.0042
8872	0.0087
21089	-0.0061
19943	0.1138
17391	0.0065
21772	-0.0051
24980	0.0270
17392	0.0082
24986	0.0107
25103	0.0105
17480	0.0072
2498	0.0175
10966	0.0485
2491	0.0455
4643	0.0026
4646	0.0597
13556	-0.0051
4644	0.0816
12895	-0.0045
2258	0.0371
11770	0.0409
11774	0.0069
13583	0.0112
22931	-0.0011
22688	-0.0074
10738	0.0515
23740	0.0082
5151	-0.0066
5155	0.0613
10730	0.1537
7875	0.1429
117	0.0188
7870	0.0187
13090	0.0428
19910	0.0022
20753	0.0735
22842	-0.0078
22913	-0.0078
7879	0.1784
2780	0.3623
23445	0.0273
16865	0.0183
12394	0.0023
16861	-0.0053
21185	0.0187
9461	-0.0067
23748	0.0305
12155	0.1381
2071	0.0137
6306	0.0048
11609	0.1432
2075	0.0664
10134	0.0128
10136	0.0273
20532	0.0083
11954	-0.0036
9085	0.0580
9082	0.0366
10429	-0.0050
17737	0.0501
9645	0.0644
9316	0.0194
17739	0.0672
10421	0.2210
9640	-0.0076
21590	0.0884
7271	-0.0018
7275	0.0269
22863	0.1379
3501	0.0186
2672	0.0812
2677	0.0176
15274	0.0262
12803	-0.0003
9611	0.0857
6835	-0.0031
2922	0.0982
25622	0.0246
5333	0.0185
18599	0.0009
10552	0.0001
5337	-0.0044
5336	0.1166
24135	-0.0049
18591	-0.0030
14635	-0.0004
1983	0.0087
1638	-0.0094
11313	0.1343
8820	-0.0051
15098	-0.0070
8778	-0.0076
20057	0.0497
2813	0.0244
15378	0.0011
561	0.0293
7643	0.0129
24920	0.0077
7647	-0.0057
14702	0.0048
11420	0.0407
24226	0.0720
3172	-0.0013
3175	-0.0071
23361	-0.0051
15650	0.0186
7081	0.0078
20248	0.0762
21961	0.0290
3379	0.0155
7089	-0.0067
20242	-0.0073
3373	0.0210
5423	0.0327
17332	-0.0013
721	0.0545
19592	-0.0049
4392	0.0206
2587	-0.0017
1160	0.0498
1162	0.0207
6492	-0.0050
4242	-0.0053
6498	-0.0050
5524	0.0334
4396	0.0194
15473	0.0156
6467	-0.0071
6947	-0.0004
15474	-0.0073
6944	0.0898
11170	0.0324
10648	0.0029
5491	0.0514
1568	0.0183
20898	0.0656
13701	0.0085
23055	-0.0037
1560	0.2350
8484	0.0077
1294	0.0377
1567	0.0433
24025	-0.0057
12555	0.0538
8554	0.0200
23626	0.0003
12559	-0.0001
23624	0.0004
17118	-0.0022
23190	-0.0043
23191	-0.0042
8002	-0.0015
4398	0.1731
24402	0.0193
5637	0.0136
5633	0.0203
3197	0.0606
3196	0.0551
3195	0.0110
16834	-0.0057
3193	-0.0066
8486	0.0021
13355	0.0430
