Locus	fst	chromosome	position
1	19718	-0.0041	LG04	15786063
2	23990	0.0255	LG05	9266375
3	14478	-0.0047	LG12	25449544
4	19716	0.1449	LG01	13543599
5	21633	0.0965	LG16	3885750
6	23448	0.0141	LG11	26240894
7	4025	0.012	LG03	24223878
8	11546	0.0036	LG10	12653334
9	13732	0.0254	LG07	4878672
10	25250	-0.0015	LG10	4629105
11	166	-0.0042	LG02	23270721
12	11386	0.0215	LG15	19591012
13	5980	0.0034	LG09	21886663
14	16238	-0.0043	LG08	5811809
15	5984	0.0297	LG11	13375051
16	7514	-0.0051	LG09	9462378
17	19158	0.0105	LG15	9445017
18	25624	0.0019	LG19	12075773
19	348	-9e-04	LG16	19876759
20	19371	0.0376	LG09	10689203
21	19372	0.008	LG07	30915399
22	24840	-0.0041	LG17	15615212
23	14296	0.0045	LG22	20639374
24	22999	0.1093	LG16	7683559
25	12701	0.0756	LG06	653437
26	12705	0.0733	LG18	9156806
27	6156	-0.0028	LG02	15037451
28	6158	0.0893	LG11	24273058
29	6797	-0.0038	LG11	11597003
30	10965	0.0347	LG05	13105253
31	13600	0.121	LG16	6622274
32	13607	0.1658	LG15	24471470
33	2319	0.0183	LG07	20997192
34	4739	0.065	LG01	6163089
35	8305	0.0058	LG02	11675992
36	23449	-0.0071	LG01	9519370
37	5851	0.0174	LG02	21921687
38	5853	0.0484	LG09	9910448
39	297	0.0245	LG05	20858577
40	5859	-0.0097	LG23	5934977
41	17654	0.0448	LG14	14918702
42	21100	0.0328	LG20	15135577
43	24941	-0.0047	LG11	20323618
44	3680	0.008	LG17	8605809
45	3776	0.1299	LG01	24455925
46	15958	0.1582	LG23	12977353
47	25284	0.037	LG11	18813106
48	23364	-0.0036	LG21	1951878
49	4834	0.0393	LG11	12058857
50	12962	0.0717	LG07	20991578
51	19971	-0.0027	LG15	18510285
52	13547	0.0166	LG06	17746245
53	16257	0.0187	LG11	15142617
54	19975	0.0033	LG03	29149035
55	12108	-0.0055	LG13	414978
56	22719	-0.0027	LG16	26563582
57	18188	0.0083	LG09	19813932
58	23368	0.0096	LG19	11098386
59	15526	0.0211	LG21	16277340
60	7992	0.0196	LG20	17181919
61	12017	0.0949	LG09	12286191
62	22488	0.0218	LG09	17756102
63	15528	0.155	LG16	13025420
64	11768	0.026	LG07	21989855
65	11760	0.0389	LG07	9519203
66	2261	0.0155	LG21	19768537
67	17254	0.0441	LG21	9839979
68	17255	-0.0047	LG16	14444680
69	17256	0.0235	LG12	25161246
70	20744	-0.0073	LG05	23975122
71	2446	-0.0072	LG03	29018446
72	17036	-0.0074	LG07	16603045
73	17038	8e-04	LG09	17129440
74	9252	-0.0027	LG10	2489942
75	9251	0.0125	LG11	26642181
76	7865	0.0046	LG08	11365031
77	109	-0.0064	LG05	10536052
78	24886	0.1915	LG16	16745561
79	22900	0.1699	LG08	8301243
80	21614	0.0459	LG06	8028774
81	12430	-0.0044	LG21	18156381
82	101	0.0479	LG03	20685759
83	22905	-0.0078	LG22	4615278
84	7869	-0.0097	LG17	10688746
85	5824	-0.0068	LG04	9835263
86	2046	-0.007	LG05	11189734
87	4815	-0.006	LG03	12288968
88	15536	-0.0068	LG07	5891920
89	16814	0.2478	LG14	2926912
90	21290	0.026	LG05	16180064
91	21924	0.05	LG22	6202798
92	21921	0.0821	LG06	17047252
93	9419	0.0188	LG08	24203128
94	12123	0.0353	LG06	1575634
95	22541	0.0425	LG05	20236929
96	11618	0.044	LG13	13050029
97	6377	-0.0076	LG11	27229186
98	20522	0.0718	LG09	2507199
99	10414	0.0012	LG16	17455883
100	10413	0.0063	LG03	19637006
101	20526	0.0188	LG08	5973861
102	10410	0.1991	LG14	6016044
103	11947	0.0185	LG15	7306164
104	11943	0.0276	LG07	20442784
105	10386	-0.0028	LG06	3618928
106	24089	-0.0081	LG18	11306607
107	19758	0.0365	LG20	13703430
108	19391	0.0242	LG15	26295688
109	24083	0.0405	LG01	4439028
110	9323	0.0189	LG21	22259790
111	8098	-0.0035	LG05	7346643
112	9326	0.0155	LG19	12260534
113	8943	0.269	LG13	3879446
114	13338	0.0241	LG18	20235757
115	21721	0.0289	LG19	7685592
116	8948	-0.0048	LG01	25476939
117	9347	-0.0075	LG22	17143940
118	21726	-0.0054	LG14	5603751
119	14626	0.069	LG06	237123
120	20593	0.0063	LG13	16159441
121	6807	0.0655	LG05	9917870
122	6802	0.1387	LG22	7924236
123	98	-0.0055	LG12	20292473
124	10560	0.0862	LG17	11340830
125	9741	0.0421	LG02	5980256
126	93	0.0347	LG21	16435657
127	92	0.0094	LG10	10496043
128	20413	-0.0072	LG04	22474367
129	3207	0.0179	LG08	5648759
130	1995	0.0232	LG03	20433399
131	13935	0.0716	LG07	20916719
132	22813	0.0432	LG17	945052
133	1629	-0.0056	LG22	18697916
134	19393	0.1895	LG15	14447479
135	24158	0.0187	LG20	1953008
136	21540	0.0087	LG08	6956890
137	21704	-9e-04	LG14	2137806
138	13052	0.0207	LG11	18447466
139	8831	0.0186	LG21	12302764
140	17977	-0.0028	LG14	24906233
141	18703	-0.0081	LG20	19712595
142	2861	0.0215	LG14	15397625
143	2866	-0.0018	LG01	23087036
144	18704	-0.007	LG22	2749624
145	9228	0.013	LG15	14543912
146	14710	0.0206	LG23	3145700
147	14247	-0.0027	LG20	1842713
148	12948	0.0956	LG14	19332362
149	15667	3e-04	LG20	23656667
150	12946	0.0434	LG07	26921264
151	12945	0.0037	LG10	13448653
152	3348	0.0062	LG16	19834425
153	20259	0.0322	LG19	9435515
154	3342	0.0476	LG21	13232316
155	1190	-0.0073	LG01	8092422
156	1193	-0.0046	LG03	24543439
157	3341	0.0025	LG14	28893155
158	20257	-0.0051	LG13	23629689
159	20255	0.0087	LG04	17092539
160	18637	0.054	LG05	21652083
161	11415	0.0188	LG12	25161775
162	13333	0.3562	LG17	2707127
163	1176	0.0413	LG01	13275503
164	12493	0.0549	LG11	21490717
165	15442	-0.0069	LG03	23446575
166	6970	0.1311	LG16	12280659
167	6971	0.2112	LG03	2817594
168	4251	-0.0052	LG10	16638251
169	8168	0.0044	LG12	5940810
170	18149	0.1106	LG18	22171134
171	5539	0.0309	LG18	15263037
172	5538	0.027	LG23	9616094
173	24742	5e-04	LG22	8820938
174	1285	-0.0076	LG20	6673367
175	12068	0.0375	LG19	9420848
176	1287	0.0937	LG03	7081654
177	11166	0.142	LG03	2817506
178	11162	-0.0026	LG03	25703336
179	514	0.003	LG20	1413400
180	8086	-3e-04	LG13	14527894
181	19785	0.1294	LG07	19665494
182	1572	-0.0052	LG13	17972384
183	1571	0.0048	LG13	12440085
184	7183	-0.0051	LG13	16489759
185	18328	-8e-04	LG01	4337363
186	8389	0.011	LG14	9808133
187	8388	-0.0033	LG14	12461609
188	12709	-0.0068	LG15	18555128
189	18075	-0.0051	LG15	6218214
190	10232	-0.0027	LG16	26051334
191	8019	0.0828	LG16	24992183
192	8018	0.0067	LG04	18659305
193	8547	0.0679	LG02	11866579
194	23617	4e-04	LG02	22626275
195	23615	-0.004	LG10	14722708
196	6576	-0.0056	LG20	11159306
197	7450	-0.0062	LG16	23321770
198	4381	0.026	LG07	30092491
199	5623	-0.0013	LG08	7239686
200	5622	0.0439	LG12	17015598
201	7458	-0.005	LG07	17761824
202	12065	0.0183	LG02	9912651
203	8493	0.0426	LG11	17108879
204	404	-1e-04	LG13	423107
205	7690	0.0195	LG14	11180651
206	2033	-0.0064	LG04	24372151
207	8499	0.2224	LG04	23394825
208	7698	-0.0076	LG14	27129721
209	3834	-0.0066	LG19	2026203
210	23475	0.1162	LG03	11682954
211	3832	-0.0057	LG14	17957361
212	3833	0.0025	LG12	7696087
213	18938	-0.0058	LG23	14589392
214	22476	0.0026	LG14	20170436
215	4031	-0.0058	LG13	1193395
216	4032	-0.0043	LG16	28482320
217	13724	-0.0041	LG08	21563933
218	1229	0.0491	LG20	13703518
219	10882	0.0021	LG05	11668653
220	4036	0.0629	LG21	15316907
221	11576	-0.0019	LG07	10877109
222	11574	0.0217	LG17	10579200
223	23279	0.0563	LG16	8142193
224	16375	0.1159	LG12	17446219
225	12218	-0.0035	LG16	27383916
226	11378	0.0017	LG02	7657629
227	15788	0.0333	LG12	25185115
228	10960	0.0412	LG13	24575456
229	19384	0.0406	LG22	2473590
230	20867	0.0918	LG06	15224176
231	379	-0.0013	LG09	18491323
232	19146	0.1169	LG16	13115937
233	15003	0.0135	LG12	8128215
234	373	0.0014	LG08	21935513
235	377	-0.0038	LG17	4388510
236	376	-0.0056	LG17	491060
237	14909	0.0261	LG18	19225818
238	13608	0.1494	LG22	4982979
239	16667	0.0193	LG09	19262015
240	19360	0.0044	LG09	21644883
241	14864	0.0084	LG14	12377418
242	392	0.0121	LG23	8351293
243	391	-0.0029	LG16	21523873
244	12711	0.0956	LG22	19701486
245	6147	-0.0037	LG03	2759270
246	6144	-0.0071	LG12	6428619
247	22011	0.0439	LG10	4306943
248	2309	0.0061	LG23	2794005
249	5668	-0.0079	LG12	23159905
250	4729	-0.0063	LG15	10706163
251	21470	0.0194	LG08	24761922
252	10978	0.0301	LG11	3709479
253	4727	-0.0063	LG06	489796
254	13610	0.0108	LG18	18734658
255	4720	-0.007	LG18	19645438
256	23082	0.0121	LG18	13862641
257	5845	0.0373	LG13	14709344
258	19304	-0.003	LG20	16370657
259	11282	0.0207	LG11	2541278
260	17625	0.0111	LG14	1955317
261	17624	0.0437	LG18	12170837
262	17629	0.0183	LG05	14114194
263	21118	0.1918	LG09	17644011
264	16482	-6e-04	LG13	9438752
265	2880	0.0771	LG20	8455705
266	16480	-0.0024	LG15	14087189
267	4620	0.058	LG10	7813485
268	244	0.0096	LG10	5851012
269	13533	0.0187	LG16	10109648
270	246	0.0065	LG02	17086725
271	240	0.0049	LG15	22676655
272	13537	0.0866	LG06	8949504
273	19964	-0.0052	LG11	5576643
274	23457	-0.0051	LG07	2323253
275	23685	0.0714	LG15	10818312
276	2279	0.0574	LG19	9742404
277	11759	0.356	LG08	18102613
278	24196	0.0043	LG11	3832245
279	11591	0.2318	LG12	9634261
280	25059	0.0782	LG07	12195992
281	20885	-0.0069	LG07	12288312
282	20732	0.0857	LG14	7233848
283	20735	5e-04	LG04	16801618
284	9538	0.0686	LG10	18851597
285	2455	0.0285	LG01	10925525
286	23427	0.0717	LG05	5411902
287	9247	-0.0065	LG18	1960035
288	9530	0.0368	LG02	486766
289	17282	0.0117	LG17	14093189
290	7855	-0.0061	LG01	13272763
291	174	0.0541	LG08	1312422
292	24976	-0.0055	LG05	20961741
293	17533	0.0066	LG04	9999171
294	23146	0.0681	LG10	23430455
295	4539	0.0637	LG23	192827
296	23159	0.0594	LG08	24547395
297	4824	-0.0013	LG15	19559265
298	21106	0.079	LG22	7620118
299	3694	0.0075	LG04	23536033
300	14166	-0.0067	LG15	21897538
301	6368	0.0407	LG18	599429
302	11627	0.0031	LG04	6571022
303	7988	0.0604	LG21	19601801
304	6360	0.0839	LG14	26156845
305	23014	0.001	LG11	26491712
306	10150	0.0406	LG22	3525998
307	10151	0.0407	LG18	11939298
308	9331	-0.0058	LG19	4094309
309	20085	0.0202	LG16	27127755
310	20083	-0.0064	LG23	19876950
311	20082	0.0025	LG22	10123107
312	20081	0.038	LG10	12658536
313	24833	0.0273	LG07	26668142
314	22800	0.0426	LG03	15388181
315	3524	-0.0056	LG14	24505243
316	21559	0.0388	LG21	9696329
317	20649	0.0113	LG15	22198330
318	3523	-0.0055	LG15	5955032
319	10396	0.0059	LG10	7240187
320	22806	-1e-04	LG09	12871481
321	10399	-0.0054	LG01	22235777
322	3228	0.0939	LG14	25824909
323	13544	0.033	LG12	12276684
324	13198	0.0142	LG07	11977671
325	16933	0.0639	LG18	8828592
326	16931	-0.0032	LG18	19293340
327	14897	0.0721	LG05	21210136
328	13192	0.0054	LG05	23756830
329	7214	0.022	LG10	7431430
330	13196	-0.007	LG17	9348149
331	7216	6e-04	LG23	11281788
332	14890	0.0187	LG02	3068799
333	10715	0.0013	LG14	13820701
334	10711	-0.006	LG20	6584996
335	12220	0.0444	LG06	23763699
336	10713	-0.007	LG04	30555991
337	2694	0.0195	LG21	8442668
338	12668	0.0665	LG12	20070737
339	15708	-0.0022	LG01	17762848
340	18594	0.0033	LG17	17024401
341	1602	0.2106	LG01	11804307
342	14655	-0.0051	LG02	8606584
343	14657	0.0236	LG05	6497396
344	23883	0.0045	LG13	23701508
345	14659	0.0423	LG05	2828095
346	16245	-0.0044	LG10	19765296
347	6816	0.0105	LG23	3208908
348	25444	0.2053	LG10	22997820
349	9755	0.0225	LG10	13377165
350	23334	0.0168	LG14	1850852
351	10576	-0.0068	LG21	8043328
352	10577	-4e-04	LG02	21140684
353	20465	0.0303	LG06	23946740
354	25446	-0.0062	LG03	2401735
355	17909	-0.0012	LG04	27400513
356	18934	0.0308	LG15	8332754
357	13066	0.0194	LG05	10679060
358	7327	0.0962	LG03	7200162
359	1968	0.0106	LG05	10680722
360	7322	-7e-04	LG03	14577642
361	1617	0.0209	LG01	3728784
362	3238	0.0094	LG23	14600916
363	5196	-0.0051	LG02	16247316
364	7328	0.2297	LG09	13296658
365	1961	0.0942	LG05	18759149
366	1962	-0.0052	LG05	20623937
367	1963	-0.008	LG11	17081118
368	8849	0.0135	LG05	22279915
369	21060	0.0748	LG22	16224007
370	23765	0.0214	LG06	21333521
371	8847	0.1076	LG14	1030467
372	15675	0.2184	LG01	8990063
373	12956	0.061	LG15	25165052
374	15677	0.0707	LG03	24849640
375	12952	0.141	LG04	15935786
376	18715	0.0186	LG13	10560993
377	11848	0.0679	LG09	11140996
378	20265	0.0446	LG09	12622101
379	3351	0.0574	LG19	15047198
380	17835	0.0117	LG07	9383414
381	7666	0.0201	LG06	23577967
382	20061	0.0023	LG15	19363735
383	20068	0.0747	LG09	23628908
384	18535	-0.0075	LG03	23373618
385	15373	0.0216	LG20	10902738
386	18628	0.0541	LG08	10815737
387	18629	0.0185	LG10	8019257
388	18821	0	LG12	11902614
389	6960	-0.0051	LG19	20652306
390	6962	-0.0059	LG19	17900522
391	15903	0.1147	LG03	7655613
392	15456	0.024	LG04	28674444
393	6969	0.0062	LG15	12665066
394	15459	-0.0059	LG18	14866493
395	4536	-0.0059	LG19	13287200
396	8152	0.0049	LG11	22005892
397	768	-0.0078	LG19	7893544
398	8150	-0.0064	LG19	9468457
399	769	0.0206	LG20	8455617
400	17726	1e-04	LG11	16223640
401	23721	-0.0062	LG22	12306044
402	11119	-0.0059	LG13	16168416
403	1547	0.0144	LG11	7746059
404	694	-0.0028	LG19	13093143
405	695	0.0917	LG02	16820235
406	23727	0.0082	LG18	6540727
407	11113	-0.0012	LG18	8305419
408	14472	-0.0051	LG04	30956502
409	14474	0.0218	LG07	17381364
410	11116	0.0473	LG13	23508205
411	541	0.0195	LG12	10886813
412	545	-0.002	LG08	10413548
413	7193	0.0181	LG15	22684695
414	21377	0.0439	LG02	5810716
415	13841	-0.0035	LG12	3161131
416	15313	0.0071	LG10	14212835
417	13845	0.0062	LG04	25562752
418	20895	-0.009	LG15	19993255
419	13846	-0.0031	LG05	14410779
420	23608	0.0303	LG23	2056660
421	12578	-0.0042	LG07	10968252
422	23432	0.019	LG19	16382989
423	17318	-0.0031	LG07	9159743
424	8026	-0.0052	LG21	5322559
425	8027	0.0219	LG05	11481749
426	8536	0.0405	LG11	11875912
427	12823	-0.0023	LG05	9109345
428	14505	0.0172	LG13	21021074
429	10215	-0.0058	LG07	11803415
430	11027	0.032	LG17	10674849
431	11761	0.1064	LG23	14775625
432	14502	0.0358	LG15	7810607
433	6565	0.0752	LG22	13653995
434	5610	0.1507	LG06	6965868
435	5617	0.0056	LG19	5461515
436	6563	0.0196	LG19	7243278
437	15053	0.0401	LG01	16100804
438	415	-0.005	LG09	6944185
439	410	0.0246	LG09	13926079
440	14268	-0.0034	LG18	5485921
441	419	-0.0046	LG17	10517407
442	7688	0.1018	LG21	17537300
443	3827	0.0013	LG16	18742865
444	3825	0.0225	LG18	8102874
445	3822	-0.0067	LG17	15671266
446	23467	0.0592	LG12	6428531
447	3828	-0.0079	LG02	23363691
448	8445	-0.0064	LG01	6120990
449	20215	0.0064	LG14	7929568
450	15239	0.0865	LG14	8514359
451	8183	-0.0051	LG18	2018315
452	11566	-0.0062	LG07	28941938
453	24586	-0.0026	LG16	30057493
454	23845	0.0076	LG04	17671956
455	20742	0.0928	LG16	11890175
456	4285	-0.0066	LG23	20615542
457	24779	0.2337	LG01	14182553
458	23753	0.0731	LG06	6601593
459	19564	0.0195	LG10	20345887
460	24910	-0.001	LG18	19098051
461	367	0.1232	LG13	13517959
462	364	0.1905	LG13	13518047
463	22242	0.0749	LG23	1656399
464	19174	0.0363	LG12	5655789
465	19351	0.0079	LG12	19338527
466	24751	0.0025	LG05	9794993
467	19608	3e-04	LG13	5343568
468	16654	0.0257	LG23	18467308
469	16121	0.1022	LG08	11993549
470	16650	0.0618	LG13	11699849
471	381	-0.0059	LG06	10890799
472	388	0.0479	LG14	9808221
473	12726	0.0416	LG11	1323218
474	12725	-0.0069	LG10	10819623
475	12723	-0.0046	LG16	25058738
476	12721	-0.0065	LG18	5416711
477	12720	0.0244	LG02	1753113
478	4759	0.0122	LG22	19809786
479	19286	0.0186	LG22	10702229
480	4754	0.0241	LG14	25213748
481	6771	0.3654	LG08	6712888
482	6773	0.051	LG18	13092359
483	9965	0.0343	LG01	22419167
484	9966	-0.0052	LG09	17673401
485	9967	0.0157	LG06	5507919
486	24600	-0.0093	LG03	16874492
487	11290	-0.0066	LG03	12068762
488	22330	-0.0067	LG02	1459777
489	23840	0.0426	LG04	25459757
490	16955	0.0486	LG01	4680553
491	25135	0.0364	LG01	3189475
492	17631	5e-04	LG07	17895354
493	25130	0.0123	LG14	16964736
494	17635	0.0843	LG19	14330666
495	19821	0.0036	LG21	15631628
496	3750	-0.0085	LG03	18130551
497	3753	-0.0026	LG10	9860946
498	21289	-0.0073	LG18	20707834
499	3756	-0.0038	LG11	22468503
500	13523	0.026	LG23	22378811
501	13521	0.0101	LG18	3780258
502	4637	0.1118	LG07	15411923
503	2196	0.1029	LG02	13700077
504	16231	0.062	LG23	9724724
505	253	-0.0066	LG01	13663746
506	256	0.0386	LG08	13184454
507	23650	0.1603	LG06	17098228
508	2204	0.0053	LG14	7233760
509	11749	-6e-04	LG14	22298004
510	25649	-0.0066	LG14	17836411
511	15471	0.0526	LG09	6468150
512	19735	0.3384	LG16	15806212
513	19598	0.1119	LG02	20048778
514	11580	0.0139	LG20	23814200
515	6687	0.0359	LG01	19131955
516	20890	0.0211	LG09	7053543
517	2429	0.0174	LG14	26890038
518	19088	0.1051	LG10	21485544
519	20726	0.0987	LG09	4436715
520	18222	0.1492	LG20	58339
521	6270	-0.0071	LG14	23746030
522	9502	0.0566	LG06	5572616
523	9506	0.0019	LG14	25014414
524	2425	0.0426	LG14	8286219
525	25554	0.0482	LG22	544732
526	16833	0.0171	LG01	25695043
527	169	0.0186	LG03	15330761
528	16343	0.0365	LG12	4298091
529	164	0.116	LG04	20273388
530	13291	-0.0029	LG03	19837311
531	7847	0.1353	LG18	18341285
532	167	0.0403	LG12	26759763
533	160	-0.001	LG22	2265503
534	13295	-0.0067	LG10	5590510
535	16839	-0.0054	LG06	21459832
536	13297	-8e-04	LG16	24748163
537	12107	-0.0071	LG11	599330
538	6357	0.1618	LG07	25230566
539	19094	0.0166	LG02	6619151
540	6353	0.0395	LG14	3355942
541	13458	-0.0077	LG12	7732046
542	3683	0.0628	LG09	4680682
543	4832	0.0095	LG03	525362
544	4522	0.0059	LG13	19927564
545	4837	-0.0079	LG11	18564220
546	4836	-0.0069	LG02	14934973
547	6195	-0.0068	LG02	6622660
548	24371	0.1088	LG05	22689648
549	11638	-0.0046	LG09	24432292
550	9434	-0.0039	LG07	10877021
551	23429	-9e-04	LG22	1779035
552	2735	0.026	LG07	13236326
553	16812	0.0439	LG20	7395212
554	9610	0.0071	LG22	14641840
555	2733	0.0907	LG02	20586675
556	11488	-0.0048	LG07	27215381
557	17070	0.0431	LG19	11077729
558	22131	0.0696	LG02	19717408
559	10160	0.0337	LG20	15783678
560	21204	0.0857	LG10	8516939
561	9187	0.0037	LG15	12299422
562	9184	-0.006	LG22	2675465
563	13180	0.3512	LG13	14958633
564	22295	0.2271	LG16	4288722
565	10366	0.0396	LG01	7718267
566	13188	0.0685	LG14	4639051
567	23426	0.0676	LG23	12507419
568	5052	-0.005	LG13	5592907
569	25638	0.033	LG11	9896436
570	25641	4e-04	LG05	10857600
571	14889	0.0086	LG13	19821728
572	1817	-0.0035	LG17	7587295
573	16904	0.048	LG07	241251
574	7203	0.0187	LG14	11703918
575	7206	0.0626	LG22	16046449
576	7205	0.1624	LG22	14969164
577	10761	0.0101	LG18	17229667
578	10760	0.0436	LG18	19613888
579	6220	0.1569	LG01	15305774
580	6225	7e-04	LG01	17343059
581	6229	0.0689	LG08	18383781
582	1157	-0.0056	LG11	26193891
583	14640	0.1201	LG07	13545769
584	20381	-0.0029	LG05	14027035
585	1098	-0.0011	LG08	13960352
586	15841	0.0773	LG22	4037240
587	11611	0.0287	LG22	18943071
588	23891	0.0158	LG20	2777879
589	14869	0.0183	LG13	19009416
590	9766	-0.0017	LG21	18252963
591	12120	-0.0073	LG17	11202738
592	10501	0.069	LG21	13147913
593	20473	0.0094	LG15	24761398
594	24370	-0.0046	LG03	10352186
595	7335	0.0387	LG19	13457677
596	7333	0.0023	LG19	12679218
597	1978	0.1124	LG11	18595849
598	1975	-0.0029	LG14	5051097
599	3223	0.06	LG01	21052003
600	1970	0.091	LG14	5451290
601	13275	0.0601	LG01	23209262
602	18434	-6e-04	LG12	23397580
603	23792	0.0128	LG13	18856816
604	803	0.0191	LG02	6015120
605	18438	0.0589	LG03	15357577
606	20374	0.0096	LG22	19950182
607	805	0.0138	LG21	9856598
608	13279	-0.0051	LG09	9396740
609	12921	0.0646	LG15	8126093
610	18099	0.068	LG01	18634387
611	15607	0.0096	LG10	4566193
612	18760	-0.0037	LG20	19627592
613	2844	0.0145	LG16	5617631
614	18762	0.0253	LG11	9890924
615	18586	-0.0045	LG13	20555449
616	18094	-0.0058	LG18	13222722
617	10210	0.0462	LG07	8879525
618	24400	0.0073	LG18	6018216
619	3328	0.0197	LG17	16950833
620	14517	0.003	LG14	6015956
621	14266	0.0423	LG14	23110841
622	14260	0.1475	LG09	16137299
623	10218	-0.0034	LG14	18095079
624	20525	-0.0069	LG16	8921702
625	7058	0.0375	LG08	559820
626	1770	0.0169	LG19	9781979
627	1773	-0.0068	LG01	4343021
628	9896	-0.0067	LG12	26878070
629	20078	0.051	LG16	14766717
630	18015	0.0247	LG12	6667315
631	15112	0.0124	LG08	8912517
632	8149	0.0671	LG23	18211048
633	1159	-0.0211	LG14	22877258
634	20239	0.1461	LG20	19669429
635	15934	0.0091	LG07	11782849
636	6995	0.0439	LG04	11127341
637	16563	0.0188	LG22	138954
638	6993	0.0989	LG03	23801182
639	24543	0.0162	LG13	13571484
640	18366	0.0118	LG10	18594290
641	15114	0.0179	LG11	11123840
642	5516	0.0438	LG22	5381422
643	2998	0.01	LG18	7457147
644	23544	0.0188	LG03	17774929
645	1555	0.0423	LG07	13431477
646	3039	0.0401	LG11	22402420
647	17990	-0.0013	LG10	13900150
648	2990	0.0371	LG01	17231504
649	54	0.0407	LG20	10911887
650	14466	6e-04	LG22	7681962
651	2995	0.0341	LG03	20582299
652	53	0.0252	LG11	26240806
653	2997	0.0819	LG16	15198287
654	8703	0.0176	LG05	3371670
655	534	-0.0053	LG05	20110056
656	15595	0.0029	LG13	1320012
657	8704	-0.0063	LG02	22597571
658	15598	0.023	LG19	16515016
659	17040	-0.0051	LG02	21265012
660	13856	0.0042	LG19	8072076
661	13857	0.0154	LG19	3501506
662	8033	0.0028	LG10	10895467
663	24267	0.0585	LG13	15858481
664	10029	0.0437	LG13	1297680
665	3031	-0.0013	LG09	20025730
666	5600	0.0393	LG05	20613309
667	24082	0.0185	LG03	20155853
668	12851	0.0214	LG12	24393793
669	9992	-0.0076	LG04	14860399
670	8527	0.014	LG15	7756968
671	8526	0.0207	LG11	2619748
672	8525	0.1517	LG10	16367116
673	9996	-0.0082	LG01	26278925
674	6519	-0.0068	LG04	18598746
675	14510	0.0011	LG15	17519019
676	10022	-0.0052	LG04	30922281
677	15024	0.0031	LG08	7070777
678	15168	-0.0042	LG16	24796159
679	1393	0.0338	LG01	9598261
680	1392	0.0455	LG04	31306420
681	23643	0.0724	LG02	2178449
682	21686	0.0505	LG09	13925989
683	22657	0.2981	LG16	21317227
684	3814	0.0523	LG23	16003346
685	22653	-0.0051	LG19	7855618
686	17497	0.1923	LG18	9760266
687	23493	-0.0052	LG17	16135309
688	19554	0.1208	LG16	415421
689	23252	-0.0064	LG21	16931771
690	8450	5e-04	LG02	2934383
691	23705	-0.0041	LG04	30578350
692	22386	0.0292	LG23	1332557
693	21613	0.007	LG03	7275254
694	22978	-0.0012	LG01	11703390
695	17141	0.005	LG07	16146679
696	6426	0.0885	LG17	8751324
697	15332	-0.0032	LG06	11688414
698	18858	0.0914	LG15	11572233
699	13980	0.0024	LG18	153850
700	6429	-0.0069	LG03	23213450
701	13982	0.0183	LG19	11889636
702	11354	-0.0066	LG14	18914944
703	24384	0.0091	LG08	13756394
704	19020	0.0172	LG07	27371063
705	19685	0.0012	LG07	28686518
706	7545	0.0477	LG01	9399694
707	16134	0.0298	LG08	8305901
708	19340	-0.0068	LG01	25547121
709	13850	0.0538	LG03	5549748
710	19342	0.0024	LG08	3742817
711	12738	0.1808	LG15	4776604
712	19023	0.1022	LG10	17098983
713	10227	-3e-04	LG02	21921775
714	6768	0.0024	LG03	22113564
715	13670	3e-04	LG01	1022687
716	4740	0.0902	LG12	4809150
717	4747	0.0189	LG03	27467753
718	23817	-0.0071	LG06	22482622
719	4744	-0.0023	LG19	11917050
720	19761	0.0662	LG04	19319412
721	9970	0.0631	LG20	21800201
722	19768	0.0101	LG23	13992374
723	16009	0.0174	LG09	17406696
724	24117	0.0195	LG09	13296746
725	9979	0.0234	LG12	20945653
726	25630	0.0033	LG06	4486576
727	14405	0.0083	LG16	11024455
728	25416	0.0854	LG11	16875369
729	25143	0.0347	LG02	14101530
730	17606	-0.0063	LG02	4524449
731	17357	0.0433	LG04	18182664
732	17351	-0.0057	LG10	2645492
733	17600	0.0036	LG22	13696297
734	12025	0.0025	LG15	25246517
735	12768	0.1167	LG04	15333523
736	228	0.0635	LG17	14007228
737	227	-0.007	LG08	13650675
738	22597	0.0308	LG13	1481646
739	19900	0.0861	LG01	21474610
740	13063	0.0548	LG03	21034670
741	12028	0.0476	LG13	1250680
742	16227	0.0196	LG13	17695584
743	221	0.0412	LG04	1318919
744	23094	-8e-04	LG11	4350264
745	23927	-0.007	LG11	11392893
746	23920	-0.0013	LG20	4206449
747	23922	0.02	LG22	8131824
748	23929	0.1075	LG15	11597683
749	21789	0.0022	LG11	11847676
750	6693	0.0014	LG13	22157376
751	19587	0.0249	LG08	8178687
752	6697	0.0097	LG07	16303464
753	9855	0.0699	LG20	8445572
754	21624	-0.0073	LG04	8536219
755	21625	-0.0031	LG04	29329140
756	20719	-0.0075	LG16	24193447
757	20715	-0.004	LG03	16306928
758	20714	0.0121	LG14	23463317
759	16354	0.0068	LG15	9284234
760	16352	-0.0066	LG16	26257743
761	19830	4e-04	LG11	18942693
762	8135	-0.0071	LG11	22730482
763	15462	-1e-04	LG09	11582028
764	7833	-0.006	LG13	8128067
765	23991	0.1086	LG23	17085654
766	21419	-0.0077	LG04	15849042
767	25091	-0.0062	LG14	3830858
768	6342	-0.0053	LG06	8779893
769	12116	0.0334	LG05	5496922
770	8130	-0.0021	LG13	13481551
771	13461	-0.007	LG09	20559077
772	14269	0.0437	LG22	8484813
773	4514	0.0846	LG07	27682138
774	6187	1e-04	LG18	4274680
775	6182	0.0049	LG04	17601862
776	9421	0.0156	LG01	24972595
777	2506	0.0288	LG08	11296393
778	12584	0.2685	LG10	8871767
779	11646	0.1321	LG16	3719647
780	5288	0.0046	LG16	27216949
781	9350	0.0292	LG01	3570289
782	9355	0.0187	LG20	22453977
783	9354	0.0501	LG15	23136934
784	5281	0.0649	LG11	7506208
785	15713	0.0052	LG02	5557301
786	9359	0.1451	LG10	1083496
787	10821	0.0179	LG14	25883171
788	5287	-0.0048	LG12	20595615
789	9191	0.0011	LG11	18886155
790	9190	0.012	LG17	6640394
791	21244	0.3198	LG03	18402039
792	9192	-0.0061	LG21	16443926
793	7940	0.1321	LG11	4935309
794	7942	0.0861	LG11	11237956
795	10374	0.0077	LG02	22089412
796	22824	0.0437	LG08	24757841
797	5042	-0.0019	LG11	25334679
798	20664	0.0439	LG14	22972927
799	3780	-0.0036	LG22	2810555
800	14006	0.0292	LG16	24742755
801	8997	-0.0065	LG08	20043558
802	6956	0.1663	LG04	29887394
803	20500	-0.0013	LG18	6322989
804	6248	-0.0025	LG19	16037056
805	10567	0.1021	LG05	2974965
806	12206	0.0081	LG15	17049341
807	6230	-0.0075	LG18	7614232
808	4998	0.0044	LG04	29833176
809	14852	0.0163	LG16	23792477
810	20444	0.0042	LG19	17407510
811	18889	-0.0064	LG08	18146524
812	20609	0.0341	LG14	8091522
813	15639	0.0017	LG20	20518802
814	18887	-0.0015	LG02	22522394
815	15052	-8e-04	LG11	26568958
816	20449	0.0138	LG05	21122347
817	20689	0.097	LG18	15486047
818	9776	-0.007	LG04	1846805
819	9770	0.0524	LG14	1996083
820	10514	-0.0068	LG23	21207956
821	21863	0.3265	LG23	14840096
822	3258	0.0187	LG11	2454027
823	7301	0.0386	LG13	17075597
824	9284	0.0251	LG08	17713996
825	24178	0.0204	LG01	7923832
826	24167	0.1023	LG14	2490084
827	13081	0.007	LG05	12942571
828	13083	0.03	LG16	8943019
829	13082	0.0631	LG15	18002680
830	13241	0.0716	LG08	18014083
831	11912	0.0211	LG11	25064455
832	17252	0.0156	LG05	3682253
833	13249	0.0677	LG02	5557389
834	813	0.0236	LG06	12873880
835	815	0.0101	LG14	7114942
836	12937	-0.0067	LG22	19236552
837	2851	-0.0053	LG08	21068744
838	2850	0.0194	LG15	24809063
839	18770	0.0447	LG20	17297175
840	1490	-0.007	LG07	23424347
841	10207	-0.002	LG12	19645674
842	3331	0.0274	LG16	17157144
843	7046	-0.0025	LG08	6188289
844	5465	0.0194	LG06	22757568
845	5464	0.0044	LG11	22086835
846	5469	0.0682	LG05	21906804
847	1499	-0.0069	LG04	25352161
848	3339	0.0852	LG13	20637133
849	3338	-0.0085	LG16	12671455
850	21539	-0.0053	LG08	10823636
851	5264	-0.0063	LG15	14481775
852	10191	0.0035	LG02	5034803
853	425	-0.0067	LG20	5151213
854	10199	0.0012	LG19	20452984
855	18398	2e-04	LG22	1046541
856	15855	-1e-04	LG11	13815890
857	15850	0.0191	LG15	8529809
858	1258	0.0187	LG07	27182155
859	4575	-0.003	LG13	16159529
860	19199	-0.0034	LG09	7053631
861	6989	0.0967	LG22	16484663
862	6988	0.0679	LG21	6125777
863	8603	0.0034	LG09	18435106
864	1122	-0.0065	LG04	16838600
865	8601	0.0164	LG15	10911179
866	6983	0.0898	LG22	10201369
867	11133	-0.0051	LG15	24264749
868	11132	0.0113	LG08	8582009
869	15109	0.0994	LG02	16919317
870	15104	0.0144	LG13	20808605
871	14329	-9e-04	LG01	5404659
872	24993	-0.0057	LG08	17575533
873	14459	0.0178	LG03	28067721
874	20859	0.039	LG20	12055040
875	17985	0.0099	LG02	19239438
876	3023	0.0496	LG20	23059969
877	14698	0.1192	LG22	405760
878	2985	0.0097	LG23	17166837
879	24372	-0.0023	LG01	17254201
880	525	-0.003	LG22	19123984
881	522	0.0024	LG12	18820544
882	23494	7e-04	LG18	19645350
883	15588	0.061	LG05	5118449
884	18089	0.0152	LG15	18910824
885	9299	5e-04	LG06	683028
886	8514	0.0033	LG21	5112341
887	8045	-0.0062	LG02	18447659
888	8046	0.0184	LG14	21864304
889	8048	-0.0022	LG05	10285673
890	4192	0.0215	LG16	23885047
891	4191	-0.0068	LG06	20741073
892	18923	0.0758	LG10	2954019
893	5679	-0.007	LG15	19847386
894	21317	0.0244	LG19	18962587
895	8289	0.1031	LG22	20459822
896	11003	0.0276	LG14	1334127
897	14522	0.077	LG06	22869084
898	15039	-0.0066	LG21	7743800
899	14526	0.056	LG10	16803171
900	6500	0.0032	LG18	2040940
901	24288	-0.0063	LG03	788105
902	23060	-0.0041	LG22	4424955
903	18925	-0.0051	LG05	11763208
904	15217	-0.0058	LG01	6363572
905	24284	-0.0052	LG16	10938452
906	24287	-0.0058	LG07	18609422
907	22621	-0.0075	LG19	11606651
908	14122	0.0058	LG13	14951265
909	18702	-0.0064	LG08	21564021
910	21829	0.0031	LG07	19738440
911	23487	0.0992	LG14	9953277
912	23482	0.0513	LG16	29902337
913	17121	0.1307	LG01	24067024
914	8461	-2e-04	LG14	12165644
915	23248	-0.0078	LG07	1151010
916	22737	0.0268	LG05	18809175
917	23717	0.133	LG01	17410032
918	8192	0.0404	LG11	10551327
919	15327	0.0239	LG14	12142906
920	8190	-0.0071	LG11	28080960
921	8196	0.0808	LG11	5950474
922	6431	0.0819	LG03	8422729
923	12449	0.0416	LG22	2223781
924	7559	0.0097	LG15	1919932
925	23395	0.0564	LG08	14187546
926	20056	0.0033	LG13	15343655
927	25516	0.0065	LG03	3136901
928	4777	0.0318	LG04	25625757
929	21313	-0.0059	LG11	852857
930	17087	-0.0043	LG11	11366771
931	13641	0.0614	LG20	22149764
932	22284	-0.0064	LG20	406647
933	22530	0.0125	LG18	6141261
934	4174	0.0186	LG22	9047081
935	17944	0.0521	LG05	9577848
936	4176	-0.0068	LG18	20408482
937	4171	-0.0034	LG10	17543844
938	4172	1e-04	LG20	5165816
939	3062	-0.0051	LG13	4642806
940	14839	0.1234	LG14	8562765
941	9940	-2e-04	LG08	22367438
942	9941	0.0434	LG23	18507418
943	15235	-0.0034	LG16	23745057
944	16037	-0.0051	LG22	4808953
945	16036	0.002	LG01	15698538
946	5813	-0.0059	LG22	20191001
947	16033	0.0279	LG01	22274751
948	16032	0.3267	LG08	6862619
949	18662	0.013	LG15	12265718
950	19937	0.0569	LG05	18997330
951	17619	-0.0078	LG19	3547506
952	16215	0.0458	LG14	9813679
953	16742	-0.0029	LG01	1741024
954	16211	0.2254	LG19	18910262
955	10342	8e-04	LG16	23334848
956	16748	0.032	LG23	13575352
957	17342	-0.0075	LG01	13165795
958	12055	-0.0072	LG13	7298389
959	12054	-0.0053	LG17	4393620
960	14492	9e-04	LG14	21336299
961	9274	0.003	LG20	17339015
962	236	0.0751	LG19	13680590
963	13505	0.0439	LG18	7040279
964	9275	0.0277	LG22	20046047
965	12693	0.0035	LG20	8995759
966	2227	0.0256	LG02	1753025
967	2225	0.1279	LG11	14495794
968	5924	-0.0028	LG03	2481805
969	5925	-0.0036	LG01	15884506
970	10836	-0.0019	LG20	17324031
971	5928	0.0109	LG10	1369959
972	10838	-0.0016	LG05	17222349
973	21874	0.0579	LG07	15564103
974	21653	-0.0076	LG13	14590679
975	20163	-0.0081	LG07	24305226
976	142	-0.0065	LG16	348177
977	2468	0.0165	LG11	6043896
978	19241	-0.0078	LG19	10009059
979	148	-0.008	LG14	23216958
980	21097	0.0134	LG20	11746796
981	7823	-0.0067	LG01	17686137
982	4508	5e-04	LG18	14305873
983	23412	-0.0063	LG15	8051383
984	16695	-0.0082	LG05	17929251
985	22923	0.0886	LG23	22909679
986	2082	-0.0051	LG17	8854605
987	19310	-2e-04	LG09	23544030
988	16698	2e-04	LG08	10896352
989	5450	0.1343	LG08	15826307
990	2539	0.0057	LG15	25129974
991	5451	0.0165	LG09	17652516
992	11651	0.0203	LG16	24628805
993	17760	0.0041	LG10	18095577
994	20670	0.0046	LG19	16492281
995	20672	0.0203	LG15	21374181
996	9369	0.0177	LG06	7049845
997	2718	0.1916	LG22	16526905
998	9363	0.0132	LG12	10454862
999	7957	0.0268	LG13	14587252
1000	10698	0.1775	LG12	12379590
1001	5079	0.0418	LG03	3440963
1002	7953	0.014	LG14	27471012
1003	7952	-0.0055	LG14	26291480
1004	7227	-0.0075	LG16	2099638
1005	9165	-0.0075	LG13	8397560
1006	9166	0.0178	LG13	16972178
1007	5071	0.04	LG05	2633866
1008	5077	0.017	LG06	12954935
1009	9162	-1e-04	LG16	13623596
1010	17406	0.0086	LG12	8874489
1011	3799	0.0207	LG03	11143943
1012	3798	0.0571	LG07	23461249
1013	3794	-0.0061	LG01	17891914
1014	3797	0.0423	LG21	5722754
1015	3791	0.1143	LG02	16926107
1016	16966	-0.0066	LG15	25007035
1017	2154	0.0547	LG04	24968352
1018	19616	0.006	LG02	3134816
1019	2153	0.0165	LG11	20773096
1020	4989	0.04	LG14	12252629
1021	23999	0.0281	LG04	26670688
1022	6244	-0.0076	LG15	7405534
1023	10742	-0.0048	LG15	16381554
1024	20452	8e-04	LG02	11371678
1025	24665	-0.0014	LG06	14270724
1026	18566	0.0951	LG01	21078734
1027	10529	0.0141	LG20	6701710
1028	14667	0.0186	LG07	9537995
1029	1957	0.0122	LG03	20523113
1030	22839	0.0215	LG15	17946990
1031	14064	0.1285	LG05	5914975
1032	9704	0.0785	LG03	24677592
1033	9705	0.0857	LG22	16598331
1034	8873	0.0186	LG20	13387010
1035	3248	0.0776	LG10	20021617
1036	12852	0.2334	LG12	4520038
1037	7315	0.0811	LG21	11456566
1038	7314	0.0885	LG09	13953137
1039	14999	0.0151	LG07	11429270
1040	7313	-0.0092	LG07	28218174
1041	3244	0.1088	LG08	6495561
1042	11902	0.18	LG07	22046260
1043	22373	0.0348	LG01	23816773
1044	11905	0.118	LG03	970105
1045	825	-0.0019	LG04	33313977
1046	23402	0.0866	LG07	30073509
1047	18415	-0.0022	LG03	27141255
1048	12309	0.0023	LG19	19586926
1049	820	0.0442	LG08	6783271
1050	13253	0.1088	LG23	7729126
1051	12636	0.0224	LG17	15217183
1052	12380	0.0462	LG07	21047525
1053	3307	0.0026	LG07	26173439
1054	3304	0.1613	LG12	21990246
1055	3303	-0.0049	LG21	6035264
1056	15910	0.0232	LG04	17189095
1057	1713	0.0126	LG01	9493971
1058	1712	0.0063	LG14	28035100
1059	1711	0.0069	LG18	6879063
1060	9387	-0.005	LG09	23454920
1061	792	0.0098	LG22	13579970
1062	12889	-0.0057	LG11	6356698
1063	21509	0.014	LG11	8929232
1064	12886	0.0491	LG23	8197999
1065	18108	0.0407	LG22	4261822
1066	15829	0.0544	LG11	24629151
1067	17084	0.016	LG05	348214
1068	1138	0.0056	LG04	14058546
1069	12145	-0.0065	LG02	22837555
1070	23503	0.0763	LG13	9971401
1071	15954	0.0996	LG11	5805730
1072	617	5e-04	LG09	11297440
1073	15139	-0.0073	LG05	21923875
1074	23795	-0.0078	LG04	22412121
1075	9864	0.0153	LG03	22541811
1076	7789	0.0914	LG21	5373123
1077	11129	0.1148	LG16	15293227
1078	24664	-0.0055	LG22	3891485
1079	7781	-0.0074	LG10	4151887
1080	3019	0.0409	LG20	9261701
1081	10999	8e-04	LG07	14769705
1082	3016	-0.0069	LG02	10295723
1083	13712	0.0074	LG22	8763501
1084	7142	-0.0057	LG04	20628733
1085	3015	0.0177	LG10	15163654
1086	21120	0.1413	LG09	6147938
1087	18743	0.0348	LG06	7692783
1088	18741	0.0453	LG19	8595624
1089	512	-0.0052	LG18	9558850
1090	1002	0.1744	LG14	22855271
1091	8727	0.1112	LG15	1282872
1092	12877	-0.0061	LG01	22265414
1093	4188	0.0309	LG11	12127935
1094	10995	-0.0072	LG10	5381301
1095	8057	0.1474	LG06	22944848
1096	8056	0.0817	LG22	15240992
1097	8055	0.1241	LG12	3340389
1098	23124	0.131	LG23	19544808
1099	4185	0.0182	LG14	15778586
1100	1228	0.0033	LG13	20016866
1101	5662	-0.0015	LG23	10116938
1102	6534	0.0464	LG07	21020158
1103	8295	0.2906	LG13	24899963
1104	6533	0.0064	LG17	9465918
1105	13620	-0.0064	LG23	11685815
1106	4344	0.0055	LG11	9920661
1107	15009	-8e-04	LG10	15663397
1108	18478	0.0114	LG12	11760945
1109	19641	0.0303	LG11	22415326
1110	15567	0.0079	LG09	25085449
1111	11018	0.3525	LG09	1255390
1112	11019	0.061	LG11	17081030
1113	22830	-0.0037	LG19	3310600
1114	14537	0.0895	LG08	8319432
1115	24292	0.0084	LG21	5281194
1116	23018	0.253	LG13	1498281
1117	17885	0.0017	LG08	23012265
1118	3879	0.0079	LG03	1306194
1119	18476	0.0197	LG21	11674406
1120	22001	0.005	LG20	13259719
1121	22637	-0.0053	LG11	24477451
1122	22286	0.0643	LG16	10185157
1123	14764	0.0022	LG20	20813925
1124	16005	0.002	LG13	19499378
1125	3875	0.0437	LG04	34503689
1126	23728	-0.0045	LG13	16358386
1127	11337	0.001	LG17	15326186
1128	11336	-0.0054	LG23	17114644
1129	23723	-0.0012	LG14	2993108
1130	23233	0.0188	LG05	18045368
1131	8471	-0.0037	LG21	4831712
1132	11	-0.0034	LG10	22879220
1133	6403	0.006	LG16	8943107
1134	15311	-0.0076	LG09	14890489
1135	7565	0.0755	LG12	19921439
1136	15316	0.0023	LG14	14880637
1137	16	0.0041	LG21	7743712
1138	19	0.0187	LG21	4032093
1139	6408	-0.0062	LG19	14198859
1140	6409	3e-04	LG01	4436885
1141	5711	0.1107	LG14	3978548
1142	21403	-0.0053	LG14	6790576
1143	7763	-0.0051	LG07	7478136
1144	17702	0.0263	LG09	13518924
1145	7768	0.0052	LG13	25049770
1146	7769	0.1725	LG11	5638643
1147	15207	-0.0082	LG18	19412597
1148	3900	7e-04	LG20	4903898
1149	3902	-0.0079	LG21	11188757
1150	19324	0.0434	LG13	1620554
1151	4761	0.0262	LG05	10222929
1152	4760	-0.0056	LG14	27989426
1153	13652	0.0671	LG07	7326289
1154	23346	0.0256	LG06	17719747
1155	13656	-0.0081	LG23	6939776
1156	4766	0.1145	LG20	21148698
1157	22526	0.0083	LG08	24326107
1158	11486	0.0419	LG15	10839727
1159	11483	-0.0054	LG05	16568600
1160	11482	0.1128	LG11	20660135
1161	23838	0.045	LG02	11039942
1162	13895	0.0404	LG11	9770660
1163	25063	-0.0068	LG13	18266311
1164	23029	-0.0065	LG03	26493285
1165	21277	0.1296	LG02	18598638
1166	21583	0.0102	LG01	21139714
1167	19039	-0.0053	LG21	18411991
1168	19740	-0.0045	LG04	32561118
1169	19037	-0.007	LG11	9019282
1170	19035	0.0147	LG11	23667786
1171	5807	0.039	LG11	1821055
1172	17718	0.0247	LG05	21496059
1173	5804	0.0066	LG03	27076011
1174	16752	0.0188	LG13	7127580
1175	200	0.0344	LG08	1227839
1176	15623	0.0015	LG14	27104520
1177	19255	0.001	LG03	19837223
1178	16205	0.0182	LG08	23333714
1179	206	-0.0053	LG03	19138705
1180	16209	0.0292	LG01	6164035
1181	25164	0.0357	LG03	21493309
1182	25162	0.0625	LG22	10693061
1183	25161	0.0186	LG19	8010194
1184	17350	0.0906	LG21	5322647
1185	25368	0.0112	LG06	15060175
1186	16599	0.0092	LG15	16275261
1187	12049	-0.0047	LG21	21822616
1188	24987	0.266	LG11	28332759
1189	23903	-0.0054	LG15	9410969
1190	17490	0.0508	LG14	27420218
1191	12686	0.0111	LG12	9689646
1192	22166	-0.0083	LG07	14854682
1193	23908	0.0035	LG07	21130324
1194	2234	-0.0032	LG08	18949206
1195	24646	-0.0041	LG20	16366408
1196	18879	0.0394	LG11	2695805
1197	19630	0.0209	LG19	80778
1198	10823	-0.0068	LG06	3377386
1199	10820	0.0075	LG23	22823800
1200	10828	0.0591	LG11	16821051
1201	16186	0.036	LG08	4941063
1202	19965	-0.0019	LG15	14387770
1203	21647	0.0119	LG18	8914446
1204	3499	0.0325	LG23	1731017
1205	17578	0.0654	LG21	19954312
1206	4609	0.0167	LG08	24762010
1207	7818	0.0201	LG09	15474554
1208	4570	-0.0019	LG21	5426321
1209	4572	0.0026	LG06	24057453
1210	21084	0.0521	LG22	7012706
1211	3659	-0.0078	LG16	23334936
1212	18733	0.0432	LG20	6483720
1213	13406	0.0238	LG16	30901281
1214	24985	0.01	LG02	23924006
1215	22851	-0.0065	LG11	21940307
1216	16370	-0.0066	LG05	7643714
1217	3651	0.1271	LG09	1872590
1218	17825	-0.0029	LG01	6887258
1219	19441	-0.0031	LG03	5484346
1220	13514	0.0423	LG13	3195046
1221	11663	-7e-04	LG06	6786952
1222	2520	0.0157	LG07	12362085
1223	2522	0.0432	LG06	8028686
1224	13384	0.0331	LG14	445467
1225	20399	0.0143	LG16	24136086
1226	16683	0.0119	LG02	5502143
1227	21748	-0.0034	LG20	20065316
1228	24966	-0.0102	LG06	2752792
1229	19904	-0.0024	LG07	18504536
1230	11462	-0.0057	LG17	7614145
1231	9277	0.0031	LG01	23131469
1232	220	0.0083	LG04	13609089
1233	11469	-0.0051	LG22	4116742
1234	22858	0.0187	LG18	12393921
1235	2709	0.0639	LG19	18872684
1236	5060	0.0021	LG08	9590391
1237	2705	0.0151	LG10	22879308
1238	23272	-0.0051	LG18	1075384
1239	4885	0.1603	LG17	11306859
1240	4887	-0.0051	LG06	22208449
1241	7962	-1e-04	LG04	22010636
1242	25214	-0.005	LG12	3235323
1243	25065	0.0199	LG19	9758371
1244	9174	0.0796	LG05	21240325
1245	10685	-0.0032	LG03	11289964
1246	25187	0.052	LG18	16918929
1247	13318	0.0503	LG13	3584634
1248	13314	0.002	LG15	18692986
1249	13316	0.0215	LG15	11097840
1250	1821	0.0282	LG08	14640764
1251	4402	5e-04	LG14	17552012
1252	9576	0.0675	LG09	10727534
1253	2417	0.2681	LG20	14555094
1254	9579	0.0311	LG15	7844392
1255	925	-0.0051	LG07	16246230
1256	2149	0.0186	LG16	13928206
1257	2148	0.1467	LG03	24816799
1258	10530	0.0111	LG20	5796135
1259	18619	-0.0083	LG07	18183680
1260	14236	-0.0029	LG20	21758312
1261	10539	0.0848	LG15	4351655
1262	5398	0.0058	LG18	8286073
1263	5748	0.0081	LG02	558992
1264	14234	0.0672	LG01	5909093
1265	20117	-0.0016	LG09	24359231
1266	9717	-0.0042	LG14	5541915
1267	13937	-0.0042	LG01	5901020
1268	9714	0.0272	LG04	15238228
1269	832	-0.0069	LG15	8433971
1270	18979	-0.0054	LG05	11124903
1271	22992	0.0256	LG23	1481588
1272	3473	0.0082	LG01	17544233
1273	8885	0.0187	LG14	23077035
1274	18975	0.0116	LG05	2579067
1275	7367	-6e-04	LG17	16378214
1276	3	0.0063	LG21	18027708
1277	13221	0.0214	LG16	670370
1278	18401	0.0016	LG09	10862292
1279	18404	0.0703	LG15	31666
1280	19994	0.0145	LG16	27979524
1281	18994	0.0683	LG03	27850690
1282	7074	0.1416	LG04	1318831
1283	18990	-0.0063	LG16	26741031
1284	21335	-0.0019	LG11	2991166
1285	12479	-0.0012	LG20	11076403
1286	7027	-0.0023	LG13	20020878
1287	9002	0.14	LG19	19069826
1288	10226	0.0815	LG21	6811994
1289	3312	0.0143	LG03	13069918
1290	5482	-6e-04	LG01	9010262
1291	9008	0.0131	LG20	15722835
1292	780	0.009	LG12	4213605
1293	1729	0.012	LG18	16054673
1294	20021	0.0083	LG06	12932691
1295	20023	0.0185	LG15	21939601
1296	1722	-0.0029	LG15	7404476
1297	21518	0.3341	LG01	16668458
1298	17325	-0.0068	LG17	6195355
1299	13135	0.0338	LG01	17894333
1300	18571	9e-04	LG11	4312750
1301	12403	0.0069	LG12	12909587
1302	19228	-0.0102	LG11	2128700
1303	18579	0.0445	LG18	14957201
1304	20756	1e-04	LG06	3568242
1305	15948	0.0021	LG22	2521856
1306	15122	-0.0052	LG23	8708221
1307	18196	0.0918	LG09	3577647
1308	9000	-0.0075	LG01	20164805
1309	18193	0.0185	LG04	26465366
1310	63	0.012	LG07	8250504
1311	3000	0.0193	LG21	7459198
1312	10076	0.0133	LG15	10908966
1313	7791	-0.0058	LG10	7813573
1314	11896	-0.0038	LG04	26693499
1315	22626	0.0106	LG08	5588163
1316	20337	0.0135	LG09	22425930
1317	1589	-0.0063	LG15	8882522
1318	17454	0.0327	LG03	24732539
1319	17968	0.0612	LG09	23570799
1320	1582	-0.0011	LG09	16940306
1321	20561	0.0453	LG04	28036248
1322	7151	0.061	LG09	4221656
1323	10222	-0.0033	LG03	27941905
1324	18757	-8e-04	LG09	11297595
1325	1031	-0.0052	LG15	10603181
1326	1036	-0.0059	LG07	28626276
1327	1037	0.0455	LG01	22314645
1328	630	0.103	LG23	8025312
1329	12866	0.0213	LG14	28684850
1330	23136	-0.008	LG09	23542273
1331	1218	-0.0068	LG03	27647413
1332	927	0.0361	LG06	6420980
1333	23645	0.0118	LG17	18938718
1334	7485	-0.0077	LG03	10832030
1335	6520	7e-04	LG19	9865843
1336	6522	0.0515	LG04	23060319
1337	6525	0.061	LG16	30168231
1338	9452	0.0258	LG10	19417830
1339	6526	0.0025	LG15	25143238
1340	4373	-0.0072	LG04	22943548
1341	5654	0.1881	LG20	10038052
1342	7489	0.031	LG13	16655985
1343	5650	0.0174	LG02	3684400
1344	11069	-0.0075	LG11	5204595
1345	16458	0.1409	LG20	9073013
1346	2895	0.0135	LG09	23542361
1347	23293	4e-04	LG08	12844372
1348	25561	0.1269	LG14	4334416
1349	14547	0	LG13	788032
1350	14546	-0.0053	LG07	14831843
1351	1454	0.0017	LG05	18200049
1352	17899	0.0016	LG23	22636068
1353	1451	-0.0054	LG03	20425799
1354	1452	0.0179	LG20	5697820
1355	17892	0.0825	LG23	8025224
1356	25567	0.0248	LG07	14745633
1357	23009	0.0524	LG13	20869043
1358	10188	-0.0063	LG11	24474143
1359	13791	0.0482	LG10	12697932
1360	4081	-0.0062	LG22	9230244
1361	4083	0.0308	LG10	15139047
1362	13796	-0.004	LG03	5379523
1363	4088	0.0067	LG14	20885177
1364	3867	-0.0072	LG21	16251957
1365	3865	0.0105	LG16	28094621
1366	8409	0.0195	LG21	18330944
1367	15927	0.0119	LG03	29283876
1368	11325	0.0088	LG13	7918800
1369	7571	0.0369	LG16	18094498
1370	7570	0.0011	LG13	18649897
1371	7573	0.0481	LG01	13566886
1372	3734	-0.0088	LG06	5926292
1373	15308	0.2734	LG05	10331545
1374	7574	-0.0067	LG12	6911449
1375	19138	0.0583	LG21	8586005
1376	5722	0.012	LG16	17321653
1377	6417	0.1264	LG15	20574788
1378	20070	-0.0033	LG14	27100953
1379	15300	-0.0045	LG05	13640918
1380	6410	0.0307	LG01	26825592
1381	9812	-0.0051	LG18	1096221
1382	7775	-0.0044	LG13	18791841
1383	13762	0.0029	LG13	8670969
1384	13038	-0.0045	LG02	5142106
1385	3917	-0.0013	LG01	2734304
1386	8316	-0.0066	LG03	4477954
1387	4799	-0.0055	LG06	6902120
1388	8312	-0.0059	LG01	9665796
1389	23351	-0.0075	LG22	3637554
1390	21971	-0.0065	LG10	10867159
1391	5995	0.1118	LG19	15587543
1392	4150	0.0527	LG07	18790673
1393	4154	0.0282	LG11	2619748
1394	11257	0.0667	LG08	7044519
1395	10886	0.1008	LG11	10701151
1396	18900	8e-04	LG08	10347890
1397	13506	0.003	LG01	12222620
1398	7028	0.0394	LG11	20055468
1399	13723	0.0177	LG08	11504836
1400	13462	0.0185	LG23	14995379
1401	23271	0.0775	LG01	2020904
1402	9922	0.0918	LG17	1142573
1403	13725	0.0039	LG16	24533622
1404	19263	0.01	LG11	15974041
1405	11579	0.058	LG13	17644758
1406	22771	-0.0037	LG10	3784167
1407	8218	-0.0069	LG01	8477564
1408	25170	0.019	LG05	17962009
1409	19269	0.0481	LG19	12258877
1410	22679	-0.0068	LG03	10176528
1411	6085	0.0439	LG21	15957906
1412	25372	0.0444	LG04	19654495
1413	6080	0.0437	LG23	8352729
1414	12070	0.0034	LG15	23757783
1415	23915	0.015	LG01	26446274
1416	23917	-0.005	LG17	4750806
1417	5902	0.0127	LG03	12836004
1418	17217	0.073	LG15	10839639
1419	16165	0.0281	LG08	10923168
1420	16164	-0.0063	LG07	21075373
1421	16168	0.014	LG07	23331870
1422	19881	0.0377	LG03	24958507
1423	3488	0.1118	LG16	28100360
1424	7803	-0.0069	LG13	19032494
1425	17561	-0.0024	LG01	11481567
1426	7807	5e-04	LG08	18470173
1427	7806	0.1017	LG02	22686739
1428	24825	0.0582	LG08	10604355
1429	3480	-6e-04	LG12	23074809
1430	3484	0.0316	LG15	23057730
1431	20472	-0.0077	LG07	27329202
1432	21078	0.0413	LG02	22029483
1433	24663	0.0061	LG06	23081376
1434	13418	0.0351	LG14	1300871
1435	4568	0.0065	LG12	4779086
1436	21071	0.0143	LG15	25544457
1437	19864	0.4369	LG16	10083819
1438	2554	0.0173	LG22	16243903
1439	11675	1e-04	LG23	9980807
1440	2558	0.0202	LG10	22020828
1441	6390	-0.0024	LG12	23443612
1442	18297	-0.0049	LG16	4251988
1443	11476	-0.0046	LG16	23192284
1444	14300	0.0167	LG05	4212380
1445	2390	0.1445	LG13	19759312
1446	17363	-0.0051	LG05	17877788
1447	17368	2e-04	LG16	28129391
1448	20612	0.112	LG20	23244756
1449	5011	0.0506	LG09	6468238
1450	4898	-0.0049	LG04	30578438
1451	14305	-4e-04	LG23	4802793
1452	5016	0.06	LG22	4547210
1453	4893	-0.0067	LG17	7310048
1454	4892	0.0265	LG18	6589478
1455	4894	-0.006	LG15	18587678
1456	16947	0.0095	LG05	3136987
1457	20929	0.064	LG05	17283664
1458	16944	0.0883	LG04	4758407
1459	16410	-0.0103	LG07	6570170
1460	25277	0.1166	LG08	15781964
1461	18355	0.0399	LG05	11138778
1462	7975	0.0464	LG03	8603130
1463	7974	0.045	LG08	16567202
1464	9492	-0.0052	LG23	4941457
1465	7976	0.008	LG18	13994590
1466	16418	0.0194	LG23	3906293
1467	9144	0.041	LG16	19012335
1468	7522	-0.0013	LG08	25397751
1469	12255	0.0156	LG21	22222499
1470	12254	-0.0065	LG11	10063725
1471	6260	-0.0054	LG06	5630445
1472	13304	0.065	LG18	2998800
1473	4411	0.0531	LG12	22019003
1474	13301	0.1718	LG10	17347191
1475	6065	0.0898	LG18	22189991
1476	13598	0.0672	LG11	15810155
1477	2176	0.0085	LG04	18406174
1478	17097	0.0479	LG18	6862613
1479	15382	0.2652	LG05	11546705
1480	2175	7e-04	LG15	5358650
1481	22276	0.0021	LG07	22340068
1482	9545	0.3951	LG09	19485278
1483	12099	0.0183	LG15	2399558
1484	6069	-0.0013	LG06	5096580
1485	21107	-0.0064	LG16	20463948
1486	4960	-0.0024	LG09	17810629
1487	2604	0.0558	LG11	14815925
1488	14045	-0.0052	LG17	18367227
1489	20928	0.0191	LG18	12055207
1490	2601	0.0684	LG21	19584532
1491	14042	0.0343	LG09	8580009
1492	2603	0.0055	LG23	14392966
1493	20926	-0.0012	LG01	19851693
1494	20920	0.083	LG10	19404682
1495	14049	-0.0016	LG20	5750166
1496	14824	0.0168	LG05	22503857
1497	3261	0.0558	LG18	18120527
1498	24136	0.0639	LG23	6885062
1499	21327	0.0854	LG03	20363142
1500	20336	0.0671	LG21	1739622
1501	10039	0.0191	LG01	21639498
1502	1936	0.0132	LG14	24505155
1503	10785	0.0327	LG21	17775041
1504	3266	-0.0048	LG11	18795306
1505	1939	0.0295	LG23	947149
1506	20101	0.0143	LG06	7734851
1507	20574	-0.0043	LG04	25004497
1508	3460	0.0141	LG18	6528272
1509	7370	-0.0076	LG15	4576668
1510	21699	-0.0081	LG06	8243548
1511	8890	-0.0056	LG07	6489881
1512	12322	0.0861	LG18	3184470
1513	12320	0.0535	LG20	9208037
1514	20586	-0.0078	LG02	23733031
1515	20588	0.0181	LG15	8372922
1516	19141	-0.007	LG18	8738997
1517	14221	0.1128	LG21	20827935
1518	14955	0.3518	LG06	4090145
1519	7230	-0.0082	LG17	13836722
1520	16902	0.0683	LG23	17396584
1521	21360	0.0959	LG11	16819948
1522	1739	0.0201	LG22	11675953
1523	1738	9e-04	LG16	27755689
1524	13237	0.0041	LG18	12117320
1525	18694	-0.0056	LG05	21068872
1526	24005	0.1108	LG20	16265452
1527	1730	0.0096	LG01	20219379
1528	5232	0.023	LG06	19843692
1529	20036	0.0827	LG09	7937542
1530	1734	0.0091	LG17	16433379
1531	1737	0.0236	LG07	14640691
1532	20666	-0.0063	LG11	22294272
1533	13124	0.0023	LG18	20374201
1534	13125	0.0039	LG10	11392859
1535	15808	0.017	LG20	6786084
1536	15805	0.0932	LG19	7169435
1537	17073	0.0307	LG02	10365156
1538	11818	0.0652	LG05	2648540
1539	18142	0.0128	LG20	19914321
1540	13129	-0.0036	LG09	16518082
1541	752	0.0206	LG11	8223689
1542	756	0.016	LG11	3127754
1543	17428	0.0179	LG13	5252675
1544	25052	0.0432	LG20	16846288
1545	6886	-0.0082	LG18	10393365
1546	6887	0.0186	LG02	11466154
1547	1596	0.0172	LG16	22145857
1548	6882	0.0897	LG07	8078705
1549	1590	-9e-04	LG22	5312405
1550	3076	-0.0067	LG18	13129513
1551	18322	1e-04	LG11	5422392
1552	2950	-0.0056	LG22	7744666
1553	14311	0.0252	LG20	15345806
1554	1027	0.0764	LG11	880476
1555	1020	-0.0052	LG18	17770636
1556	12713	-0.0068	LG09	10266318
1557	7164	0.0442	LG03	20693275
1558	4365	-0.0025	LG01	18164746
1559	24029	0.0115	LG15	20569610
1560	4361	0.0777	LG11	27160901
1561	4368	0.0883	LG08	12744936
1562	12892	0.0121	LG03	714072
1563	15573	-0.0049	LG06	6638277
1564	15571	0.0181	LG18	1896621
1565	8278	-0.0049	LG12	6752117
1566	8277	0.0434	LG02	5947585
1567	14559	0.0102	LG17	5508601
1568	11072	-0.0069	LG18	1753151
1569	14550	-0.0063	LG19	5644780
1570	22707	0.0324	LG02	23145300
1571	3102	0.1419	LG14	22294077
1572	8670	0.0112	LG11	27130781
1573	5	0.1575	LG11	27261814
1574	1441	0.1124	LG14	10322868
1575	12869	-0.0037	LG14	24287175
1576	8064	-0.0033	LG12	6180142
1577	20923	4e-04	LG11	14468605
1578	4092	-4e-04	LG12	6182711
1579	23215	0.091	LG03	6928935
1580	4090	0.0059	LG09	17063685
1581	4097	-0.0068	LG17	16950745
1582	22348	0.0266	LG18	4567412
1583	22349	-0.0035	LG22	16115335
1584	19126	0.0349	LG02	11403166
1585	22615	0	LG15	16328025
1586	22340	0.0079	LG02	19082581
1587	23587	0.0086	LG06	24168683
1588	23584	-0.0072	LG01	11497482
1589	5730	0.0172	LG16	5110535
1590	11319	0.0158	LG10	17278254
1591	12205	-0.0064	LG01	144969
1592	5739	0.1028	LG07	30391639
1593	15010	-0.0052	LG11	8774566
1594	6462	0.0152	LG12	25449456
1595	12201	0.0687	LG09	14680579
1596	9801	0.2428	LG01	8078099
1597	7583	0.0217	LG22	17211593
1598	7747	0.0078	LG13	8626858
1599	22640	-0.0051	LG09	17652604
1600	18166	0.003	LG12	567544
1601	7749	-0.0078	LG11	25187021
1602	23879	0.0135	LG01	17874079
1603	15543	-0.0062	LG01	3923225
1604	14174	0.0043	LG18	22110953
1605	8724	0.0094	LG04	17119035
1606	24153	0.0284	LG01	5987265
1607	20446	0.0793	LG09	11671951
1608	3929	0.0068	LG13	6072318
1609	22508	-0.0058	LG02	19309451
1610	6729	0.0816	LG11	19415556
1611	4782	0.099	LG16	29902249
1612	11886	0.1032	LG07	25941514
1613	19014	0.0038	LG11	24642299
1614	8095	-0.0065	LG04	33023845
1615	8267	0.0569	LG12	11939803
1616	12521	0.0455	LG08	19539358
1617	4148	-0.0063	LG21	18381376
1618	23694	-0.0063	LG14	27086884
1619	4145	0.0247	LG12	23109552
1620	8260	8e-04	LG16	27304295
1621	4140	-0.0051	LG13	22202718
1622	14912	0.0204	LG21	2599462
1623	3855	-0.0052	LG21	19913962
1624	21851	0.0797	LG17	11697684
1625	3853	-0.0028	LG03	19916664
1626	22085	0.039	LG18	13692097
1627	8726	0.0558	LG14	17015235
1628	14426	0.0838	LG05	4935071
1629	19275	-0.0066	LG03	25242684
1630	12069	0.014	LG06	20237554
1631	19784	0.3254	LG11	19585086
1632	12064	-0.0075	LG08	10043041
1633	6094	0.0288	LG12	8466885
1634	16571	0.1085	LG06	7867244
1635	10350	-0.0065	LG03	7068423
1636	6658	0.0345	LG15	22394483
1637	6657	0.0418	LG03	7628668
1638	12664	0.0188	LG15	5039497
1639	19650	0.1881	LG21	20367923
1640	19651	0.0466	LG14	5180737
1641	15548	0.1065	LG01	13549939
1642	10806	-0.0065	LG02	21825178
1643	16179	0.0163	LG03	27266677
1644	20990	0.0028	LG07	21131169
1645	198	-0.0093	LG10	12542466
1646	21844	-0.0063	LG01	12649886
1647	14545	0.1047	LG11	28187496
1648	17552	0.0748	LG19	178221
1649	21666	6e-04	LG18	19530417
1650	19879	0.0097	LG07	27702248
1651	4556	-0.0062	LG09	1872502
1652	4557	-0.0075	LG04	3826017
1653	6388	-9e-04	LG22	4388180
1654	4550	0.0187	LG12	17753872
1655	21061	0.0844	LG09	3779676
1656	15494	0.1085	LG05	18979819
1657	21996	0.0194	LG21	4890359
1658	19513	0.0144	LG18	17677192
1659	11687	0.022	LG05	13038479
1660	11686	0.0085	LG19	20003266
1661	17898	0.0106	LG06	24099530
1662	14070	-0.0055	LG03	13845404
1663	11443	0.0442	LG21	5151457
1664	2382	0.0148	LG23	570487
1665	17237	-0.0032	LG21	2997516
1666	24801	0.0097	LG14	27298761
1667	20544	0.0675	LG12	6086824
1668	5002	0.0035	LG10	1370047
1669	10334	0	LG13	17465274
1670	2762	-0.0026	LG22	122447
1671	20625	0.0393	LG14	3709595
1672	20624	0.006	LG18	13659026
1673	9159	0.0132	LG10	6204018
1674	9158	0.0348	LG11	6826719
1675	22899	0.3544	LG22	10850682
1676	9489	0.0305	LG09	10420914
1677	24168	0.0241	LG11	20084116
1678	17132	-0.0049	LG03	11263632
1679	17134	0.0448	LG03	14854029
1680	11304	0.0078	LG02	4112741
1681	12242	-0.0056	LG18	18874747
1682	6275	-0.0059	LG02	8423715
1683	6274	0.0321	LG12	13367814
1684	16790	0.0191	LG23	6321701
1685	16791	0.019	LG10	25140041
1686	6279	-0.0066	LG20	4903810
1687	4426	0.1041	LG10	4400003
1688	25129	-0.0034	LG17	588319
1689	1845	0.0439	LG03	16345097
1690	6077	0.0031	LG01	16099585
1691	12087	-0.0058	LG03	25954272
1692	4958	-0.0039	LG10	22107920
1693	22705	0.0882	LG04	17429463
1694	12082	0.0302	LG01	19122718
1695	12083	0.0134	LG13	13895706
1696	4956	0.0682	LG11	10490527
1697	2160	-0.0025	LG12	18822680
1698	9731	0.0187	LG14	23757247
1699	14032	0.0409	LG03	7893897
1700	16718	-0.006	LG07	27965978
1701	9738	0.1577	LG13	8668477
1702	20486	-0.0016	LG23	1216584
1703	21336	0.0438	LG17	5556158
1704	13430	0.0467	LG14	25158945
1705	7345	0.0861	LG05	10239778
1706	3298	-0.0058	LG21	12713994
1707	7341	-0.0012	LG01	25623962
1708	1906	0.0409	LG02	19009588
1709	1907	0.0825	LG10	17098895
1710	10024	0.0212	LG05	2172020
1711	5133	0.0682	LG12	19492744
1712	24232	0.017	LG23	11789069
1713	21339	0.0439	LG04	10785561
1714	13207	0.0058	LG09	19949567
1715	21596	0.0122	LG18	2607432
1716	13209	0.0316	LG15	12653317
1717	17512	0.0193	LG22	4444450
1718	22355	-0.002	LG14	25322554
1719	6	0.0187	LG10	5565406
1720	12334	0.0089	LG04	3825929
1721	20964	0.0104	LG15	19751967
1722	12331	-0.0054	LG04	18954802
1723	15907	0.0171	LG09	9465117
1724	13162	0.0728	LG01	4650983
1725	20551	0.0455	LG16	27618250
1726	13163	0.0026	LG09	23918871
1727	7000	0.0665	LG04	11009190
1728	20559	0.0449	LG01	8160450
1729	14140	-0.0066	LG06	7517417
1730	10245	0.0457	LG14	12893504
1731	18687	0.0012	LG14	25020971
1732	21537	-0.0073	LG22	11444989
1733	5227	-0.0065	LG23	17985491
1734	18512	0.0591	LG21	15913059
1735	8936	0.0033	LG23	7449359
1736	14814	0.0065	LG01	4757332
1737	18517	-0.0022	LG07	16558501
1738	18514	0.052	LG13	20554528
1739	14810	-0.0023	LG07	12619906
1740	15557	0.0196	LG02	9912739
1741	15140	-0.0039	LG06	5825366
1742	15145	-0.0067	LG13	3341126
1743	22423	0.013	LG20	19010849
1744	15780	-0.0073	LG23	5975215
1745	6890	-0.0092	LG11	11780929
1746	3061	0.1227	LG19	12728793
1747	17947	-0.0054	LG14	25735447
1748	7171	-0.0061	LG07	16286288
1749	3066	0.007	LG16	5085357
1750	7173	-0.007	LG01	18990205
1751	14360	0.0025	LG11	20090953
1752	14491	0.0099	LG23	16153727
1753	18331	0.0587	LG22	4794432
1754	1053	0.0247	LG13	11331788
1755	1054	0.1097	LG06	19898749
1756	16393	0.0025	LG22	17716788
1757	1059	-0.0055	LG01	27624343
1758	1693	-0.0042	LG08	10243819
1759	20425	-0.003	LG05	6497308
1760	618	-0.0019	LG14	2325174
1761	18678	0.0186	LG16	26034933
1762	4317	0.0595	LG08	21516625
1763	612	0.0115	LG21	15008260
1764	613	-0.0069	LG22	6028173
1765	12884	0.0427	LG14	17957451
1766	616	0.0108	LG14	1538720
1767	1275	0.1103	LG01	19119404
1768	12881	0.0523	LG03	22108213
1769	8798	0.0711	LG10	24193411
1770	14594	-0.0049	LG09	7829697
1771	24936	-0.0061	LG01	2977826
1772	8242	0.0143	LG01	7621451
1773	15061	0.0755	LG12	11994413
1774	24485	-0.0043	LG15	25286539
1775	8241	0.0493	LG13	17644845
1776	8246	-0.0064	LG15	19655061
1777	11049	-0.0031	LG10	12577783
1778	9819	-0.0062	LG13	197290
1779	14765	-0.0049	LG18	17770724
1780	14760	0.0904	LG11	5530610
1781	14762	0.01	LG05	16361882
1782	3116	0.2228	LG02	12426111
1783	21046	0.0204	LG03	18033092
1784	2371	-0.0051	LG03	8761931
1785	1473	0.0195	LG11	27198631
1786	15965	0.0206	LG03	7238280
1787	1474	-0.0029	LG12	7753631
1788	8649	0.0166	LG01	18885301
1789	10172	0.0427	LG09	3075444
1790	15306	-0.0029	LG21	5307455
1791	23026	-0.0014	LG20	5077173
1792	8641	0.0062	LG11	17280494
1793	1306	0.044	LG13	11880001
1794	23203	0.1314	LG02	18131841
1795	17919	-0.005	LG05	9434848
1796	19853	0.084	LG16	4413742
1797	23758	4e-04	LG16	21133818
1798	22376	0.0626	LG01	18270121
1799	23590	0.1089	LG21	18263949
1800	23592	0.028	LG08	26200561
1801	23593	0.0065	LG08	11824764
1802	5744	-0.0073	LG23	5048977
1803	15752	0.1263	LG16	7650464
1804	13934	0.0111	LG22	12595462
1805	4226	0.0848	LG09	24607602
1806	490	0.0152	LG14	1523992
1807	14213	0.0497	LG21	6057118
1808	11307	0.0088	LG09	12988378
1809	24	0.1863	LG20	9392547
1810	5584	0.0042	LG01	15478086
1811	5580	0.0219	LG14	8286307
1812	22739	0.0077	LG05	11633495
1813	9833	0.0155	LG17	10130791
1814	24796	-0.0041	LG10	13900062
1815	17912	0.0324	LG09	23034645
1816	23115	8e-04	LG22	16243903
1817	21492	0.2112	LG14	10086345
1818	7759	7e-04	LG09	19279622
1819	23112	0.0431	LG02	19178339
1820	7755	0.0236	LG11	25803771
1821	7754	0.0682	LG23	22966482
1822	18698	0.0124	LG17	2748516
1823	13773	0.012	LG19	17987535
1824	10304	-0.008	LG02	21825266
1825	3939	0.0517	LG17	12450113
1826	19466	0.0071	LG06	22609209
1827	3931	-0.0077	LG11	5295900
1828	8330	0.005	LG14	4242362
1829	8336	0.0645	LG01	3590892
1830	21239	0.1252	LG09	19366042
1831	8334	0.1612	LG07	8045347
1832	11273	0.0654	LG02	17972205
1833	23374	-0.0063	LG13	17292407
1834	23371	0.002	LG04	10599321
1835	19061	0.0748	LG20	5261601
1836	22323	0.205	LG17	16498976
1837	15212	0.0101	LG05	21327788
1838	21866	5e-04	LG11	21490805
1839	19066	0.3002	LG20	3439763
1840	17417	0.0456	LG12	12250103
1841	4132	0.0084	LG01	8475035
1842	4133	0.2075	LG04	24866885
1843	17128	0.0209	LG19	19855741
1844	15218	-0.006	LG13	15160240
1845	24464	0.0275	LG13	5444037
1846	3843	0.127	LG01	7799052
1847	5697	0.0068	LG14	28878426
1848	3849	0.019	LG15	22242308
1849	5699	0.0229	LG14	8137819
1850	13626	0.0437	LG16	13642303
1851	25357	0.0038	LG12	5774404
1852	19201	-0.0013	LG11	4663213
1853	22794	-8e-04	LG15	24809886
1854	22791	5e-04	LG20	406559
1855	16098	-0.0103	LG23	11428544
1856	24895	-0.0071	LG18	4762248
1857	22104	0.0093	LG04	28268549
1858	22407	-6e-04	LG14	19237839
1859	15973	-0.0057	LG08	4711955
1860	4045	0.0561	LG04	19808416
1861	13756	0.0842	LG23	7751151
1862	4040	0.0421	LG08	10912553
1863	12652	0.0183	LG02	2196715
1864	6660	0.0229	LG13	12796553
1865	12657	-0.0028	LG03	19125456
1866	18253	0.0228	LG12	23861769
1867	24891	0.0245	LG19	2930447
1868	10878	-0.0011	LG02	11133801
1869	17870	-0.0015	LG08	13840335
1870	21600	-0.0051	LG08	7171130
1871	19666	0.0631	LG21	20790620
1872	5962	-0.0066	LG10	5834804
1873	10872	0.0652	LG13	2826437
1874	5966	0.0174	LG11	3737428
1875	16325	0.002	LG14	3425971
1876	24808	-0.0067	LG02	2862479
1877	16897	-2e-04	LG12	7887658
1878	25538	0.1539	LG12	15479366
1879	16898	0.1707	LG06	23015385
1880	21833	0.1826	LG21	20406551
1881	17230	-0.0054	LG09	11767563
1882	4549	-0.0066	LG17	7290454
1883	22930	0.006	LG04	34615017
1884	19720	0.033	LG14	7840851
1885	19683	0.0044	LG13	13024843
1886	19682	0.0442	LG09	24358659
1887	4541	-0.0063	LG21	3250882
1888	13432	-0.0051	LG23	8664423
1889	19689	-0.0066	LG06	3616089
1890	19329	0.0422	LG03	24955295
1891	24307	0.0704	LG10	18499922
1892	23354	0.0401	LG09	4655851
1893	11691	-0.0019	LG09	8580099
1894	13258	0.0955	LG05	23305723
1895	10906	3e-04	LG04	9318400
1896	11459	-0.0081	LG09	19421069
1897	16803	0.128	LG08	8068226
1898	22694	0.0663	LG03	8422642
1899	24935	-0.0062	LG16	20705280
1900	24934	0.0203	LG01	22930946
1901	2370	-0.0042	LG05	6913864
1902	6735	-0.0028	LG18	13764485
1903	17436	0.0023	LG17	7310136
1904	3594	-0.003	LG14	5903591
1905	5035	0.0196	LG22	16170968
1906	8231	0.024	LG05	21184752
1907	5030	0.0378	LG22	15046804
1908	5031	0.0012	LG07	12728851
1909	12600	0.0244	LG23	16671202
1910	8507	0.065	LG10	15259978
1911	1872	0.0782	LG10	21232603
1912	13321	-0.0053	LG02	21828564
1913	13323	0.0137	LG06	15013362
1914	7913	-0.0039	LG10	22408604
1915	25225	0.0058	LG11	8123880
1916	7910	0.0192	LG14	6573265
1917	7915	0.0538	LG06	1682281
1918	974	0.0412	LG15	18002768
1919	15531	0.195	LG20	13226742
1920	23986	-0.0059	LG07	11698160
1921	2118	-0.006	LG16	25894782
1922	183	0.0086	LG19	12157293
1923	19750	0.0188	LG02	6566985
1924	187	0.0708	LG12	25008487
1925	15925	0.0261	LG01	26825871
1926	2110	7e-04	LG02	15714736
1927	21934	-0.0066	LG07	18657038
1928	189	-0.0073	LG03	25718099
1929	19923	0.018	LG08	20933711
1930	20837	0.0554	LG18	599341
1931	2623	-0.0073	LG19	2707850
1932	14020	0.0347	LG11	21264705
1933	2621	-0.0053	LG04	378962
1934	17046	0.0978	LG16	10104528
1935	8606	0.0682	LG18	18859511
1936	20835	0.0025	LG22	15230255
1937	20128	0.1181	LG06	176690
1938	20945	0.0699	LG10	19366755
1939	9582	-0.007	LG06	16749471
1940	10620	-0.0066	LG19	1053140
1941	9585	0.023	LG11	11440099
1942	1911	0.2322	LG21	3578040
1943	10012	-0.0055	LG02	8567215
1944	19739	0.0104	LG16	17279586
1945	3284	0.0367	LG07	9539930
1946	10015	0.0073	LG10	15810510
1947	13211	-0.0022	LG04	32864667
1948	860	-1e-04	LG15	8162379
1949	22937	0.0811	LG07	23094487
1950	22961	-0.0063	LG10	9917591
1951	13702	-0.005	LG13	13876524
1952	2752	0.0262	LG14	29071558
1953	10497	2e-04	LG12	3555248
1954	10495	0.0042	LG04	30851725
1955	2029	-0.0061	LG16	1408228
1956	10276	0.0757	LG05	19239849
1957	9393	0.007	LG16	12409656
1958	14979	0.0409	LG17	8156150
1959	885	-0.0011	LG10	5851100
1960	888	0.0042	LG19	5854828
1961	14972	0.0441	LG03	23204521
1962	10477	0.082	LG01	18299147
1963	10476	-0.0078	LG13	10039372
1964	20543	-0.0076	LG21	3250970
1965	20017	0.0027	LG15	8397570
1966	9050	0.0584	LG13	14493837
1967	9054	0.0632	LG19	14616405
1968	14153	0.018	LG08	1137956
1969	14592	-0.0075	LG22	14345474
1970	24062	-0.0053	LG18	13591321
1971	21546	0.0109	LG12	18266357
1972	11872	-0.0061	LG16	8113974
1973	22898	0.1889	LG14	28147577
1974	14804	0.0081	LG14	9932846
1975	13104	-3e-04	LG18	13752109
1976	13100	0.0481	LG05	5100690
1977	19437	0.1156	LG01	4662687
1978	18306	0.0897	LG20	14082430
1979	20552	0.3536	LG02	7704733
1980	772	0.006	LG12	19202962
1981	24098	0.0904	LG14	11755005
1982	18659	-0.0035	LG14	2164166
1983	15171	0.0894	LG23	9283213
1984	18308	0.0185	LG01	22419255
1985	14379	0.0197	LG01	3282792
1986	7104	0.0831	LG09	11767651
1987	2973	0.117	LG01	27732633
1988	14371	-8e-04	LG19	2649246
1989	6860	0.0143	LG18	4956850
1990	2977	-0.0066	LG03	25242772
1991	2974	0.008	LG14	9719363
1992	20424	0.012	LG18	12678763
1993	1047	0.0976	LG09	6946806
1994	23706	0.0453	LG03	23466014
1995	21302	0.156	LG14	14635342
1996	5413	0.0676	LG03	29071150
1997	1689	-0.0013	LG13	21043471
1998	18782	-0.0048	LG06	23908378
1999	18780	-0.005	LG02	16247404
2000	19990	-0.0015	LG06	10021608
2001	4301	-0.0057	LG01	18990497
2002	8252	0.0091	LG13	1229103
2003	17941	0.0188	LG16	9896654
2004	1266	-0.0082	LG08	20768613
2005	18012	0.0038	LG12	22709819
2006	8789	-0.0064	LG01	11152405
2007	11054	0.0186	LG01	22931034
2008	11059	0.0229	LG05	6974071
2009	24471	0.0679	LG21	6153504
2010	3129	-0.0051	LG14	10030230
2011	3120	0.002	LG18	1987451
2012	3121	-4e-04	LG10	12858006
2013	7610	-0.0039	LG02	19846598
2014	23944	-0.0062	LG07	14383434
2015	1469	0.0103	LG20	12562983
2016	23000	0.0042	LG03	24732451
2017	15997	0.0146	LG14	9216980
2018	15991	-0.0023	LG13	5583437
2019	1463	0.0377	LG14	16098739
2020	15748	0.0259	LG08	10446991
2021	19541	3e-04	LG20	9594475
2022	1311	0.0676	LG09	12622187
2023	21738	0.0279	LG04	7663467
2024	5753	0.091	LG01	11309141
2025	12434	0.0189	LG02	18018124
2026	6443	-3e-04	LG19	20268119
2027	12431	0.0445	LG11	27862706
2028	6913	0.0295	LG22	19647984
2029	13923	-0.0046	LG01	28259281
2030	4230	0.0437	LG04	23389886
2031	5590	0.0275	LG15	16949205
2032	20997	0.0281	LG18	17575333
2033	12520	0.0206	LG20	9309314
2034	23150	0.0124	LG11	2463269
2035	18840	0.037	LG12	5561882
2036	18841	0.1074	LG06	6656691
2037	23168	-9e-04	LG11	13620304
2038	20908	0.0772	LG15	8329374
2039	7726	-0.0047	LG06	14765352
2040	3948	-0.0073	LG09	5671531
2041	22563	0.0174	LG08	11820497
2042	13693	0.2448	LG19	18386627
2043	3940	0.1347	LG06	7867156
2044	19475	0.1443	LG11	14782518
2045	315	0.0627	LG13	21280470
2046	6709	-0.005	LG02	8318815
2047	23308	0	LG09	11265092
2048	8327	0.1266	LG06	13589351
2049	8322	0.0885	LG09	14038013
2050	24673	-0.0047	LG01	12331744
2051	19076	-0.0014	LG16	28100272
2052	12506	-0.0029	LG21	17973510
2053	23827	0.0092	LG15	12270324
2054	15229	0.0242	LG17	10830659
2055	12508	0.019	LG08	5800155
2056	4126	-0.0077	LG04	28825553
2057	7431	0.0044	LG12	3326685
2058	5685	0.001	LG09	4495270
2059	24478	-0.0033	LG18	19330205
2060	22788	-1e-04	LG18	11495314
2061	22789	0.1034	LG15	23061083
2062	10498	0.087	LG23	16901532
2063	22783	0.0592	LG06	17151219
2064	6677	-0.0033	LG19	5644692
2065	12641	-0.0059	LG03	5337885
2066	23413	0.0353	LG16	26990205
2067	6672	0.0186	LG04	31308425
2068	22145	-0.0033	LG11	9814031
2069	12648	0.0124	LG09	20115383
2070	23785	0.0208	LG09	15134525
2071	23549	-0.0055	LG20	887076
2072	4058	-0.0036	LG06	18751866
2073	22092	0.1309	LG09	13245403
2074	19679	0.0434	LG19	12150283
2075	5973	-0.0041	LG17	6461537
2076	16151	0.0765	LG11	9208997
2077	10860	0.0711	LG03	10767775
2078	6218	0.0264	LG01	18938963
2079	16157	0.0247	LG23	19649645
2080	19502	0.0037	LG22	17169193
2081	19856	0.0671	LG05	19867310
2082	21826	0.0179	LG19	19574950
2083	15293	0.0273	LG20	22046387
2084	25035	-0.007	LG23	13028725
2085	23618	-0.0055	LG19	7131019
2086	23093	0.0083	LG11	27289201
2087	25032	0.0125	LG07	28063039
2088	10813	0.0579	LG12	1339414
2089	23156	0.0196	LG23	19718731
2090	16522	0.0439	LG01	16029166
2091	13880	0.0061	LG11	27245517
2092	23095	-0.0019	LG18	17155554
2093	8690	-0.0037	LG19	14692145
2094	8288	0.0235	LG13	18629424
2095	2368	0.0187	LG08	26184505
2096	24080	0.0468	LG04	19300842
2097	2366	0.0445	LG21	21010013
2098	17335	-0.0054	LG15	25184354
2099	11422	-0.0074	LG18	13594708
2100	7290	0.0101	LG08	7585018
2101	9131	-0.006	LG20	2330881
2102	17442	-0.0065	LG09	18023941
2103	9135	0.0189	LG06	12182054
2104	9134	1e-04	LG21	5010586
2105	7298	-0.0026	LG13	1297768
2106	16166	0.008	LG06	11464080
2107	10316	0.0128	LG22	16614805
2108	7929	0.1092	LG11	5422480
2109	4440	0.0775	LG22	15103048
2110	13352	-0.0023	LG16	2319360
2111	3728	-0.0073	LG05	18541764
2112	16425	0.0127	LG07	27583603
2113	25252	-0.0065	LG16	18107414
2114	16422	0.0246	LG10	18439664
2115	964	-0.0073	LG07	28218086
2116	20546	0.0718	LG15	8724721
2117	966	0.0834	LG13	18698689
2118	13650	0.0156	LG23	14136677
2119	960	0.0206	LG12	10174457
2120	962	0.0023	LG23	22332615
2121	4689	-0.0062	LG02	19993451
2122	11736	0.1512	LG04	23393908
2123	10954	-0.0011	LG14	13316350
2124	23633	-0.0051	LG16	11778376
2125	2100	0.0025	LG17	4283147
2126	6051	0.0635	LG11	21094436
2127	11738	0.0424	LG05	17317386
2128	10006	-0.0013	LG13	9576401
2129	5116	-0.0059	LG20	5151301
2130	20154	0.0609	LG01	19065023
2131	20158	0.1351	LG04	25712430
2132	5118	0.0085	LG12	4298590
2133	20796	0.0395	LG11	10174407
2134	20795	0.0509	LG21	3588758
2135	20794	0.0491	LG01	6675702
2136	17066	-0.0027	LG06	24966019
2137	9229	0.162	LG08	14187458
2138	9596	0.013	LG01	11383360
2139	9590	4e-04	LG17	14394793
2140	9593	-0.005	LG12	17830910
2141	20798	0.0478	LG09	10682829
2142	20462	0.008	LG22	10749043
2143	17597	0.0154	LG14	7665891
2144	3434	-0.0085	LG10	6003116
2145	22955	0.0269	LG12	18576679
2146	3437	0.01	LG12	23290112
2147	10488	0.1783	LG05	5151374
2148	4596	0.0818	LG08	1761739
2149	4849	0.0027	LG15	17083022
2150	24824	0.0085	LG14	18241278
2151	12352	0.0346	LG04	25253747
2152	15150	0.0676	LG03	7669281
2153	4841	-0.0064	LG16	6040999
2154	10260	0.0658	LG10	4477635
2155	14572	0.009	LG06	3819643
2156	10263	0.1511	LG12	5229610
2157	24147	0.0087	LG12	24341605
2158	21411	0.0773	LG15	17013389
2159	899	-0.0066	LG23	11912788
2160	14902	0.0487	LG21	20674646
2161	14906	0.04	LG06	18358526
2162	5201	0.0939	LG23	17880932
2163	20572	-1e-04	LG02	19225999
2164	20570	-2e-04	LG02	3848141
2165	10462	0.0108	LG14	11822248
2166	21671	5e-04	LG22	16784220
2167	10460	0.0437	LG13	6966466
2168	9043	-0.0074	LG03	19476998
2169	5208	-0.0032	LG01	2044448
2170	11992	-0.0022	LG12	19963181
2171	11994	-0.0046	LG13	8744832
2172	21558	0.0188	LG21	22420803
2173	3547	0.0403	LG17	4126590
2174	3541	0.0632	LG13	24575544
2175	24071	0.1285	LG11	12101375
2176	24077	0.0141	LG18	153762
2177	24467	0.0048	LG07	15454584
2178	11849	0.0118	LG09	12564139
2179	8915	0.0041	LG20	7955725
2180	11843	-1e-04	LG16	8907544
2181	10086	0.0716	LG14	26250657
2182	11191	-0.0066	LG05	20436363
2183	2967	-0.0051	LG15	15149144
2184	2966	0.1575	LG01	28089763
2185	14342	0.0423	LG09	141924
2186	14341	0.0065	LG14	29162427
2187	18641	0.0018	LG20	6528477
2188	18318	0.0159	LG22	3971952
2189	18319	0.0432	LG09	21889342
2190	19046	-0.0061	LG07	25485765
2191	15165	0.128	LG16	22293396
2192	765	0.1346	LG01	16350985
2193	17643	0.0012	LG17	10830571
2194	7117	-0.0068	LG03	5072653
2195	24148	0.0791	LG02	9902304
2196	6878	0.1076	LG15	20381790
2197	3043	0.0189	LG21	21161935
2198	18796	-0.0052	LG07	20918202
2199	25511	0.004	LG18	12211572
2200	1078	0.0133	LG14	1738653
2201	18793	0.0255	LG20	12594969
2202	19045	0.0309	LG02	11101487
2203	20372	-2e-04	LG20	5687024
2204	1073	4e-04	LG10	2603183
2205	23486	0.009	LG11	16266066
2206	14803	0.058	LG20	11246237
2207	17149	0.2284	LG21	2315611
2208	21073	0.0093	LG12	4069175
2209	15488	0.0185	LG18	19946164
2210	19183	-0.0066	LG01	4056640
2211	25016	0.0295	LG23	8661380
2212	20490	0.0234	LG03	25668424
2213	17644	-0.0071	LG11	24432463
2214	18534	0.0203	LG18	12493817
2215	1094	0.0406	LG01	8989975
2216	1091	4e-04	LG04	987643
2217	1092	-0.0052	LG20	20701546
2218	4336	0.0334	LG11	6123685
2219	18528	0.0011	LG14	1687979
2220	4332	-0.0077	LG23	3521287
2221	671	-0.0067	LG23	17377949
2222	18835	0.0573	LG20	23406232
2223	13774	0.0157	LG16	24085921
2224	3138	0.2354	LG20	13442555
2225	18002	0.0862	LG02	5475402
2226	14741	0.0682	LG21	6153416
2227	17856	0.0448	LG08	4176493
2228	18523	-0.0085	LG18	5958731
2229	7604	-0.0052	LG07	24657611
2230	24265	5e-04	LG23	8127529
2231	13552	0.012	LG21	15321811
2232	22895	0.031	LG03	24988455
2233	1323	-0.0063	LG20	6539707
2234	11343	0.0397	LG23	6939864
2235	9850	-0.0049	LG04	4223942
2236	9852	-0.005	LG21	10137258
2237	9853	-0.0043	LG03	22734972
2238	6454	5e-04	LG16	1542135
2239	5766	0.0489	LG18	22502477
2240	6458	0.0241	LG11	20093783
2241	5765	0.1121	LG21	7389806
2242	4206	-0.0045	LG10	9793217
2243	4207	-0.0033	LG21	9732870
2244	15185	-0.0072	LG18	18731251
2245	5569	0.1657	LG01	23205145
2246	19772	-0.0043	LG17	4161952
2247	5560	0.0409	LG13	17284812
2248	5562	0.2936	LG20	3274663
2249	11222	-0.0076	LG19	7639504
2250	1254	-0.0056	LG20	20099558
2251	1253	0.0689	LG22	11919118
2252	7731	0.015	LG19	11089861
2253	7730	0.0069	LG15	12292251
2254	7736	0.1075	LG13	6632801
2255	7735	-0.0064	LG06	18310874
2256	23148	-0.0059	LG06	4104193
2257	15326	0.0185	LG15	21253119
2258	23345	-7e-04	LG02	4533055
2259	15248	-0.0063	LG18	18337469
2260	19193	-0.0034	LG15	17580160
2261	3957	0.047	LG07	823426
2262	19194	0.0352	LG15	20966393
2263	11210	0.0089	LG11	25211807
2264	11211	0.0262	LG23	7329873
2265	18309	-0.0013	LG01	4438940
2266	25588	0.0036	LG23	15469782
2267	23313	-0.0097	LG05	19510123
2268	15323	0.0351	LG18	1928483
2269	24219	0.1874	LG16	8745678
2270	8194	0.2861	LG09	4886819
2271	15234	0.07	LG10	15260066
2272	12515	0.0349	LG04	18612120
2273	12516	0.0165	LG09	20438490
2274	15232	0.0028	LG01	1020445
2275	19899	0.0067	LG16	15751143
2276	15701	0.0259	LG06	10563813
2277	24440	0.014	LG07	18792489
2278	7890	0.0111	LG14	13284482
2279	7421	0.0365	LG19	3097487
2280	19118	0.0327	LG05	14061436
2281	20263	-0.0049	LG12	29713
2282	11479	0.2193	LG01	24916735
2283	16520	0.0334	LG15	14334485
2284	8199	-0.0071	LG09	14464715
2285	25334	0.019	LG04	19650453
2286	12564	0.0238	LG07	27817675
2287	23950	0.1052	LG22	4037329
2288	6604	0.0178	LG18	1703870
2289	6606	0.0511	LG11	28332595
2290	7109	-0.0025	LG09	5317086
2291	6608	0.0676	LG14	4655642
2292	6609	-0.0071	LG04	6791037
2293	4062	-0.0024	LG19	1676774
2294	4066	0.012	LG20	8942881
2295	11506	0.0276	LG12	24036984
2296	11504	0.0054	LG01	24263046
2297	11505	-0.0033	LG15	4956975
2298	24597	0.0247	LG13	9929672
2299	11500	0.0416	LG07	22421100
2300	982	0.037	LG05	18446161
2301	5781	-0.0053	LG14	5998727
2302	17837	-6e-04	LG18	13681410
2303	3601	-0.0079	LG17	8319369
2304	19537	-0.0028	LG18	11863017
2305	3606	0.2105	LG07	29181476
2306	16180	-0.0058	LG23	10509126
2307	13276	5e-04	LG01	13203369
2308	25028	0.0025	LG09	4635842
2309	16637	0.0014	LG09	4910828
2310	12184	-0.0081	LG19	15296445
2311	12182	0.059	LG10	11702412
2312	22889	0.0474	LG15	19171896
2313	12746	-0.0063	LG06	5825278
2314	25204	0.0537	LG01	23131382
2315	24451	-1e-04	LG14	4188617
2316	17328	0.0745	LG05	11002377
2317	17329	-0.0048	LG01	20190450
2318	10921	0.0026	LG18	12320425
2319	25205	0.0316	LG21	9534400
2320	19222	0.043	LG12	19916291
2321	19996	0.0187	LG01	25476068
2322	17320	0.078	LG14	26201708
2323	111	-0.0063	LG02	19524547
2324	10928	-0.0046	LG23	8351205
2325	11437	0.0333	LG01	4662599
2326	16942	-0.0078	LG08	19115287
2327	7283	0.1242	LG23	18658490
2328	17102	0.0535	LG13	19423592
2329	1048	-0.0018	LG13	21014787
2330	7286	-0.0079	LG01	21876491
2331	21788	-0.0102	LG17	14129644
2332	9456	0.0023	LG01	12895039
2333	22918	0.1338	LG09	11494887
2334	9102	0.0358	LG14	7840939
2335	9100	0.0852	LG16	12442275
2336	4453	0.0187	LG03	9773441
2337	16989	-0.0082	LG01	20244651
2338	13341	0.0112	LG06	10553940
2339	4459	0.0726	LG09	19494289
2340	4458	0.0682	LG22	8231118
2341	16457	-0.0076	LG15	3946906
2342	16456	-0.0056	LG05	4768937
2343	2135	0.0191	LG21	10135760
2344	951	0.0017	LG22	3422278
2345	12291	0.0562	LG05	14410867
2346	952	-0.0016	LG16	15094047
2347	12295	0.0261	LG15	20811419
2348	12294	0.0182	LG19	4553077
2349	6028	0.1615	LG21	10135672
2350	17216	0.0632	LG07	29626247
2351	11725	-0.0055	LG04	19611569
2352	11722	0.2072	LG12	22026053
2353	24867	-0.0072	LG13	15382442
2354	24866	0.0032	LG01	21344701
2355	24868	0.0133	LG06	17520164
2356	23451	0.0706	LG15	12323986
2357	2648	0.0453	LG17	5506104
2358	20140	0.2454	LG11	18447554
2359	20144	0.0643	LG05	14401240
2360	10079	0.1962	LG14	25560788
2361	20148	0.0066	LG03	28122202
2362	2646	0.0079	LG03	727009
2363	2647	0.0611	LG03	8603218
2364	20781	0.0176	LG15	10765691
2365	9218	0.0299	LG20	23516462
2366	22947	-0.0072	LG11	3409526
2367	17074	-0.0084	LG01	13460605
2368	9213	-0.0051	LG11	27848202
2369	9210	-0.0078	LG18	5958819
2370	9216	0.0652	LG06	92177
2371	9215	-0.0057	LG09	12807500
2372	3428	0.0186	LG11	3481234
2373	13308	-4e-04	LG06	6089527
2374	22282	-0.0051	LG14	2687638
2375	17586	-0.0013	LG13	9571485
2376	3420	-0.0051	LG21	3313349
2377	17582	-0.0029	LG12	6410601
2378	13422	0.0346	LG14	9809082
2379	12161	-0.0075	LG02	704956
2380	4588	-0.0043	LG12	24207382
2381	6333	-0.0051	LG20	1257328
2382	25090	0.0619	LG01	19484176
2383	4582	0.0672	LG04	6571110
2384	14176	0.014	LG06	9604337
2385	10299	6e-04	LG06	4083575
2386	12483	-0.0088	LG12	17033148
2387	10295	-0.0067	LG12	23243263
2388	14913	-0.0051	LG23	8352641
2389	10291	-0.0064	LG10	6547702
2390	1855	-0.0042	LG02	23270633
2391	9675	0.0488	LG14	20158765
2392	20568	0.0151	LG15	22021243
2393	9673	0.097	LG02	549312
2394	25199	0.0116	LG15	25487648
2395	9679	0.0352	LG08	11452987
2396	25555	0.0061	LG05	89763
2397	24680	0.0098	LG07	28196913
2398	3553	0.1721	LG04	30956415
2399	21762	-0.0068	LG20	8139735
2400	10580	-0.0051	LG10	20152067
2401	13168	0.0125	LG05	20205229
2402	10585	0.017	LG04	22250919
2403	18621	0.0377	LG15	16439929
2404	23511	0.0188	LG16	4694470
2405	11850	-0.0054	LG08	6819791
2406	11851	0.0355	LG22	2223692
2407	8907	0.052	LG23	15164927
2408	8902	0.012	LG13	6992877
2409	719	0.0166	LG11	14396040
2410	2917	-0.0027	LG14	24703575
2411	716	0.0752	LG10	23520241
2412	1794	0.0388	LG09	24143400
2413	24309	-0.0068	LG21	9666423
2414	18047	0.0366	LG21	15162360
2415	7128	0.0023	LG09	1204897
2416	17917	0.0076	LG23	6910701
2417	7127	0.0617	LG20	22112286
2418	6846	0.0096	LG23	10359919
2419	15756	0.0049	LG11	27938726
2420	6845	-0.0059	LG18	15567870
2421	22655	0.0775	LG19	18454080
2422	25025	0.0226	LG15	25017358
2423	11052	-0.0051	LG05	8177311
2424	20364	0.0907	LG14	8805051
2425	1066	0.0158	LG15	25606927
2426	18250	-0.0063	LG11	22636036
2427	18159	0.0312	LG06	23485475
2428	13010	0.0214	LG05	15083235
2429	1660	0	LG18	7683702
2430	9726	0.0281	LG20	6963568
2431	594	-0.0056	LG20	21987431
2432	6597	-0.0065	LG14	17715921
2433	18524	0.0371	LG02	20466907
2434	24277	-0.0066	LG13	14988666
2435	24270	0.014	LG13	5273122
2436	12982	-0.0068	LG04	22046280
2437	2824	-0.0019	LG13	18962061
2438	18070	0.1149	LG12	18432995
2439	2826	-0.007	LG13	18593933
2440	18330	-0.0081	LG10	5843219
2441	2820	0.064	LG15	17496341
2442	14591	-0.003	LG23	20521916
2443	5417	0.0848	LG07	20640020
2444	17860	0.0523	LG21	20577949
2445	7637	0.0516	LG04	33296125
2446	20284	0.0879	LG02	5625109
2447	19450	0.1038	LG05	20850964
2448	4214	0.0096	LG21	9121607
2449	1339	0.0231	LG14	17204107
2450	4213	-0.0027	LG06	237908
2451	4212	0.0384	LG04	33598863
2452	11951	-0.0048	LG18	22543425
2453	440	0.0265	LG03	27467841
2454	13908	0.0411	LG19	9585128
2455	13909	0.0079	LG14	9933392
2456	10139	0.0022	LG18	10073218
2457	23099	0.1166	LG16	9663803
2458	25620	-0.0017	LG10	17690500
2459	9840	0.0108	LG04	3791168
2460	15407	0.0077	LG06	21582654
2461	9845	0.0159	LG13	18630044
2462	19756	-0.0066	LG04	17689844
2463	5770	0.0186	LG06	9501622
2464	6938	0.0071	LG15	8293172
2465	8124	-0.0087	LG09	23766555
2466	5775	0.0147	LG05	19917386
2467	8693	-0.007	LG07	26942791
2468	5776	-0.0051	LG23	1598146
2469	1933	-0.0014	LG21	12444588
2470	39	0.0605	LG09	17882115
2471	7703	-0.005	LG21	19625156
2472	5577	-0.0066	LG09	23969744
2473	5576	-0.0018	LG06	7858844
2474	5572	0.008	LG11	25112679
2475	24194	-0.0065	LG03	23926965
2476	18312	0.0073	LG17	4416937
2477	21454	0.0569	LG09	7105409
2478	3096	0.1608	LG01	1380478
2479	644	0.0097	LG20	4187239
2480	647	0.0067	LG22	19872092
2481	3095	0.005	LG07	10800502
2482	21453	0.0699	LG06	6580009
2483	19022	0.0277	LG21	9959989
2484	23143	0.0748	LG09	12593181
2485	14473	0.0821	LG15	4360609
2486	14719	0.0831	LG16	24993048
2487	24484	-0.0043	LG13	16647584
2488	23321	0.0867	LG16	21739038
2489	14475	0.0025	LG19	12036721
2490	19181	0.0056	LG18	18862777
2491	331	0.0067	LG14	21214207
2492	24979	0.103	LG23	246818
2493	3057	-0.008	LG05	18929714
2494	4100	-0.0067	LG21	15218089
2495	4103	0.04	LG01	19759592
2496	25151	0.0403	LG04	33904455
2497	4108	0.0246	LG16	27795973
2498	25289	-0.0036	LG11	26514142
2499	12568	0.0272	LG23	3548982
2500	17738	0.0431	LG05	23403828
2501	22761	0.0189	LG20	20067363
2502	15240	0.0083	LG01	7286931
2503	10756	0.0056	LG15	21461663
2504	12567	0.053	LG09	10421002
2505	12566	0.003	LG09	2484464
2506	7412	0.0064	LG18	21670328
2507	22303	0.1064	LG07	17494008
2508	22304	-0.0054	LG14	6109311
2509	24454	0.0081	LG21	6228229
2510	22434	-0.0032	LG04	15803099
2511	22436	-0.0049	LG13	23914789
2512	22437	0.0038	LG01	6834192
2513	22430	0.1608	LG07	27902353
2514	22431	-0.0057	LG05	10067172
2515	16535	0.0182	LG15	15737628
2516	17615	0.0025	LG22	17373299
2517	12622	0.0155	LG14	2527534
2518	12623	0.163	LG03	23860880
2519	844	0.0219	LG14	25532106
2520	6617	0.0098	LG22	4318361
2521	22126	0.1569	LG19	12047075
2522	10840	0.0527	LG17	2067492
2523	4079	-0.0031	LG15	21346221
2524	13769	-5e-04	LG03	16947873
2525	10675	0.0406	LG23	19071795
2526	10849	0.045	LG05	20154474
2527	13766	0.0196	LG01	26270788
2528	8898	0.0217	LG07	9012236
2529	11537	0.0631	LG22	19413456
2530	11535	0.1122	LG11	27770790
2531	22862	-0.0017	LG07	17602063
2532	19458	0.0285	LG16	30927774
2533	23562	0.0872	LG07	9752923
2534	19528	-0.005	LG20	19494671
2535	3639	-0.0067	LG17	7633583
2536	19526	0.0447	LG01	24606463
2537	16580	-0.0065	LG05	11076551
2538	3630	-0.0068	LG01	28032467
2539	13501	0.0071	LG19	2930535
2540	12190	0.0746	LG03	15406459
2541	24483	0.0187	LG14	23231740
2542	12194	-0.0022	LG02	15563819
2543	4613	0.0087	LG05	23973460
2544	16620	0.1498	LG04	18616085
2545	11406	0.1366	LG07	27267119
2546	12758	-0.0066	LG23	18804744
2547	9691	-0.0032	LG11	21257364
2548	12756	-0.0077	LG01	15941922
2549	16190	0	LG04	29395045
2550	24274	0.1134	LG07	15237616
2551	19231	3e-04	LG14	25976208
2552	4617	-1e-04	LG09	16838649
2553	22022	-0.0038	LG22	11180967
2554	10933	0.0175	LG13	23401812
2555	9119	0.0088	LG14	8731210
2556	25273	-0.0073	LG13	18720674
2557	9449	0.2755	LG15	13018839
2558	17993	0.0183	LG07	28876115
2559	15652	0.0703	LG15	22012140
2560	17462	0.0164	LG01	19558080
2561	17461	4e-04	LG23	1562639
2562	3708	0.0346	LG13	1535521
2563	1889	0.0191	LG22	17138763
2564	22246	0.1536	LG09	16119065
2565	16441	-0.004	LG01	17478244
2566	12288	0.0639	LG06	18486795
2567	17660	0.1571	LG01	9866994
2568	1881	-0.0051	LG12	11484342
2569	23508	0.061	LG03	2759358
2570	9825	1e-04	LG01	12866887
2571	11400	0.2509	LG01	5957030
2572	4660	-0.0056	LG07	15879034
2573	943	0.0315	LG08	17866162
2574	4911	-0.0078	LG20	24092274
2575	21801	0.0579	LG01	3842286
2576	11711	-0.0079	LG01	14052789
2577	15354	0.0659	LG11	19828160
2578	11717	-0.007	LG05	22040377
2579	21807	0.0517	LG11	26732894
2580	6033	-1e-04	LG10	23278050
2581	6031	0.2811	LG15	4924703
2582	12432	0.1135	LG20	8137103
2583	9205	0.0036	LG11	11238044
2584	5171	0.0175	LG04	27557653
2585	10061	0.1169	LG08	15659186
2586	5176	-0.0044	LG16	27148342
2587	9203	0.0027	LG11	12511703
2588	5174	0.2321	LG09	10347416
2589	10068	0.028	LG11	1638789
2590	5754	-0.0051	LG04	5682240
2591	3416	0.0436	LG19	15655291
2592	3417	0.0206	LG14	11676361
2593	3413	0.0861	LG22	10670043
2594	9987	-0.0041	LG18	16244437
2595	17001	-0.0038	LG09	17110637
2596	21376	-0.007	LG16	18669407
2597	17004	0.1891	LG22	9292673
2598	25593	0.0748	LG12	7469856
2599	8534	0.0199	LG20	10902826
2600	14932	-0.0045	LG06	24003056
2601	10660	0.0679	LG05	20217032
2602	9980	0.0062	LG09	17129352
2603	10662	0.0151	LG14	6109399
2604	9681	0.0376	LG04	1199563
2605	4863	0.0076	LG03	27837891
2606	9682	0.0334	LG16	21936621
2607	13485	-0.0017	LG16	9342132
2608	9684	0.019	LG06	16217777
2609	6329	0.0191	LG23	21886964
2610	13486	-0.0064	LG01	3357702
2611	9061	0.0023	LG12	8785295
2612	16806	0.1785	LG09	11496944
2613	10284	0.0134	LG15	22995467
2614	10285	-0.0041	LG07	14894969
2615	9667	-6e-04	LG07	30125689
2616	9664	-0.0033	LG07	2897347
2617	10445	0.0082	LG23	22081947
2618	21720	0.003	LG01	12649886
2619	10440	0.039	LG18	9448091
2620	20517	-0.0043	LG18	19923264
2621	9668	0.0332	LG09	15119144
2622	18804	0.0022	LG19	19636844
2623	20688	0.0223	LG21	15905567
2624	10732	-6e-04	LG20	10708777
2625	3561	0.1594	LG18	2208393
2626	13152	-0.0063	LG18	22541017
2627	3564	-0.0022	LG19	5505825
2628	20402	1e-04	LG06	24374929
2629	10839	0.0444	LG15	20569522
2630	18808	0.0915	LG14	27046103
2631	21779	0.0703	LG14	10097824
2632	4484	0.0042	LG05	3970822
2633	8979	0.0024	LG21	13555372
2634	20400	0.0518	LG15	7408576
2635	10595	-0.006	LG18	19191660
2636	10598	0.0317	LG23	11912700
2637	13399	-0.0074	LG20	18123036
2638	6567	0.0786	LG04	5614539
2639	21798	0.0065	LG23	17398726
2640	705	0.0208	LG13	17217650
2641	700	0.019	LG21	9085847
2642	7139	0.0281	LG04	26379247
2643	88	-0.0072	LG15	17142273
2644	5614	3e-04	LG11	23808690
2645	20351	0.0321	LG11	24512227
2646	11889	-0.0022	LG20	23418653
2647	20195	0.1206	LG01	4436797
2648	20197	0.0196	LG07	21773059
2649	25271	0.1005	LG06	3646888
2650	19632	0.0744	LG07	24868754
2651	5310	-0.0046	LG23	15000836
2652	20198	0.0439	LG13	17432380
2653	8805	0.013	LG06	19987845
2654	14293	0.0025	LG02	4229502
2655	13020	0.303	LG01	6378884
2656	23580	0.0617	LG08	10125644
2657	8803	-0.0015	LG08	8178775
2658	18248	0.0083	LG10	4304858
2659	8808	0.0211	LG18	9852172
2660	1655	0.0622	LG11	24272512
2661	6583	0	LG10	2465467
2662	24003	-0.005	LG12	4069263
2663	8758	-0.0074	LG06	12398312
2664	8759	0.0083	LG15	24908542
2665	8208	0.0231	LG08	8756918
2666	8209	0.0664	LG16	8038342
2667	8204	0.0867	LG19	20764017
2668	8205	-0.0064	LG03	8108048
2669	589	-0.0069	LG05	2535105
2670	17875	0.0135	LG18	21708197
2671	7627	-0.0069	LG23	9303595
2672	12994	0.0258	LG11	20525096
2673	7620	0.0132	LG23	18579738
2674	3155	0.0436	LG11	10611402
2675	18063	0.0676	LG21	5119377
2676	11081	0.0184	LG10	22122129
2677	17879	0.0487	LG10	2293277
2678	2830	-0.0068	LG07	23332711
2679	14729	0.1024	LG12	18146976
2680	20222	8e-04	LG01	15949701
2681	3396	0.0185	LG06	25314954
2682	14720	0.0682	LG01	14360204
2683	19940	0.0174	LG16	28505558
2684	13476	-0.0023	LG09	16123768
2685	14727	0.016	LG17	18986709
2686	16360	0.0409	LG03	7374030
2687	15269	0.03	LG01	7489971
2688	24009	0.0265	LG05	12735878
2689	1349	-0.0058	LG22	16461504
2690	23556	-0.0036	LG01	8703318
2691	23550	-0.0106	LG15	19942101
2692	13379	0.0428	LG22	21235782
2693	13979	0.0376	LG05	14406847
2694	9878	0.0168	LG04	28655265
2695	18111	0.0373	LG10	2525180
2696	6926	0.0141	LG15	8356855
2697	9870	0.0031	LG01	25537657
2698	7711	0.023	LG11	2322577
2699	11154	0.0639	LG13	20413713
2700	17666	0.0515	LG08	11504924
2701	7715	-0.0078	LG03	14049056
2702	5541	-0.0051	LG11	10611314
2703	24510	0.0011	LG21	7237527
2704	24279	0.0214	LG19	18761611
2705	1503	-0.002	LG21	15279223
2706	8596	0.0049	LG13	3111762
2707	8597	0.0469	LG10	16803083
2708	23152	0.0861	LG22	6027789
2709	3086	-0.0069	LG16	5738820
2710	8590	0.0189	LG04	25049798
2711	23331	0.0914	LG20	14544825
2712	8375	-0.0045	LG03	11594755
2713	22698	0.1589	LG09	7438914
2714	22206	0.1018	LG12	21990158
2715	5894	-0.0051	LG01	5179409
2716	8572	0.0613	LG03	20677019
2717	11234	0.1186	LG16	11625756
2718	13802	-0.0072	LG18	13884781
2719	3885	0.0525	LG03	23804757
2720	3887	0.1402	LG06	14278663
2721	11569	0.1059	LG03	10321098
2722	17779	0.0248	LG05	18648134
2723	15560	-0.0034	LG23	19944389
2724	12570	0.0188	LG04	15462653
2725	15251	0.1128	LG20	5763678
2726	13575	0.043	LG06	6229225
2727	22648	0.0162	LG01	4342933
2728	22336	-0.0049	LG20	12477427
2729	22332	0.0194	LG08	19098019
2730	22331	-0.0071	LG16	3984059
2731	16965	0.0087	LG08	5811721
2732	19083	-0.0017	LG09	16022854
2733	19081	0.0866	LG03	7238162
2734	25087	-0.0057	LG15	19506489
2735	16059	0.0023	LG21	20400508
2736	25009	-0.0034	LG20	3492816
2737	16504	0.0139	LG06	23022030
2738	19731	0.0083	LG20	1842228
2739	16053	-0.007	LG04	6544967
2740	22687	0.0386	LG17	4417025
2741	11209	-0.0045	LG09	23570711
2742	11521	0.019	LG06	11046781
2743	12615	0.0183	LG23	17463133
2744	941	0.1661	LG23	16779334
2745	23421	0.0388	LG05	7123980
2746	22689	0.0301	LG16	18669495
2747	16706	0.1143	LG03	8053761
2748	15017	0.0226	LG12	6450207
2749	11564	0.003	LG19	11774672
2750	4002	0.0334	LG03	8053673
2751	4003	0.0682	LG01	24038892
2752	4004	0.0083	LG15	7912926
2753	21802	0.0183	LG09	609295
2754	9894	0.0938	LG01	23601228
2755	24734	0.0027	LG22	19495640
2756	3973	-0.0054	LG06	17505582
2757	3972	-3e-04	LG11	8894347
2758	19425	0.0665	LG03	10767687
2759	23211	0.0499	LG07	26183959
2760	9898	-0.0045	LG04	20122738
2761	19559	0.0156	LG16	4031997
2762	22710	0.102	LG12	10828140
2763	24874	-0.0026	LG01	6163947
2764	19551	0.0352	LG06	5223455
2765	21016	-0.0065	LG07	23507934
2766	3623	-0.0017	LG02	12024231
2767	3622	-0.0043	LG21	18382081
2768	13991	0.0275	LG06	2695268
2769	19885	0.0676	LG17	11215274
2770	19884	0.0059	LG16	30787223
2771	22084	0.0245	LG17	10466061
2772	22061	-4e-04	LG22	11222389
2773	16612	0.0937	LG10	1560210
2774	22068	0.4362	LG17	4492434
2775	16616	0.0641	LG13	1620642
2776	16615	0.0187	LG21	22174957
2777	2331	0.0031	LG06	15803151
2778	2332	-0.0075	LG02	11144818
2779	11413	0.0363	LG02	22543785
2780	2334	0.0679	LG04	13791139
2781	2335	0.0546	LG12	6026045
2782	11417	0.0175	LG07	23619683
2783	12762	0.0189	LG22	14755659
2784	17185	0.0458	LG09	13511279
2785	15794	0.1337	LG19	13824086
2786	17816	0.0066	LG06	237035
2787	25483	0.1444	LG20	3304869
2788	16292	0.0054	LG08	9791342
2789	16291	0.0276	LG01	14215233
2790	6883	-0.0063	LG03	14829943
2791	16474	-0.007	LG04	14767734
2792	15791	0.0211	LG01	141695
2793	25269	0.1177	LG09	3155786
2794	12979	-0.0054	LG17	11969763
2795	21905	-0.0023	LG16	28586581
2796	21907	-0.0074	LG18	13803198
2797	13369	-0.0063	LG17	6882621
2798	16277	0.0471	LG02	21057505
2799	19956	0.0931	LG12	9597045
2800	16270	0.0015	LG11	3234999
2801	17677	0.0241	LG12	5846753
2802	4473	0.1181	LG12	4009809
2803	4472	0.0477	LG07	806594
2804	24994	-0.0052	LG21	12031059
2805	17670	0.1534	LG07	25484701
2806	4909	0.0237	LG01	24794728
2807	22364	0.013	LG22	19950094
2808	21482	0.0206	LG18	5106734
2809	12972	0.016	LG16	17979586
2810	4905	0.0264	LG03	11011877
2811	13563	0.1128	LG14	11822336
2812	4671	0.0154	LG13	16647496
2813	12971	-0.0031	LG09	5313858
2814	24841	0.0024	LG16	2273141
2815	5688	-0.0019	LG03	6697589
2816	7395	0.013	LG07	30555580
2817	20249	0.2359	LG11	21054680
2818	7391	0.0425	LG06	22765329
2819	7390	-0.007	LG02	8993371
2820	5148	-0.0047	LG20	19627680
2821	24348	0.008	LG03	9050793
2822	22445	-0.0037	LG22	8819750
2823	17959	-0.002	LG09	16869465
2824	3405	0.0887	LG20	9196469
2825	126	0.019	LG01	26277273
2826	17016	0.0679	LG02	12664574
2827	7537	0.0065	LG16	24064939
2828	20760	-0.0058	LG08	15110370
2829	16872	0.0192	LG02	20006957
2830	24772	0.0739	LG03	27111842
2831	12384	0.2826	LG09	22398721
2832	7086	0.0209	LG12	20716376
2833	4878	0.0062	LG05	11387138
2834	24774	0.087	LG17	7625576
2835	6312	0.0251	LG12	26603732
2836	2069	7e-04	LG07	17433168
2837	17165	0.0187	LG18	21972144
2838	6314	-0.0074	LG21	17634614
2839	6315	0.0098	LG16	4018052
2840	2792	0.0158	LG09	14618268
2841	9168	0.0866	LG19	9468369
2842	6318	0.0457	LG22	4155074
2843	6319	0.0072	LG15	19420916
2844	13531	-0.0068	LG22	14090530
2845	14115	0.0256	LG23	1801745
2846	20245	0.0439	LG01	14915282
2847	9097	0.0473	LG18	18493608
2848	10691	0.0684	LG15	8792435
2849	25322	-0.0052	LG21	9733879
2850	9308	0.0362	LG04	32661853
2851	10431	0.1075	LG08	10365018
2852	9658	0.0353	LG12	21292189
2853	10435	0.0162	LG06	24850560
2854	17708	1e-04	LG15	13907715
2855	13142	0.0172	LG01	8383158
2856	20691	0.1028	LG15	7901474
2857	20770	-0.007	LG13	20742960
2858	4495	0.0147	LG18	14023647
2859	4492	0.0673	LG14	9933392
2860	4491	0.0679	LG08	10633171
2861	9789	0.0188	LG15	20443398
2862	24342	0.065	LG14	9467759
2863	15351	0.0176	LG17	9439339
2864	4499	0.0063	LG20	2829965
2865	15887	0.0188	LG17	6752963
2866	6823	0.0029	LG13	5583349
2867	15735	-3e-04	LG02	11907621
2868	15881	0.0179	LG08	26492037
2869	16968	0.0279	LG06	17047164
2870	2934	-0.0068	LG05	19374392
2871	18615	0.0142	LG08	12122177
2872	11899	0.0525	LG16	16177834
2873	18581	0.0139	LG21	21143845
2874	11895	-0.0075	LG10	16877062
2875	6441	-0.0064	LG02	8567129
2876	19011	0.231	LG19	19746275
2877	20186	0.0025	LG20	4366727
2878	23947	0.0146	LG07	17608211
2879	16800	-0.0079	LG04	17712984
2880	14930	-0.0013	LG17	6469854
2881	8816	5e-04	LG17	6318548
2882	8813	0.0246	LG07	18222159
2883	14287	-3e-04	LG10	7429779
2884	18276	-0.0052	LG09	1894085
2885	13036	0.0084	LG11	190717
2886	18273	0.1404	LG13	19032406
2887	16963	0.0266	LG21	7542984
2888	579	-0.0072	LG20	5032562
2889	18726	0.0024	LG08	25130632
2890	11092	0.0319	LG06	11334310
2891	18050	0.0015	LG10	1115331
2892	8747	-9e-04	LG19	10319156
2893	8746	0.024	LG16	30888212
2894	571	0.327	LG08	11071974
2895	8212	0.0097	LG13	9273834
2896	8217	-0.005	LG18	1681718
2897	14344	0.0189	LG01	2557271
2898	15774	0.0197	LG14	7268942
2899	15645	0.1764	LG07	21003278
2900	15646	0.0109	LG12	5579243
2901	12963	3e-04	LG06	4294118
2902	3161	0.0488	LG08	15130801
2903	7096	-0.0102	LG15	17339557
2904	5431	0.0439	LG23	5415195
2905	14730	-0.0084	LG15	23235641
2906	17311	0.042	LG04	1015872
2907	20230	0.0196	LG16	20860046
2908	16087	0.1186	LG08	21531046
2909	730	-0.0055	LG17	10130879
2910	734	0.01	LG13	25259416
2911	739	0.021	LG23	14881136
2912	9565	0.0469	LG20	6360309
2913	23520	0.1408	LG20	19109947
2914	23100	-0.001	LG08	5415753
2915	8100	0.0034	LG07	11428517
2916	8103	-0.0075	LG08	667242
2917	23529	0.046	LG01	22426003
2918	23528	1e-04	LG04	34498084
2919	463	0.044	LG21	9638567
2920	15398	-0.0034	LG15	18062209
2921	15393	0.0562	LG01	20244563
2922	9865	0.0602	LG21	10935303
2923	11146	0.0728	LG20	10708865
2924	11144	0.0018	LG22	17277163
2925	23180	-0.001	LG17	10475862
2926	11140	-0.0078	LG01	11291570
2927	14421	-0.0057	LG08	663256
2928	24504	-0.0068	LG05	11587563
2929	1519	0.0197	LG11	19513503
2930	12277	0.0146	LG20	4368395
2931	21920	0.0192	LG21	21956905
2932	17312	0.0303	LG04	21518848
2933	13818	-0.0062	LG16	9080244
2934	10844	0.0207	LG08	9797973
2935	23788	0.0593	LG06	19578433
2936	5882	0.0216	LG09	10461569
2937	12544	0.0085	LG06	16294851
2938	12810	0.1208	LG11	7562224
2939	23863	0.0128	LG03	8123980
2940	13813	0.0162	LG09	7158850
2941	8568	0.0055	LG01	14990824
2942	6554	0.0439	LG05	4972861
2943	16011	0.0102	LG18	4992066
2944	15066	-0.0035	LG20	8309667
2945	15060	0.2279	LG11	4509609
2946	15069	0.095	LG03	20311656
2947	22328	0.0742	LG23	688488
2948	7479	0.0176	LG07	16236256
2949	3186	0.0068	LG19	9805870
2950	24433	0.0232	LG21	13109523
2951	22596	0.0709	LG15	17133549
2952	19729	0.2292	LG11	9699702
2953	16046	0.0214	LG04	8899634
2954	19725	-4e-04	LG17	11204349
2955	16517	0.0754	LG23	9899809
2956	22690	0.0782	LG18	8787872
2957	11552	0.0114	LG15	14987505
2958	15002	0.0954	LG10	18594202
2959	6631	0.0201	LG14	15779407
2960	6635	0.0446	LG07	21047437
2961	6637	0.0192	LG18	15123738
2962	11176	-0.0022	LG07	27362617
2963	16153	0.119	LG18	12549315
2964	4013	0.1493	LG04	33514896
2965	4010	0.0296	LG03	13761867
2966	7501	0.074	LG08	13128416
2967	7509	0.0571	LG03	1901276
2968	9888	0.0194	LG08	19299110
2969	17971	0.1299	LG23	20868446
2970	17523	0.0302	LG21	16251869
2971	19543	0.0056	LG15	19969306
2972	25450	0.0728	LG03	24305530
2973	16880	0.0346	LG17	18049624
2974	12775	3e-04	LG21	8664788
2975	12771	0.0429	LG01	7923920
2976	19854	-0.0035	LG19	14775984
2977	23178	-0.003	LG09	20841659
2978	2327	4e-04	LG17	1002493
2979	4702	0.0067	LG09	9449210
2980	13631	0.059	LG05	19888628
2981	2329	1e-04	LG16	24549889
2982	23858	-0.004	LG19	12740514
2983	10441	-0.0016	LG21	10658867
2984	12425	0.0439	LG15	18613652
2985	16280	0.0414	LG10	9631682
2986	10953	0.0187	LG21	14345198
2987	10951	0.0185	LG08	16407110
2988	287	-0.0013	LG18	6244277
2989	21174	-0.0049	LG12	22865901
2990	3761	0.0025	LG03	20306369
2991	25297	0.0508	LG17	4720139
2992	25296	-0.0054	LG18	17573131
2993	25293	0.0028	LG09	10421422
2994	25139	-0.0048	LG17	2245860
2995	263	-0.007	LG09	19977194
2996	11509	0.02	LG05	3589620
2997	16264	0.0042	LG05	3973528
2998	8872	0.0087	LG06	12940079
2999	21089	-0.0061	LG10	4739467
3000	19943	0.1138	LG11	5432424
3001	17391	0.0065	LG02	19424468
3002	21772	-0.0051	LG17	6468420
3003	24980	0.027	LG21	14333627
3004	17392	0.0082	LG08	19037683
3005	24986	0.0107	LG22	10906649
3006	25103	0.0105	LG17	9311094
3007	17480	0.0072	LG16	30396062
3008	2498	0.0175	LG23	2830661
3009	10966	0.0485	LG10	10433055
3010	2491	0.0455	LG17	12103417
3011	4643	0.0026	LG13	5556883
3012	4646	0.0597	LG05	19743630
3013	13556	-0.0051	LG07	545999
3014	4644	0.0816	LG05	11293151
3015	12895	-0.0045	LG20	1297463
3016	2258	0.0371	LG13	7099455
3017	11770	0.0409	LG12	5439863
3018	11774	0.0069	LG13	799439
3019	13583	0.0112	LG03	17439369
3020	22931	-0.0011	LG01	14391336
3021	22688	-0.0074	LG14	20409170
3022	10738	0.0515	LG20	24076299
3023	23740	0.0082	LG15	4420759
3024	5151	-0.0066	LG14	12928347
3025	5155	0.0613	LG20	13444345
3026	10730	0.1537	LG13	12192317
3027	7875	0.1429	LG07	11452690
3028	117	0.0188	LG16	670282
3029	7870	0.0187	LG06	6309938
3030	13090	0.0428	LG01	2507110
3031	19910	0.0022	LG16	12218491
3032	20753	0.0735	LG07	27066137
3033	22842	-0.0078	LG23	5489707
3034	22913	-0.0078	LG19	16321589
3035	7879	0.1784	LG10	19467967
3036	2780	0.3623	LG01	11869646
3037	23445	0.0273	LG13	8744355
3038	16865	0.0183	LG23	16865370
3039	12394	0.0023	LG07	27314143
3040	16861	-0.0053	LG23	1366855
3041	21185	0.0187	LG03	12326269
3042	9461	-0.0067	LG05	18045280
3043	23748	0.0305	LG07	546087
3044	12155	0.1381	LG14	24906321
3045	2071	0.0137	LG11	19958497
3046	6306	0.0048	LG22	5816842
3047	11609	0.1432	LG20	677054
3048	2075	0.0664	LG05	21654489
3049	10134	0.0128	LG22	18177595
3050	10136	0.0273	LG04	19736434
3051	20532	0.0083	LG21	5502111
3052	11954	-0.0036	LG10	2256027
3053	9085	0.058	LG20	18816719
3054	9082	0.0366	LG09	20408663
3055	10429	-0.005	LG05	2555026
3056	17737	0.0501	LG05	11138867
3057	9645	0.0644	LG01	10419488
3058	9316	0.0194	LG04	30729475
3059	17739	0.0672	LG13	9164472
3060	10421	0.221	LG08	9228751
3061	9640	-0.0076	LG18	3955603
3062	21590	0.0884	LG11	5432942
3063	7271	-0.0018	LG15	4420847
3064	7275	0.0269	LG01	22595118
3065	22863	0.1379	LG04	11033438
3066	3501	0.0186	LG21	12112127
3067	2672	0.0812	LG01	26278837
3068	2677	0.0176	LG21	9477851
3069	15274	0.0262	LG15	5888323
3070	12803	-3e-04	LG09	6289788
3071	9611	0.0857	LG09	16641125
3072	6835	-0.0031	LG16	27854868
3073	2922	0.0982	LG11	24771036
3074	25622	0.0246	LG12	20249556
3075	5333	0.0185	LG14	17190035
3076	18599	9e-04	LG13	9325469
3077	10552	1e-04	LG21	7506255
3078	5337	-0.0044	LG11	12475090
3079	5336	0.1166	LG06	20059538
3080	24135	-0.0049	LG13	6936637
3081	18591	-0.003	LG13	15078131
3082	14635	-4e-04	LG02	20550530
3083	1983	0.0087	LG13	11362580
3084	1638	-0.0094	LG04	14007496
3085	11313	0.1343	LG14	11519823
3086	8820	-0.0051	LG05	23467616
3087	15098	-0.007	LG22	4547122
3088	8778	-0.0076	LG02	19375815
3089	20057	0.0497	LG04	15803187
3090	2813	0.0244	LG15	16004593
3091	15378	0.0011	LG18	153762
3092	561	0.0293	LG09	10073918
3093	7643	0.0129	LG04	27733899
3094	24920	0.0077	LG05	19158882
3095	7647	-0.0057	LG19	4764986
3096	14702	0.0048	LG14	8731298
3097	11420	0.0407	LG08	17026926
3098	24226	0.072	LG11	13148494
3099	3172	-0.0013	LG02	14430240
3100	3175	-0.0071	LG18	5047498
3101	23361	-0.0051	LG22	12129202
3102	15650	0.0186	LG09	16091715
3103	7081	0.0078	LG04	2557433
3104	20248	0.0762	LG07	29864471
3105	21961	0.029	LG07	29591336
3106	3379	0.0155	LG14	24722870
3107	7089	-0.0067	LG14	9364782
3108	20242	-0.0073	LG22	7133742
3109	3373	0.021	LG08	8966991
3110	5423	0.0327	LG09	19422752
3111	17332	-0.0013	LG02	12300457
3112	721	0.0545	LG14	12869166
3113	19592	-0.0049	LG03	20800363
3114	4392	0.0206	LG03	11832920
3115	2587	-0.0017	LG14	202833
3116	1160	0.0498	LG15	17477533
3117	1162	0.0207	LG04	31408269
3118	6492	-0.005	LG19	5269679
3119	4242	-0.0053	LG16	24526804
3120	6498	-0.005	LG16	22280826
3121	5524	0.0334	LG03	18033180
3122	4396	0.0194	LG13	7298301
3123	15473	0.0156	LG07	18504448
3124	6467	-0.0071	LG17	6538332
3125	6947	-4e-04	LG20	16306049
3126	15474	-0.0073	LG15	17483500
3127	6944	0.0898	LG05	18764110
3128	11170	0.0324	LG13	20663798
3129	10648	0.0029	LG05	11265067
3130	5491	0.0514	LG12	6650537
3131	1568	0.0183	LG12	23698751
3132	20898	0.0656	LG03	6721773
3133	13701	0.0085	LG12	18405059
3134	23055	-0.0037	LG01	13348517
3135	1560	0.235	LG15	15461179
3136	8484	0.0077	LG22	19029332
3137	1294	0.0377	LG22	6705225
3138	1567	0.0433	LG15	17339469
3139	24025	-0.0057	LG16	28685001
3140	12555	0.0538	LG23	12601838
3141	8554	0.02	LG23	4965463
3142	23626	3e-04	LG21	16886724
3143	12559	-1e-04	LG23	21947173
3144	23624	4e-04	LG02	19001001
3145	17118	-0.0022	LG02	20711926
3146	23190	-0.0043	LG07	6942938
3147	23191	-0.0042	LG04	19725654
3148	8002	-0.0015	LG08	7093665
3149	4398	0.1731	LG06	18998161
3150	24402	0.0193	LG13	10552644
3151	5637	0.0136	LG16	27428629
3152	5633	0.0203	LG23	7996770
3153	3197	0.0606	LG08	24846203
3154	3196	0.0551	LG22	19156479
3155	3195	0.011	LG07	13297888
3156	16834	-0.0057	LG07	28130284
3157	3193	-0.0066	LG08	4803505
3158	8486	0.0021	LG10	22526695
3159	13355	0.043	LG11	13376613
