Locus	chromosome	position	fst
3	LG21	18027708	0.0142
5	LG11	27261814	0.6895
6	LG10	5565406	0.042
11	LG10	22879220	0.0523
16	LG21	7743712	0.0236
19	LG21	4032093	0.0236
20	LG01	8417786	0.0206
24	LG20	9392547	0.0168
39	LG09	17882115	0.0576
53	LG11	26240806	0.0863
54	LG20	10911887	0.9409
63	LG07	8250504	0.0185
67	LG01	25118415	0.0362
75	LG14	16964648	0.0858
86	LG04	5514604	0.0133
88	LG15	17142273	0.0343
91	LG14	5057159	0.0264
92	LG10	10496043	0.6407
98	LG12	20292473	0.0101
101	LG03	20685759	0.3587
109	LG05	10536052	0.2655
111	LG02	19524547	0.0517
117	LG16	670282	0.976
126	LG01	26277273	2e-04
139	LG19	5505913	0.0361
142	LG16	348177	0.029
148	LG14	23216958	0.0265
160	LG22	2265503	0.0143
164	LG04	20273388	0.2175
166	LG02	23270721	0.0323
167	LG12	26759763	0
169	LG03	15330761	0.0143
174	LG08	1312422	0.044
183	LG19	12157293	0.1302
187	LG12	25008487	0.0167
189	LG03	25718099	0.0105
198	LG10	12542466	0.8809
200	LG08	1227839	0.1201
206	LG03	19138705	0.2576
212	LG16	17455795	0.0285
220	LG04	13609089	0.8639
221	LG04	1318919	0.0143
228	LG17	14007228	0.0237
240	LG15	22676655	0.4029
244	LG10	5851012	0.0457
246	LG02	17086725	0.0041
248	LG06	10068536	0.0157
253	LG01	13663746	0.0113
256	LG08	13184454	0.7594
263	LG09	19977194	0.208
287	LG18	6244277	0.5005
297	LG05	20858577	0.0862
298	LG20	17936497	0.0342
331	LG14	21214207	0.0052
364	LG13	13518047	0.7864
367	LG13	13517959	0.7922
368	LG02	8817267	0.0352
373	LG08	21935513	0.0029
376	LG17	491060	0.0347
377	LG17	4388510	0.2145
379	LG09	18491323	0.0167
380	LG20	8995844	0.0772
381	LG06	10890799	0.5298
388	LG14	9808221	0.0683
391	LG16	21523873	0.0952
392	LG23	8351293	0.044
404	LG13	423107	0.0463
410	LG09	13926079	0.2942
411	LG11	28215278	0.05
415	LG09	6944185	0.3711
419	LG17	10517407	0.4886
420	LG17	11891252	0.0578
422	LG19	2645644	0.0268
425	LG20	5151213	0.3674
440	LG03	27467841	0.5358
445	LG14	11240709	0.1213
463	LG21	9638567	0.0806
472	LG10	23241108	0.016
481	LG03	26628801	0.0182
490	LG14	1523992	0.8467
494	LG11	27847476	0.0233
512	LG18	9558850	0.0014
522	LG12	18820544	0.5942
525	LG22	19123984	0.1115
528	LG08	15156053	0.1215
534	LG05	20110056	0.005
535	LG21	5362930	0.0496
541	LG12	10886813	0.1353
545	LG08	10413548	0.1294
548	LG14	26573044	0.105
554	LG14	7209191	0.0219
561	LG09	10073918	0.0846
571	LG08	11071974	0.0047
589	LG05	2535105	0.0812
591	LG16	22280738	0.2606
592	LG05	7679170	0.0364
594	LG20	21987431	0.0777
597	LG15	20571696	0.0478
605	LG16	11855044	0.0802
613	LG22	6028173	0.0046
616	LG14	1538720	0.6923
618	LG14	2325174	0.2208
630	LG23	8025312	0.0212
644	LG20	4187239	0.1017
647	LG22	19872092	-0.002
660	LG12	11266320	0.0076
663	LG14	22324245	0.0089
669	LG01	12788651	0.7485
671	LG23	17377949	0.0328
673	LG21	6249646	0.1042
691	LG14	8500453	0.0379
694	LG19	13093143	0.0403
695	LG02	16820235	0.0247
700	LG21	9085847	0.0118
705	LG13	17217650	0.0558
708	LG09	1654444	0.0389
716	LG10	23520241	0.1696
719	LG11	14396040	0.1096
721	LG14	12869166	0.4536
730	LG17	10130879	0.0248
733	LG06	18660007	0.0183
734	LG13	25259416	0.0211
735	LG16	14151077	0.99
739	LG23	14881136	0.0091
746	LG21	18110489	0.026
756	LG11	3127754	0.0258
765	LG01	16350985	0.5909
766	LG02	17006437	0.0317
768	LG19	7893544	0.0561
769	LG20	8455617	0.0081
780	LG12	4213605	0.2272
786	LG20	10305701	0.0219
792	LG22	13579970	0.0776
803	LG02	6015120	0.0204
805	LG21	9856598	0.1996
813	LG06	12873880	0.1046
815	LG14	7114942	0.4985
820	LG08	6783271	0.2018
825	LG04	33313977	-0.0022
829	LG01	22477868	0.0553
860	LG15	8162379	0.0985
862	LG23	3032160	0.0454
885	LG10	5851100	0.0239
888	LG19	5854828	0.1447
899	LG23	11912788	0.1049
901	LG19	14535981	0.013
917	LG09	23966054	0.0097
925	LG07	16246230	0.5332
926	LG06	8571939	0.0435
927	LG06	6420980	0.0031
941	LG23	16779334	0.2468
943	LG08	17866162	0.0467
951	LG22	3422278	0.1433
952	LG16	15094047	0.0423
954	LG06	8064417	0.2392
960	LG12	10174457	0.0112
966	LG13	18698689	0.0183
974	LG15	18002768	5e-04
982	LG05	18446161	0.0023
986	LG09	18413149	0.0229
992	LG21	3580050	0.032
1000	LG20	21700794	0.0128
1002	LG14	22855271	0.3471
1007	LG16	14981817	0.01
1017	LG06	6804646	0.0127
1020	LG18	17770636	0.8521
1027	LG11	880476	0.0284
1031	LG15	10603181	0.1449
1037	LG01	22314645	0.0137
1047	LG09	6946806	0.2006
1048	LG13	21014787	0.2931
1052	LG03	29149123	0.0296
1053	LG13	11331788	0.0098
1054	LG06	19898749	0.7131
1066	LG15	25606927	0.0219
1073	LG10	2603183	0.0817
1078	LG14	1738653	0.0237
1082	LG02	7995350	0.0196
1085	LG03	9056737	0.0518
1089	LG08	13112738	0.011
1091	LG04	987643	0.0499
1092	LG20	20701546	0.0075
1094	LG01	8989975	0.3325
1098	LG08	13960352	0.2471
1104	LG01	12761963	0.0184
1122	LG04	16838600	0.5672
1138	LG04	14058546	0.0469
1157	LG11	26193891	0.1191
1159	LG14	22877258	0.01
1160	LG15	17477533	0.3782
1162	LG04	31408269	0.037
1167	LG11	10595723	-6e-04
1176	LG01	13275503	0.515
1190	LG01	8092422	0.7647
1193	LG03	24543439	0.0115
1197	LG20	15002118	0.1378
1205	LG18	2123484	0.0234
1206	LG02	4112829	0.0422
1228	LG13	20016866	0.0246
1229	LG20	13703518	0.0927
1253	LG22	11919118	0.011
1254	LG20	20099558	0.1202
1258	LG07	27182155	0.0465
1262	LG10	17743127	0.0055
1266	LG08	20768613	0.0858
1275	LG01	19119404	0.0103
1285	LG20	6673367	0.1772
1287	LG03	7081654	0.0062
1294	LG22	6705225	0.1053
1306	LG13	11880001	0.3443
1311	LG09	12622187	0.0075
1323	LG20	6539707	0.1913
1339	LG14	17204107	0.1024
1345	LG02	23955104	0.2041
1349	LG22	16461504	0.0377
1354	LG12	3284303	0.0302
1372	LG14	20906701	0.0422
1392	LG04	31306420	0.158
1393	LG01	9598261	0.5847
1407	LG23	12976106	0.2248
1420	LG03	1176528	0.0205
1441	LG14	10322868	0.0116
1451	LG03	20425799	5e-04
1452	LG20	5697820	0.0808
1463	LG14	16098739	0.0308
1469	LG20	12562983	0.1139
1473	LG11	27198631	0.1068
1474	LG12	7753631	0.0305
1478	LG11	20773184	0.0373
1482	LG13	10971676	0.046
1490	LG07	23424347	0.0844
1503	LG21	15279223	0.3416
1504	LG09	6084778	0.075
1519	LG11	19513503	0.0377
1547	LG11	7746059	0.0538
1560	LG15	15461179	0.3082
1567	LG15	17339469	0.1659
1571	LG13	12440085	0.884
1572	LG13	17972384	0.0092
1582	LG09	16940306	0.0505
1589	LG15	8882522	0.0235
1592	LG10	2502491	0.0301
1596	LG16	22145857	0.0375
1602	LG01	11804307	0.0372
1617	LG01	3728784	0.1466
1635	LG13	5076698	0.0841
1638	LG04	14007496	0.0817
1655	LG11	24272512	0.0502
1660	LG18	7683702	0.0238
1689	LG13	21043471	0.0071
1693	LG08	10243819	0.2145
1698	LG13	14576126	0.0072
1711	LG18	6879063	0.0143
1712	LG14	28035100	0.0219
1713	LG01	9493971	0.106
1722	LG15	7404476	0.0328
1729	LG18	16054673	0.0234
1730	LG01	20219379	0.02
1734	LG17	16433379	0.0387
1737	LG07	14640691	0.0727
1738	LG16	27755689	0.164
1739	LG22	11675953	0.0165
1756	LG11	8086242	0.0145
1770	LG19	9781979	0.0527
1773	LG01	4343021	0.3028
1794	LG09	24143400	0.4723
1817	LG17	7587295	0.0266
1833	LG01	9761602	0.0446
1844	LG15	17981722	0.1079
1845	LG03	16345097	-0.001
1855	LG02	23270633	0.0331
1858	LG02	13158554	0.0176
1859	LG04	22949532	0.0413
1872	LG10	21232603	0.1408
1873	LG12	16935478	0.9965
1881	LG12	11484342	0.9894
1889	LG22	17138763	0.0625
1906	LG02	19009588	-0.002
1907	LG10	17098895	0.2625
1911	LG21	3578040	0.3807
1926	LG20	20827715	0.0311
1933	LG21	12444588	0.7061
1936	LG14	24505155	0.0481
1939	LG23	947149	0.5842
1957	LG03	20523113	0.0749
1962	LG05	20623937	1e-04
1963	LG11	17081118	0.0576
1968	LG05	10680722	0.0442
1969	LG23	1571051	0.0094
1970	LG14	5451290	0.01
1975	LG14	5051097	0.7043
1978	LG11	18595849	0.0214
1983	LG13	11362580	0.2164
1995	LG03	20433399	0.1543
2029	LG16	1408228	0.5731
2038	LG19	9585216	0.0896
2046	LG05	11189734	0.2655
2058	LG17	5380965	0.0336
2064	LG11	7306299	0.9889
2069	LG07	17433168	0.4683
2071	LG11	19958497	0.0437
2075	LG05	21654489	0.0802
2082	LG17	8854605	0.0101
2087	LG07	28942026	0.1058
2100	LG17	4283147	0.2724
2110	LG02	15714736	0.0962
2118	LG16	25894782	0.0261
2127	LG15	18189153	0.0632
2135	LG21	10135760	0.5796
2149	LG16	13928206	0.0816
2153	LG11	20773096	0.0747
2154	LG04	24968352	0.0781
2160	LG12	18822680	0.1548
2175	LG15	5358650	0.369
2176	LG04	18406174	0.064
2196	LG02	13700077	0.8447
2204	LG14	7233760	0.0039
2206	LG22	13391318	0.1978
2225	LG11	14495794	0.0328
2227	LG02	1753025	0.6526
2230	LG09	11505320	0.0157
2234	LG08	18949206	0.086
2251	LG23	15597949	0.0464
2258	LG13	7099455	0.3202
2261	LG21	19768537	0.0819
2274	LG13	1229015	0.1723
2319	LG07	20997192	0.5
2327	LG17	1002493	0.0056
2329	LG16	24549889	0.1266
2331	LG06	15803151	0.0286
2332	LG02	11144818	0.0096
2335	LG12	6026045	0.0568
2346	LG04	26005081	0.041
2349	LG16	9310784	0.0153
2353	LG17	4205312	0.056
2362	LG01	13543511	0.1312
2368	LG08	26184505	0.3335
2370	LG05	6913864	0.2982
2371	LG03	8761931	0.0583
2382	LG23	570487	0.0444
2390	LG13	19759312	0.2425
2399	LG19	3269647	0.0118
2400	LG08	24451697	0.0075
2408	LG08	11860507	0.7749
2417	LG20	14555094	0.1832
2425	LG14	8286219	0.8005
2429	LG14	26890038	0.2177
2454	LG07	21594394	0.0635
2455	LG01	10925525	0.0463
2456	LG21	13077508	0.0982
2468	LG11	6043896	0.1544
2491	LG17	12103417	0.0203
2497	LG20	22149852	0.1004
2498	LG23	2830661	0.1141
2506	LG08	11296393	0.0294
2520	LG07	12362085	0.1047
2522	LG06	8028686	0.3487
2539	LG15	25129974	0.0047
2554	LG22	16243903	-0.0015
2558	LG10	22020828	0.0559
2564	LG23	13632032	0.1898
2587	LG14	202833	0.0589
2601	LG21	19584532	0.0873
2603	LG23	14392966	0.194
2604	LG11	14815925	0.0216
2607	LG15	12236853	0.0586
2621	LG04	378962	0.1437
2623	LG19	2707850	0.0292
2647	LG03	8603218	0.5118
2648	LG17	5506104	0.003
2672	LG01	26278837	-2e-04
2677	LG21	9477851	0.0667
2682	LG13	23528989	0.0493
2694	LG21	8442668	0.0342
2705	LG10	22879308	0.0267
2706	LG12	16946944	0.0051
2709	LG19	18872684	0.0667
2718	LG22	16526905	0.0253
2733	LG02	20586675	2e-04
2735	LG07	13236326	0.9257
2742	LG04	26781953	0.4802
2751	LG23	22985440	0.0171
2752	LG14	29071558	0.2009
2762	LG22	122447	0.1391
2769	LG21	21919607	0.021
2780	LG01	11869646	0.0257
2786	LG16	30316865	0.0903
2792	LG09	14618268	0.0297
2810	LG05	10974598	0.0734
2813	LG15	16004593	0.0824
2820	LG15	17496341	0.1483
2824	LG13	18962061	0.5136
2826	LG13	18593933	0.6254
2830	LG07	23332711	0.1463
2844	LG16	5617631	0.0028
2850	LG15	24809063	0.0705
2851	LG08	21068744	0.0473
2861	LG14	15397625	0.0355
2866	LG01	23087036	0.1051
2874	LG01	21713494	0.719
2880	LG20	8455705	0.1037
2895	LG09	23542361	0.0296
2917	LG14	24703575	0.0951
2922	LG11	24771036	0.0076
2934	LG05	19374392	-0.0019
2947	LG23	939621	0.0864
2950	LG22	7744666	0.0295
2967	LG15	15149144	0.3217
2973	LG01	27732633	0.0809
2974	LG14	9719363	0.8721
2977	LG03	25242772	0.0848
2985	LG23	17166837	0.1787
2990	LG01	17231504	0.9147
2995	LG03	20582299	0.0731
2998	LG18	7457147	0.0411
3000	LG21	7459198	0.0148
3004	LG03	16947961	0.1111
3015	LG10	15163654	0.8131
3016	LG02	10295723	0.0188
3019	LG20	9261701	0.6028
3023	LG20	23059969	0.1456
3031	LG09	20025730	0.0531
3039	LG11	22402420	0.0019
3043	LG21	21161935	0.3114
3057	LG05	18929714	0.2027
3061	LG19	12728793	0.1689
3062	LG13	4642806	0.0024
3066	LG16	5085357	0.3003
3076	LG18	13129513	0.7678
3086	LG16	5738820	0.2409
3095	LG07	10800502	0.0455
3096	LG01	1380478	0.8257
3102	LG14	22294077	0.0698
3111	LG07	16957862	0.0597
3116	LG02	12426111	0.0838
3120	LG18	1987451	0.0448
3121	LG10	12858006	0.0589
3129	LG14	10030230	0.0078
3132	LG13	19057220	0.0123
3138	LG20	13442555	0.0278
3155	LG11	10611402	0.0757
3161	LG08	15130801	0.3047
3172	LG02	14430240	-0.0019
3175	LG18	5047498	0.009
3176	LG10	9762442	0.0076
3186	LG19	9805870	0.7457
3193	LG08	4803505	0.1877
3195	LG07	13297888	0.8361
3196	LG22	19156479	5e-04
3197	LG08	24846203	0.1181
3207	LG08	5648759	0.4972
3226	LG05	23467528	0.2216
3228	LG14	25824909	0.116
3238	LG23	14600916	0.0627
3244	LG08	6495561	0.0099
3248	LG10	20021617	0.1702
3258	LG11	2454027	0.0219
3261	LG18	18120527	0.0178
3266	LG11	18795306	0.0161
3280	LG04	8454042	0.1265
3284	LG07	9539930	0.2012
3298	LG21	12713994	0.3339
3303	LG21	6035264	0.0267
3304	LG12	21990246	0.1504
3307	LG07	26173439	0.1572
3308	LG14	10599926	0.0352
3309	LG19	16194987	0.2899
3312	LG03	13069918	0.0186
3324	LG07	16407381	0.0138
3328	LG17	16950833	0.0305
3339	LG13	20637133	0.0103
3341	LG14	28893155	0.7361
3342	LG21	13232316	0.6122
3348	LG16	19834425	0.0587
3351	LG19	15047198	0.326
3356	LG23	19265074	0.0275
3373	LG08	8966991	0.0379
3378	LG17	15944429	0.0522
3379	LG14	24722870	0.0696
3381	LG05	6350461	0.0228
3396	LG06	25314954	0.6647
3405	LG20	9196469	0.1945
3406	LG16	24229115	0.0272
3413	LG22	10670043	0.0144
3416	LG19	15655291	0.1172
3417	LG14	11676361	0.45
3420	LG21	3313349	6e-04
3430	LG11	14468693	0.0135
3434	LG10	6003116	0.1011
3437	LG12	23290112	0.0384
3458	LG09	3493810	0.0516
3460	LG18	6528272	0.8461
3464	LG01	2734393	0.0198
3473	LG01	17544233	0.0465
3480	LG12	23074809	0.2808
3484	LG15	23057730	0.032
3488	LG16	28100360	0.0235
3499	LG23	1731017	0.4889
3501	LG21	12112127	0.1532
3523	LG15	5955032	0.9465
3524	LG14	24505243	0.0781
3541	LG13	24575544	0.1738
3547	LG17	4126590	0.1096
3553	LG04	30956415	0.0563
3554	LG18	16220209	0.0108
3561	LG18	2208393	0.1324
3566	LG18	18337381	0.0477
3577	LG03	17399324	0.0187
3578	LG04	23391980	0.0348
3585	LG05	17298691	0.2331
3594	LG14	5903591	0.0603
3600	LG21	18337123	0.0438
3601	LG17	8319369	0.0386
3622	LG21	18382081	0.2049
3623	LG02	12024231	0.1068
3630	LG01	28032467	0.2486
3636	LG14	20385829	0.0037
3639	LG17	7633583	0.322
3651	LG09	1872590	0.3073
3659	LG16	23334936	0.0422
3662	LG11	16002009	0.995
3680	LG17	8605809	0.86
3692	LG06	13048766	0.0773
3694	LG04	23536033	0.0707
3708	LG13	1535521	0.935
3721	LG02	18900520	0.0548
3728	LG05	18541764	0.1171
3734	LG06	5926292	0.045
3753	LG10	9860946	0.7065
3754	LG19	20346480	0.0362
3756	LG11	22468503	0.4524
3761	LG03	20306369	0.0098
3776	LG01	24455925	0.8514
3780	LG22	2810555	0.5722
3794	LG01	17891914	0.0423
3797	LG21	5722754	0.045
3798	LG07	23461249	0.1725
3799	LG03	11143943	0.0324
3814	LG23	16003346	0.3126
3822	LG17	15671266	0.3471
3825	LG18	8102874	0.0385
3827	LG16	18742865	0.5711
3828	LG02	23363691	0.0088
3832	LG14	17957361	0.0984
3834	LG19	2026203	0.0956
3849	LG15	22242308	0.3207
3855	LG21	19913962	0.0155
3865	LG16	28094621	0.102
3866	LG18	10794024	0.0317
3867	LG21	16251957	0.0894
3875	LG04	34503689	0.9566
3879	LG03	1306194	0.0169
3885	LG03	23804757	0.0044
3886	LG11	14501523	0.016
3887	LG06	14278663	0.4809
3894	LG23	19738781	0.0099
3900	LG20	4903898	0.2026
3902	LG21	11188757	0.3718
3917	LG01	2734304	0.0121
3929	LG13	6072318	0.0056
3931	LG11	5295900	0.2035
3932	LG04	13557402	0.1149
3939	LG17	12450113	0.1283
3940	LG06	7867156	0.7247
3946	LG19	20490861	0.0529
3948	LG09	5671531	0.2372
3952	LG05	13877687	0.0473
3957	LG07	823426	0.0139
3960	LG08	10342640	0.0064
3962	LG10	605025	0.0225
3963	LG10	4690015	0.0091
3972	LG11	8894347	0.5253
3973	LG06	17505582	0.4151
3991	LG03	11820911	0.2694
4000	LG15	11074597	0.0365
4002	LG03	8053673	0.0064
4003	LG01	24038892	0.0036
4004	LG15	7912926	0.0146
4013	LG04	33514896	0.3148
4025	LG03	24223878	0.0166
4031	LG13	1193395	0.0331
4032	LG16	28482320	0.4802
4033	LG21	14840975	0.0093
4036	LG21	15316907	0.1032
4039	LG22	9367737	0.0704
4040	LG08	10912553	0.0572
4062	LG19	1676774	0.8892
4065	LG06	4009836	0.0291
4066	LG20	8942881	0.0236
4070	LG20	4384499	0.018
4079	LG15	21346221	0.0649
4081	LG22	9230244	0.3913
4083	LG10	15139047	0.212
4088	LG14	20885177	0.0544
4090	LG09	17063685	0.2728
4097	LG17	16950745	0.0248
4103	LG01	19759592	0.0215
4108	LG16	27795973	0.0724
4126	LG04	28825553	0.0184
4132	LG01	8475035	0.0329
4133	LG04	24866885	0.8224
4137	LG07	11811714	0.0829
4140	LG13	22202718	1e-04
4142	LG09	17587809	0.2646
4145	LG12	23109552	0.0733
4146	LG09	8211355	0.1073
4148	LG21	18381376	0.1361
4156	LG13	24013669	0.0195
4159	LG23	9262983	0.035
4162	LG05	14791890	0.2284
4171	LG10	17543844	0.0163
4172	LG20	5165816	0.0164
4174	LG22	9047081	0.0123
4176	LG18	20408482	-0.0015
4185	LG14	15778586	0.3969
4187	LG19	14116914	0.0922
4188	LG11	12127935	0.7924
4191	LG06	20741073	0.4687
4192	LG16	23885047	0.0478
4206	LG10	9793217	0.0259
4207	LG21	9732870	0.2132
4212	LG04	33598863	0.057
4213	LG06	237908	0.0594
4214	LG21	9121607	0.0908
4217	LG23	1421669	0.0258
4226	LG09	24607602	0.1109
4227	LG13	18686608	0.0527
4230	LG04	23389886	0.2396
4244	LG01	8751793	0.0211
4251	LG10	16638251	0.4855
4255	LG05	19773629	0.0426
4257	LG21	21235457	0.0426
4280	LG22	357359	0.0337
4317	LG08	21516625	0.2789
4332	LG23	3521287	0.1311
4336	LG11	6123685	0.0497
4344	LG11	9920661	0.1234
4352	LG16	27854956	0.0376
4365	LG01	18164746	0.9709
4368	LG08	12744936	0.0102
4371	LG04	20122826	0.1487
4373	LG04	22943548	0.5246
4392	LG03	11832920	0.0485
4396	LG13	7298301	0.0398
4398	LG06	18998161	0.1818
4402	LG14	17552012	0.9024
4404	LG22	7532382	0.0138
4411	LG12	22019003	0.0345
4413	LG15	4100436	0.0946
4426	LG10	4400003	0.0859
4442	LG13	14527982	0.0102
4452	LG06	12297808	0.0912
4453	LG03	9773441	0.3889
4458	LG22	8231118	0.0102
4459	LG09	19494289	0.0402
4472	LG07	806594	0.1209
4473	LG12	4009809	0.008
4484	LG05	3970822	0.0099
4489	LG04	27352498	0.053
4491	LG08	10633171	0.4062
4494	LG01	9685227	0.0845
4495	LG18	14023647	0.0973
4499	LG20	2829965	0.0182
4507	LG13	4567648	0.1584
4508	LG18	14305873	0.1633
4514	LG07	27682138	0.1384
4536	LG19	13287200	0.0701
4539	LG23	192827	0.9613
4541	LG21	3250882	0.7104
4549	LG17	7290454	0.0578
4550	LG12	17753872	-0.0018
4556	LG09	1872502	0.0361
4557	LG04	3826017	0.0139
4568	LG12	4779086	0.3847
4570	LG21	5426321	0.0976
4572	LG06	24057453	0.0305
4575	LG13	16159529	0.0385
4578	LG15	18490187	1e-04
4582	LG04	6571110	0.0059
4588	LG12	24207382	0.0484
4596	LG08	1761739	0.0283
4599	LG23	4023710	0.0729
4609	LG08	24762010	0.4541
4613	LG05	23973460	0.0211
4615	LG09	3670506	0.0784
4617	LG09	16838649	0.0711
4620	LG10	7813485	0.8194
4629	LG09	20931379	0.0061
4637	LG07	15411923	0.0058
4643	LG13	5556883	0.0435
4644	LG05	11293151	0.1215
4660	LG07	15879034	0.3775
4661	LG19	14510561	0.0415
4664	LG13	19009504	0.3144
4671	LG13	16647496	0.7099
4681	LG07	23084471	0.9914
4696	LG11	24477363	0.044
4702	LG09	9449210	0.1909
4711	LG12	8167261	0.1214
4727	LG06	489796	0.0142
4729	LG15	10706163	0.0634
4734	LG17	16510645	0.3179
4739	LG01	6163089	0.169
4740	LG12	4809150	0.01
4744	LG19	11917050	0.2272
4747	LG03	27467753	0.9203
4754	LG14	25213748	0.0076
4759	LG22	19809786	0.0062
4760	LG14	27989426	0.0367
4761	LG05	10222929	0.0435
4766	LG20	21148698	0.0098
4775	LG22	12376372	0.0143
4777	LG04	25625757	0.0906
4779	LG03	16989964	0.1477
4782	LG16	29902249	0.4145
4815	LG03	12288968	0.0288
4818	LG05	13382747	0.4429
4824	LG15	19559265	0.0129
4832	LG03	525362	0.0405
4834	LG11	12058857	0.9763
4836	LG02	14934973	0.5424
4837	LG11	18564220	0.0988
4841	LG16	6040999	0.0139
4849	LG15	17083022	0.2902
4852	LG15	24781633	0.0318
4856	LG07	20645188	0.1233
4863	LG03	27837891	0.0531
4878	LG05	11387138	0.1202
4887	LG06	22208449	0.008
4891	LG08	15555865	0.3812
4892	LG18	6589478	0.0522
4898	LG04	30578438	0.0192
4901	LG11	26061747	0.0945
4905	LG03	11011877	0.962
4909	LG01	24794728	0.0023
4939	LG20	22418798	0.0542
4958	LG10	22107920	0.4913
4960	LG09	17810629	0.0434
4989	LG14	12252629	0.0016
4998	LG04	29833176	0.0279
5001	LG21	8264744	0.0173
5002	LG10	1370047	0.0414
5003	LG11	16390445	0.0239
5011	LG09	6468238	0.6809
5016	LG22	4547210	0.0617
5023	LG01	214443	0.0135
5030	LG22	15046804	0.0295
5031	LG07	12728851	0.233
5035	LG22	16170968	0.0858
5042	LG11	25334679	0.3132
5052	LG13	5592907	0.4551
5060	LG08	9590391	0.2269
5071	LG05	2633866	0.0133
5077	LG06	12954935	0.3979
5079	LG03	3440963	-0.0018
5116	LG20	5151301	0.0354
5118	LG12	4298590	0.035
5124	LG09	5713978	0.0452
5133	LG12	19492744	0.0101
5137	LG19	5823389	0.021
5148	LG20	19627680	0.1723
5151	LG14	12928347	0.0604
5155	LG20	13444345	0.3933
5169	LG21	12135222	0.0219
5171	LG04	27557653	0.3045
5176	LG16	27148342	0.0555
5189	LG17	17473894	0.0149
5196	LG02	16247316	0.4143
5198	LG09	1393709	0.0688
5201	LG23	17880932	-0.0015
5203	LG10	5542453	0.0862
5206	LG08	18013058	0.1034
5208	LG01	2044448	0.0174
5217	LG10	16892961	0.0798
5227	LG23	17985491	0.0386
5232	LG06	19843692	0.1018
5264	LG15	14481775	0.0332
5273	LG22	4266854	0.0253
5281	LG11	7506208	0.1291
5287	LG12	20595615	0.1086
5288	LG16	27216949	0.1177
5310	LG23	15000836	0.0259
5322	LG07	4796419	0.034
5333	LG14	17190035	0.7809
5334	LG20	5780115	0.0503
5336	LG06	20059538	0.9451
5367	LG06	2752880	0.0802
5387	LG22	10727070	0.076
5398	LG18	8286073	0.0523
5417	LG07	20640020	0.0046
5427	LG05	18739983	0.0701
5431	LG23	5415195	0.0166
5437	LG23	9601195	0.0085
5441	LG13	22392008	6e-04
5442	LG03	7519450	0.0588
5450	LG08	15826307	0.0213
5451	LG09	17652516	0.057
5452	LG18	7795023	0.1014
5461	LG03	14545616	0.1213
5464	LG11	22086835	0.825
5465	LG06	22757568	0.0615
5469	LG05	21906804	0.005
5475	LG13	10028046	0.1134
5476	LG12	468391	0.6957
5481	LG05	5118361	0.0986
5482	LG01	9010262	0.0532
5501	LG18	14588802	0.0456
5516	LG22	5381422	0.3983
5520	LG04	18708578	0.0278
5524	LG03	18033180	0.5181
5534	LG19	19103458	0.2686
5538	LG23	9616094	0.1137
5539	LG18	15263037	0.0465
5541	LG11	10611314	0.768
5560	LG13	17284812	0.0029
5562	LG20	3274663	0.5578
5569	LG01	23205145	0.0237
5570	LG23	13796931	0.1474
5572	LG11	25112679	0.0543
5576	LG06	7858844	0.0306
5577	LG09	23969744	0.0323
5580	LG14	8286307	0.7243
5584	LG01	15478086	0.0436
5586	LG23	5729686	0.0404
5590	LG15	16949205	0.05
5594	LG10	23722049	0.0999
5600	LG05	20613309	0.0626
5606	LG18	8168863	0.0138
5610	LG06	6965868	0.0293
5614	LG11	23808690	0.001
5617	LG19	5461515	0.0756
5622	LG12	17015598	0.4957
5623	LG08	7239686	0.2574
5624	LG05	3688022	0.0445
5632	LG21	17876423	0.0786
5633	LG23	7996770	0.0417
5636	LG15	8532891	0.0153
5637	LG16	27428629	0.033
5650	LG02	3684400	0.2259
5654	LG20	10038052	0.8513
5662	LG23	10116938	0.4887
5668	LG12	23159905	0.1405
5672	LG12	20538654	0.0595
5673	LG23	2607933	0.0297
5679	LG15	19847386	0.8135
5685	LG09	4495270	0.1786
5688	LG03	6697589	0.2279
5692	LG02	4299155	0.0261
5699	LG14	8137819	0.0647
5719	LG06	11439647	0.0301
5722	LG16	17321653	0.1279
5730	LG16	5110535	0.6269
5738	LG05	19319935	0.018
5739	LG07	30391639	0.0036
5741	LG13	11956213	0.0933
5744	LG23	5048977	0.1398
5746	LG04	28800174	0.0335
5748	LG02	558992	0.052
5753	LG01	11309141	0.0075
5754	LG04	5682240	0.005
5765	LG21	7389806	0.1041
5766	LG18	22502477	0.0926
5770	LG06	9501622	0.0118
5775	LG05	19917386	0.079
5776	LG23	1598146	0.0715
5781	LG14	5998727	0.2817
5804	LG03	27076011	0.3238
5807	LG11	1821055	0.0272
5813	LG22	20191001	0.0131
5817	LG12	17403958	0.0314
5819	LG02	2217111	0.0099
5824	LG04	9835263	0.608
5834	LG08	10268342	0.0923
5844	LG08	9557314	0.0803
5845	LG13	14709344	0.2775
5851	LG02	21921687	0.3039
5853	LG09	9910448	0.0652
5882	LG09	10461569	0.1814
5891	LG22	6395073	0.0262
5892	LG14	4398890	0.2164
5894	LG01	5179409	0.0638
5897	LG17	5256866	0.0996
5902	LG03	12836004	0.0219
5923	LG21	20491767	0.069
5924	LG03	2481805	0.0122
5925	LG01	15884506	0.0113
5928	LG10	1369959	0.0172
5930	LG09	14503032	0.0283
5935	LG19	3809995	0.046
5945	LG14	12869078	0.1798
5946	LG07	2718878	0.0444
5952	LG23	17392054	0.0115
5962	LG10	5834804	0.0047
5966	LG11	3737428	0.3319
5973	LG17	6461537	0.344
5980	LG09	21886663	0.3767
5984	LG11	13375051	0.3387
5995	LG19	15587543	0.3253
6026	LG20	22696754	0.0555
6028	LG21	10135672	0.4594
6031	LG15	4924703	0.6074
6033	LG10	23278050	0.0842
6040	LG10	22004225	0.0604
6051	LG11	21094436	0.0121
6065	LG18	22189991	0.0449
6071	LG12	25107373	0.0605
6077	LG01	16099585	0.0728
6080	LG23	8352729	0.311
6085	LG21	15957906	0.6823
6094	LG12	8466885	0.4444
6099	LG09	6849550	0.0186
6100	LG17	15529893	0.0386
6112	LG06	12940167	0.0156
6126	LG21	18946600	0.0077
6144	LG12	6428619	0.7664
6147	LG03	2759270	0.1476
6156	LG02	15037451	0.0067
6157	LG06	14713694	0.3076
6187	LG18	4274680	0.0746
6195	LG02	6622660	0.0976
6203	LG11	6456108	0.1545
6218	LG01	18938963	0.035
6225	LG01	17343059	0.1392
6229	LG08	18383781	0.0226
6230	LG18	7614232	0.3371
6244	LG15	7405534	0.1403
6248	LG19	16037056	0.2781
6259	LG04	26274693	0.1033
6260	LG06	5630445	0.1139
6270	LG14	23746030	0.0941
6274	LG12	13367814	0.0482
6275	LG02	8423715	0.0187
6279	LG20	4903810	0.1779
6292	LG05	11214699	0.0794
6298	LG07	19290922	0.0582
6306	LG22	5816842	0.0697
6312	LG12	26603732	0.0031
6314	LG21	17634614	0.0728
6315	LG16	4018052	0.1404
6318	LG22	4155074	0.2397
6319	LG15	19420916	0.0798
6329	LG23	21886964	0.0042
6333	LG20	1257328	0.0365
6342	LG06	8779893	0.0779
6353	LG14	3355942	0.0081
6360	LG14	26156845	0.0086
6368	LG18	599429	0.7363
6377	LG11	27229186	0.3396
6384	LG04	6617904	0.0282
6388	LG22	4388180	0.277
6390	LG12	23443612	0.0641
6393	LG04	31961476	0.0804
6399	LG14	5683106	0.0086
6403	LG16	8943107	0.3639
6408	LG19	14198859	0.0316
6409	LG01	4436885	0.0169
6410	LG01	26825592	0.2209
6417	LG15	20574788	-0.0018
6426	LG17	8751324	0.8141
6429	LG03	23213450	0.8746
6431	LG03	8422729	0.7208
6443	LG19	20268119	0.1752
6454	LG16	1542135	0.0583
6458	LG11	20093783	0.1049
6462	LG12	25449456	0.371
6484	LG11	1042714	0.0164
6487	LG16	10711332	0.1725
6492	LG19	5269679	0.6698
6498	LG16	22280826	0.263
6500	LG18	2040940	0.1711
6519	LG04	18598746	0.0854
6522	LG04	23060319	0.1346
6525	LG16	30168231	0.0127
6533	LG17	9465918	0.0264
6534	LG07	21020158	0.0879
6540	LG14	2424570	0.0239
6550	LG11	6909678	0.7536
6554	LG05	4972861	2e-04
6563	LG19	7243278	0.0241
6565	LG22	13653995	0.8538
6566	LG22	4033916	0.0052
6567	LG04	5614539	0.0048
6576	LG20	11159306	0.0745
6583	LG10	2465467	0.0639
6597	LG14	17715921	0.4412
6602	LG16	27639940	0.0336
6604	LG18	1703870	0.0052
6608	LG14	4655642	0.0086
6609	LG04	6791037	0.2919
6617	LG22	4318361	9e-04
6631	LG14	15779407	0.8571
6635	LG07	21047437	0.0712
6637	LG18	15123738	6e-04
6638	LG23	16622970	0.0385
6640	LG04	4559510	0.0428
6652	LG06	16314186	0.0293
6657	LG03	7628668	-5e-04
6658	LG15	22394483	0.5303
6660	LG13	12796553	0.7703
6675	LG18	13914452	0.0388
6677	LG19	5644692	0.2139
6683	LG02	14489616	0.0116
6687	LG01	19131955	0.1433
6693	LG13	22157376	0.1335
6697	LG07	16303464	0.1242
6701	LG10	7469127	0.0287
6709	LG02	8318815	0.7145
6721	LG21	14929531	0.042
6724	LG04	12927236	0.003
6728	LG03	17912149	0.0069
6729	LG11	19415556	0.0776
6735	LG18	13764485	0.0391
6757	LG11	5861158	0.0208
6768	LG03	22113564	0.4559
6769	LG11	1333122	0.0149
6771	LG08	6712888	0.0918
6773	LG18	13092359	0.7611
6797	LG11	11597003	0.1718
6801	LG01	23099470	0.0012
6802	LG22	7924236	0.7756
6803	LG11	2541190	0.0212
6807	LG05	9917870	0.01
6810	LG06	14645377	0.0325
6816	LG23	3208908	0.0476
6823	LG13	5583349	0.0379
6833	LG06	8602962	0.1665
6835	LG16	27854868	0.0348
6845	LG18	15567870	0.0975
6846	LG23	10359919	0.0528
6860	LG18	4956850	0.1751
6870	LG17	18989918	0.3712
6877	LG16	23192196	0.0122
6878	LG15	20381790	0.2402
6883	LG03	14829943	0.0494
6886	LG18	10393365	0.1162
6887	LG02	11466154	0.0081
6890	LG11	11780929	0.0515
6894	LG07	6888721	0.0297
6899	LG19	11783148	0.0647
6910	LG08	14381535	0.0309
6913	LG22	19647984	0.0627
6925	LG16	10109560	0.0835
6926	LG15	8356855	0.5096
6938	LG15	8293172	0.0135
6944	LG05	18764110	0.4633
6947	LG20	16306049	0.0243
6953	LG23	8013738	0.0341
6960	LG19	20652306	0.0029
6962	LG19	17900522	0.8011
6969	LG15	12665066	0.3327
6971	LG03	2817594	0.3717
6983	LG22	10201369	0.2565
6988	LG21	6125777	0.3603
6989	LG22	16484663	0.0517
6993	LG03	23801182	0.0068
6995	LG04	11127341	0.012
6996	LG15	25019581	0.022
7023	LG18	17910715	0.0438
7028	LG11	20055468	0.1108
7046	LG08	6188289	0.8453
7048	LG23	21266614	0.4924
7055	LG03	7555515	0.0636
7058	LG08	559820	0.4279
7074	LG04	1318831	0.0184
7081	LG04	2557433	0.0126
7083	LG15	19440584	0.0114
7086	LG12	20716376	0.209
7089	LG14	9364782	0.436
7092	LG13	1854710	0.0347
7096	LG15	17339557	0.3307
7104	LG09	11767651	0.0142
7109	LG09	5317086	0.245
7117	LG03	5072653	0.2147
7127	LG20	22112286	0.4898
7128	LG09	1204897	0.114
7132	LG02	8637797	0.1543
7134	LG16	9928551	0.0195
7138	LG15	12403451	0.0238
7139	LG04	26379247	0.0487
7142	LG04	20628733	0.3735
7144	LG06	7518086	0.0258
7146	LG16	14444768	0.0052
7161	LG11	16069381	0.0441
7164	LG03	20693275	0.0307
7171	LG07	16286288	0.0896
7183	LG13	16489759	0.2548
7192	LG22	5979214	0.0392
7193	LG15	22684695	0.0349
7203	LG14	11703918	0.0342
7206	LG22	16046449	0.5736
7209	LG18	7478963	0.0358
7214	LG10	7431430	0.9424
7216	LG23	11281788	0.0171
7223	LG15	22520795	0.1127
7227	LG16	2099638	0.0949
7241	LG01	77324	0.1202
7252	LG20	6464030	0.1071
7271	LG15	4420847	0.4398
7275	LG01	22595118	0.0604
7283	LG23	18658490	0.0438
7286	LG01	21876491	0.1088
7298	LG13	1297768	0.036
7299	LG16	24335206	0.0183
7301	LG13	17075597	0.0485
7313	LG07	28218174	0.9339
7314	LG09	13953137	0.2937
7326	LG01	20934271	0.0716
7327	LG03	7200162	0.1381
7332	LG02	14302912	0.0108
7333	LG19	12679218	0.0282
7335	LG19	13457677	0.0764
7341	LG01	25623962	0.026
7366	LG14	16456477	0.0038
7367	LG17	16378214	0.6916
7370	LG15	4576668	0.1822
7384	LG10	1352427	0.0136
7390	LG02	8993371	0.735
7391	LG06	22765329	0.0687
7395	LG07	30555580	-8e-04
7399	LG04	4348381	0.1399
7421	LG19	3097487	0.0631
7431	LG12	3326685	0.1832
7434	LG11	28306877	0.0046
7453	LG10	13650399	0.0047
7457	LG11	22023654	0.187
7458	LG07	17761824	0.0163
7465	LG09	13181103	0.0894
7466	LG08	4200824	0.1731
7479	LG07	16236256	0.6584
7485	LG03	10832030	0.4833
7489	LG13	16655985	0.0504
7490	LG16	25266093	0.0273
7494	LG05	13987237	0.0572
7498	LG14	17772081	0.0544
7501	LG08	13128416	0.0152
7505	LG10	17051602	0.0221
7509	LG03	1901276	0.0338
7514	LG09	9462378	0.0024
7522	LG08	25397751	0.0676
7526	LG15	16449383	0.111
7537	LG16	24064939	0.0191
7545	LG01	9399694	0.8814
7559	LG15	1919932	0.1124
7565	LG12	19921439	0.0539
7570	LG13	18649897	0.0762
7571	LG16	18094498	0.0448
7573	LG01	13566886	0.2047
7574	LG12	6911449	0.0859
7583	LG22	17211593	0.1286
7598	LG04	26623344	0.0371
7603	LG20	11490090	0.0343
7604	LG07	24657611	0.105
7605	LG13	3180911	0.1108
7620	LG23	18579738	0.0026
7637	LG04	33296125	0.0272
7643	LG04	27733899	0.3906
7647	LG19	4764986	0.0698
7674	LG12	19252364	0.0809
7688	LG21	17537300	0.3756
7690	LG14	11180651	0.9966
7697	LG23	13180325	0.2057
7698	LG14	27129721	0.1077
7703	LG21	19625156	0.2663
7707	LG05	12082823	0.9978
7711	LG11	2322577	0.1242
7713	LG06	6229137	0.0314
7715	LG03	14049056	0.0739
7726	LG06	14765352	0.0755
7730	LG15	12292251	0.0169
7736	LG13	6632801	0.0193
7747	LG13	8626858	0.1394
7749	LG11	25187021	0.1791
7754	LG23	22966482	0.468
7755	LG11	25803771	0.2115
7759	LG09	19279622	0.3205
7763	LG07	7478136	0.0215
7768	LG13	25049770	0.0738
7769	LG11	5638643	0.2045
7775	LG13	18791841	0.3028
7781	LG10	4151887	0.0312
7789	LG21	5373123	0.0084
7791	LG10	7813573	0.1176
7803	LG13	19032494	0
7807	LG08	18470173	0.5426
7818	LG09	15474554	0.1731
7823	LG01	17686137	0.0261
7828	LG19	6872835	0.7407
7833	LG13	8128067	0.0556
7847	LG18	18341285	0.0485
7855	LG01	13272763	0.3392
7865	LG08	11365031	-0.0018
7869	LG17	10688746	0.001
7870	LG06	6309938	0.6395
7875	LG07	11452690	0.4435
7879	LG10	19467967	0.0287
7890	LG14	13284482	0.1164
7902	LG09	7623356	0.3566
7907	LG06	5549141	0.0046
7910	LG14	6573265	0.0157
7913	LG10	22408604	0.0665
7915	LG06	1682281	0.1919
7922	LG05	20956146	0.0202
7929	LG11	5422480	0.0229
7940	LG11	4935309	0.5061
7942	LG11	11237956	0.0145
7952	LG14	26291480	0.1487
7957	LG13	14587252	0.5052
7962	LG04	22010636	0.0086
7965	LG04	10785649	1
7974	LG08	16567202	0.6018
7975	LG03	8603130	0.5115
7976	LG18	13994590	0.0628
7988	LG21	19601801	0.5554
7992	LG20	17181919	0.0103
8002	LG08	7093665	0.0213
8016	LG06	11515636	0.045
8018	LG04	18659305	0.1168
8019	LG16	24992183	0.3217
8023	LG15	17442202	0.0244
8026	LG21	5322559	0.0264
8027	LG05	11481749	0.0649
8033	LG10	10895467	0.9823
8037	LG12	5532228	0.0198
8045	LG02	18447659	0.5389
8048	LG05	10285673	0.8039
8055	LG12	3340389	0.216
8056	LG22	15240992	0.0068
8058	LG05	21116866	0.0385
8062	LG12	3185817	0.0075
8064	LG12	6180142	0.1731
8067	LG19	16381195	0.0341
8079	LG05	5792527	0.0322
8086	LG13	14527894	0.988
8095	LG04	33023845	0.0036
8098	LG05	7346643	0.089
8100	LG07	11428517	0.0337
8103	LG08	667242	0.3755
8124	LG09	23766555	0.9065
8135	LG11	22730482	0.1893
8148	LG01	8752897	0.106
8149	LG23	18211048	0.172
8150	LG19	9468457	0.0076
8152	LG11	22005892	0.1772
8160	LG10	8748149	0.0243
8168	LG12	5940810	0.1633
8183	LG18	2018315	0.0983
8190	LG11	28080960	0.3608
8191	LG07	10079179	0.0111
8194	LG09	4886819	0.9538
8196	LG11	5950474	0.3711
8198	LG13	16144580	0.0193
8199	LG09	14464715	0.4033
8205	LG03	8108048	0.1802
8206	LG16	26782565	0.0259
8208	LG08	8756918	0.0671
8209	LG16	8038342	0.2025
8212	LG13	9273834	0.1066
8217	LG18	1681718	0.7836
8231	LG05	21184752	-4e-04
8241	LG13	17644845	0.0012
8242	LG01	7621451	8e-04
8246	LG15	19655061	0.2782
8252	LG13	1229103	0.1613
8260	LG16	27304295	0.0309
8267	LG12	11939803	0.1143
8277	LG02	5947585	0.8953
8278	LG12	6752117	-0.001
8288	LG13	18629424	0.0296
8289	LG22	20459822	0.2609
8295	LG13	24899963	0.4262
8301	LG15	14495834	0.0397
8305	LG02	11675992	0.0426
8312	LG01	9665796	0.1226
8315	LG11	14528223	0.0936
8316	LG03	4477954	0.1533
8320	LG17	11946391	0.0332
8322	LG09	14038013	0.0142
8327	LG06	13589351	0.7149
8334	LG07	8045347	0.2047
8346	LG11	16053706	0.0158
8350	LG14	14632551	0.1512
8375	LG03	11594755	0.1318
8389	LG14	9808133	0.6638
8409	LG21	18330944	-0.0017
8414	LG19	14776072	0.1183
8426	LG13	6509003	0.0387
8427	LG15	19711784	0.0243
8450	LG02	2934383	7e-04
8465	LG06	22765417	0.0144
8471	LG21	4831712	0.591
8484	LG22	19029332	0.0977
8493	LG11	17108879	0.0145
8499	LG04	23394825	0.8374
8507	LG10	15259978	0.2399
8514	LG21	5112341	0.049
8517	LG18	22543513	0.0212
8525	LG10	16367116	0.4871
8527	LG15	7756968	-0.0017
8530	LG22	3244164	0.0174
8534	LG20	10902826	0.8553
8536	LG11	11875912	0.3482
8547	LG02	11866579	0.0262
8552	LG04	28035744	0.3488
8554	LG23	4965463	0.0083
8568	LG01	14990824	0.0514
8572	LG03	20677019	0.3327
8586	LG21	9106710	0.0485
8590	LG04	25049798	0.6011
8596	LG13	3111762	0.4441
8597	LG10	16803083	0.0984
8601	LG15	10911179	0.6663
8603	LG09	18435106	0.6659
8606	LG18	18859511	0.0351
8641	LG11	17280494	0.0665
8642	LG20	22696666	0.0076
8670	LG11	27130781	0.0967
8671	LG16	14413278	0.4917
8690	LG19	14692145	0.6023
8693	LG07	26942791	0.2223
8703	LG05	3371670	0.0495
8704	LG02	22597571	0.1842
8724	LG04	17119035	0.0378
8726	LG14	17015235	0.0806
8727	LG15	1282872	0.0144
8743	LG15	10299258	0.1165
8747	LG19	10319156	0.1192
8758	LG06	12398312	0.075
8759	LG15	24908542	0.0072
8769	LG17	9185034	0.025
8778	LG02	19375815	0.6116
8788	LG15	20999563	0.1347
8789	LG01	11152405	0.2159
8794	LG22	10702141	0.1445
8798	LG10	24193411	0.0164
8803	LG08	8178775	0.0631
8804	LG10	23759277	0.0118
8808	LG18	9852172	0.0401
8810	LG12	7061780	0.0459
8813	LG07	18222159	0.1019
8815	LG08	16667405	0.0298
8816	LG17	6318548	0.0098
8820	LG05	23467616	0.8538
8827	LG17	4130127	0.037
8831	LG21	12302764	0.2611
8840	LG21	7607298	0.5553
8847	LG14	1030467	0.21
8867	LG21	20949290	0.011
8872	LG06	12940079	0.0242
8885	LG14	23077035	0.1575
8890	LG07	6489881	0.0237
8898	LG07	9012236	0.3013
8915	LG20	7955725	0.013
8936	LG23	7449359	0.7711
8955	LG15	10868462	0.3072
8997	LG08	20043558	0.4431
9000	LG01	20164805	0.0374
9043	LG03	19476998	0.0493
9050	LG13	14493837	0.0171
9054	LG19	14616405	0.0219
9061	LG12	8785295	0.2094
9077	LG09	5295753	0.0331
9079	LG21	5024714	0.0325
9082	LG09	20408663	0.052
9085	LG20	18816719	0.1032
9091	LG12	25336179	0.0948
9100	LG16	12442275	0.0121
9102	LG14	7840939	0.043
9119	LG14	8731210	0.4683
9131	LG20	2330881	0.0318
9134	LG21	5010586	0.0222
9135	LG06	12182054	0.0366
9144	LG16	19012335	0.0074
9156	LG18	19232226	0.0299
9158	LG11	6826719	0.8977
9159	LG10	6204018	-6e-04
9164	LG07	16991607	0.0262
9165	LG13	8397560	0.3449
9168	LG19	9468369	0.0957
9174	LG05	21240325	0.1374
9184	LG22	2675465	0.2269
9187	LG15	12299422	0.0516
9190	LG17	6640394	0.5584
9191	LG11	18886155	0.0467
9192	LG21	16443926	-3e-04
9203	LG11	12511703	0.0395
9205	LG11	11238044	0.4461
9210	LG18	5958819	0.0137
9211	LG22	11875758	0.8248
9213	LG11	27848202	0.0133
9215	LG09	12807500	0.0331
9216	LG06	92177	0.7093
9218	LG20	23516462	0.0546
9228	LG15	14543912	0.0284
9229	LG08	14187458	0.3975
9247	LG18	1960035	0.0274
9251	LG11	26642181	0.8216
9252	LG10	2489942	0.0732
9275	LG22	20046047	0.0377
9280	LG05	12095423	0.0367
9284	LG08	17713996	0.1288
9289	LG16	23744969	0.3301
9299	LG06	683028	0.0834
9305	LG01	16799615	0.3064
9308	LG04	32661853	0.2206
9316	LG04	30729475	0.0351
9323	LG21	22259790	0.1364
9326	LG19	12260534	0.5792
9331	LG19	4094309	0.0929
9350	LG01	3570289	0.1568
9354	LG15	23136934	0.2573
9355	LG20	22453977	0.8805
9363	LG12	10454862	0.0201
9369	LG06	7049845	0.0091
9378	LG14	886773	0.0476
9387	LG09	23454920	0.033
9393	LG16	12409656	0.03
9408	LG11	16231009	0.095
9415	LG23	3879604	0.4979
9418	LG22	9230332	0.0059
9421	LG01	24972595	0.2054
9452	LG10	19417830	0.4302
9456	LG01	12895039	0.918
9458	LG11	16016506	0.04
9461	LG05	18045280	0.4488
9489	LG09	10420914	0.0593
9502	LG06	5572616	0.3046
9506	LG14	25014414	0.0142
9538	LG10	18851597	0.0232
9545	LG09	19485278	0.4237
9549	LG10	17848565	0.0828
9563	LG20	20191387	0.0588
9565	LG20	6360309	0.1631
9576	LG09	10727534	0.1992
9582	LG06	16749471	0.0481
9585	LG11	11440099	0.7315
9590	LG17	14394793	-0.0017
9593	LG12	17830910	0.0928
9596	LG01	11383360	0.0295
9604	LG02	17526987	0.0051
9606	LG09	3437100	0.0095
9610	LG22	14641840	0.1312
9611	LG09	16641125	0.0041
9632	LG02	6571036	0.0098
9640	LG18	3955603	0.5622
9645	LG01	10419488	0.0126
9658	LG12	21292189	0.2796
9663	LG13	3663429	0.0072
9664	LG07	2897347	0.0272
9667	LG07	30125689	0.1989
9668	LG09	15119144	0.1755
9673	LG02	549312	0.0742
9675	LG14	20158765	-2e-04
9679	LG08	11452987	0.1127
9681	LG04	1199563	0.2371
9682	LG16	21936621	0.6991
9684	LG06	16217777	0.8178
9691	LG11	21257364	0.025
9704	LG03	24677592	0.1493
9705	LG22	16598331	0.0185
9714	LG04	15238228	0.9404
9717	LG14	5541915	0.9498
9726	LG20	6963568	0.0022
9729	LG01	10497992	0.0207
9738	LG13	8668477	0.018
9740	LG16	13248239	0.0327
9741	LG02	5980256	0.0538
9755	LG10	13377165	0.0064
9770	LG14	1996083	0.0723
9776	LG04	1846805	0.0303
9789	LG15	20443398	0.6897
9800	LG07	21196530	0.0111
9801	LG01	8078099	0.0301
9812	LG18	1096221	0.0162
9813	LG08	6971879	0.0246
9819	LG13	197290	0.0442
9825	LG01	12866887	0.6225
9833	LG17	10130791	0.1462
9840	LG04	3791168	0.5785
9845	LG13	18630044	0.0808
9850	LG04	4223942	0.0822
9852	LG21	10137258	0.3646
9853	LG03	22734972	0.5835
9855	LG20	8445572	0.0521
9864	LG03	22541811	0.1603
9865	LG21	10935303	0.0333
9870	LG01	25537657	0.0953
9872	LG16	22294421	0.0256
9878	LG04	28655265	0.3106
9886	LG23	2904649	0.0346
9888	LG08	19299110	0.0268
9894	LG01	23601228	0.0482
9896	LG12	26878070	0.8813
9898	LG04	20122738	0.0263
9922	LG17	1142573	0.012
9926	LG01	23296870	0.0231
9940	LG08	22367438	0.0282
9943	LG14	13142370	0.1202
9964	LG21	10996710	0.0121
9965	LG01	22419167	0.0644
9966	LG09	17673401	0.0377
9967	LG06	5507919	0.1241
9970	LG20	21800201	-0.0015
9979	LG12	20945653	0.0056
9983	LG03	9887414	0.0281
9986	LG10	9602660	0.2851
9987	LG18	16244437	0.0265
9992	LG04	14860399	0.0514
10006	LG13	9576401	0.3877
10012	LG02	8567215	0.1136
10015	LG10	15810510	0.6525
10022	LG04	30922281	0.8768
10024	LG05	2172020	0.2106
10029	LG13	1297680	0.3956
10038	LG08	7161481	0.0121
10039	LG01	21639498	0.0139
10045	LG15	7792632	0.0858
10061	LG08	15659186	0.6379
10063	LG03	6310553	0.4215
10076	LG15	10908966	0.0409
10079	LG14	25560788	0.6874
10086	LG14	26250657	0.1187
10092	LG14	16098827	0.0304
10113	LG02	11368661	0.0268
10134	LG22	18177595	0.0177
10136	LG04	19736434	0.4403
10138	LG10	301809	0.0564
10139	LG18	10073218	0.0035
10150	LG22	3525998	0.0122
10151	LG18	11939298	0.1278
10153	LG05	17965979	0.0688
10160	LG20	15783678	0.2517
10166	LG08	19658164	0.0364
10172	LG09	3075444	0.3686
10177	LG06	6889844	0.0156
10178	LG06	11324595	0.0053
10188	LG11	24474143	0.1956
10191	LG02	5034803	0.0353
10198	LG09	13840201	0.2956
10199	LG19	20452984	0.1703
10207	LG12	19645674	0.0565
10210	LG07	8879525	0.044
10215	LG07	11803415	0.3139
10217	LG12	22048248	0.0478
10218	LG14	18095079	0.0262
10226	LG21	6811994	0.3586
10227	LG02	21921775	0.0306
10232	LG16	26051334	0.0278
10236	LG23	16472284	0.0285
10245	LG14	12893504	0.0121
10260	LG10	4477635	0.0046
10263	LG12	5229610	0.1212
10276	LG05	19239849	0.0675
10284	LG15	22995467	0.0615
10285	LG07	14894969	-6e-04
10291	LG10	6547702	0.4162
10295	LG12	23243263	0.0197
10299	LG06	4083575	0.0402
10304	LG02	21825266	0.0588
10306	LG14	15462903	0.2703
10307	LG11	5262579	0.009
10316	LG22	16614805	0.1787
10319	LG23	12543949	0.0206
10334	LG13	17465274	0.247
10342	LG16	23334848	0.0404
10350	LG03	7068423	0.0346
10366	LG01	7718267	-0.0015
10374	LG02	22089412	0.4752
10386	LG06	3618928	0.1653
10392	LG08	22476566	0.0333
10396	LG10	7240187	0.1569
10399	LG01	22235777	0.0365
10401	LG08	23374487	0.0271
10410	LG14	6016044	0.0188
10413	LG03	19637006	0.067
10414	LG16	17455883	0.081
10421	LG08	9228751	0.4839
10425	LG16	24274630	0.005
10429	LG05	2555026	0.0994
10431	LG08	10365018	0.0146
10435	LG06	24850560	0.033
10440	LG18	9448091	0.9441
10441	LG21	10658867	0.2527
10445	LG23	22081947	0.0169
10456	LG12	11310204	0.0251
10460	LG13	6966466	0.9865
10462	LG14	11822248	0.3134
10471	LG16	16729483	0.0267
10475	LG15	9190720	0.0591
10476	LG13	10039372	0.1573
10488	LG05	5151374	0.0219
10495	LG04	30851725	0.0139
10497	LG12	3555248	0.0826
10498	LG23	16901532	0.0119
10501	LG21	13147913	0.0284
10514	LG23	21207956	0.0603
10524	LG01	15222575	0.0299
10529	LG20	6701710	0.4714
10530	LG20	5796135	0.0463
10539	LG15	4351655	0.0121
10552	LG21	7506255	0.205
10560	LG17	11340830	0.029
10567	LG05	2974965	0.0259
10568	LG20	21700706	0.0357
10576	LG21	8043328	0.0206
10577	LG02	21140684	0.0103
10580	LG10	20152067	0.2775
10585	LG04	22250919	0.1008
10595	LG18	19191660	0.0846
10598	LG23	11912700	0.1314
10620	LG19	1053140	0.7378
10648	LG05	11265067	-0.0021
10665	LG03	22711876	0.0628
10675	LG23	19071795	-4e-04
10676	LG21	3879500	0.0118
10685	LG03	11289964	0.0595
10687	LG09	17530179	0.1253
10691	LG15	8792435	1e-04
10706	LG04	9581815	0.326
10711	LG20	6584996	0.1027
10718	LG12	19212702	0.0255
10726	LG08	12138119	0.1703
10730	LG13	12192317	0.6269
10732	LG20	10708777	-7e-04
10738	LG20	24076299	0.4148
10742	LG15	16381554	0.0778
10752	LG13	15104410	0.0281
10756	LG15	21461663	0.2084
10760	LG18	19613888	0.0173
10761	LG18	17229667	0.0287
10785	LG21	17775041	0.9627
10799	LG11	13643360	0.0202
10806	LG02	21825178	0.3768
10813	LG12	1339414	0.1493
10820	LG23	22823800	0.0456
10821	LG14	25883171	0.2389
10823	LG06	3377386	0.0281
10828	LG11	16821051	0.8103
10836	LG20	17324031	0.064
10838	LG05	17222349	0.0578
10839	LG15	20569522	0.1289
10840	LG17	2067492	0.852
10844	LG08	9797973	0.1852
10848	LG13	19995938	0.213
10849	LG05	20154474	0.0265
10857	LG04	19775761	0.0951
10860	LG03	10767775	0.0485
10872	LG13	2826437	0.0063
10878	LG02	11133801	0.0192
10882	LG05	11668653	0.0305
10894	LG18	11058911	0.0919
10913	LG07	20467284	0.0728
10921	LG18	12320425	0.0497
10928	LG23	8351205	0.3973
10933	LG13	23401812	0.0053
10951	LG08	16407110	0.4532
10953	LG21	14345198	0.0522
10954	LG14	13316350	0.115
10960	LG13	24575456	0.1728
10965	LG05	13105253	0.0443
10966	LG10	10433055	0.1483
10978	LG11	3709479	0.1476
10979	LG19	10854621	0.0709
10991	LG08	25784412	0.0095
10995	LG10	5381301	0.0872
10999	LG07	14769705	0.3687
11001	LG03	14489701	0.097
11003	LG14	1334127	0.2124
11008	LG06	9463080	0.1327
11019	LG11	17081030	0.7896
11027	LG17	10674849	0.0928
11049	LG10	12577783	0.0017
11052	LG05	8177311	-0.0018
11054	LG01	22931034	0.0975
11056	LG09	17620838	0.037
11059	LG05	6974071	0.0837
11072	LG18	1753151	0.0532
11081	LG10	22122129	0.3896
11090	LG17	6752875	0.0444
11092	LG06	11334310	0.1623
11113	LG18	8305419	0.0376
11115	LG01	9595976	0.0729
11116	LG13	23508205	0.0657
11119	LG13	16168416	0.0045
11126	LG08	663344	0.0112
11129	LG16	15293227	0.0121
11132	LG08	8582009	0.1554
11133	LG15	24264749	0.3833
11140	LG01	11291570	0.5225
11144	LG22	17277163	0.0026
11146	LG20	10708865	0.6587
11149	LG07	14869558	0.0296
11154	LG13	20413713	0.2502
11162	LG03	25703336	0.1407
11166	LG03	2817506	0.8004
11170	LG13	20663798	0.2251
11176	LG07	27362617	0.0394
11190	LG19	14330578	0.9899
11191	LG05	20436363	0.222
11210	LG11	25211807	0.112
11214	LG02	22650212	0.0106
11216	LG07	9149874	0.0109
11225	LG13	20699326	0.0269
11234	LG16	11625756	0.0049
11244	LG04	34560907	0.0093
11254	LG05	21626691	0.0097
11257	LG08	7044519	0.1604
11260	LG08	14170755	0.0192
11262	LG20	3439675	0.0219
11268	LG21	11120561	0.0131
11273	LG02	17972205	0.6575
11282	LG11	2541278	0.0095
11290	LG03	12068762	0.0759
11300	LG08	22239235	0.03
11304	LG02	4112741	0.2389
11313	LG14	11519823	0.3477
11319	LG10	17278254	0.0268
11325	LG13	7918800	0.2925
11336	LG23	17114644	0.3323
11337	LG17	15326186	0.1834
11343	LG23	6939864	0.1154
11348	LG13	5718070	0.0182
11354	LG14	18914944	0.0286
11367	LG22	5685661	0.0758
11370	LG01	17483374	0.051
11378	LG02	7657629	0.0234
11386	LG15	19591012	0.0299
11395	LG06	20300416	0.5092
11400	LG01	5957030	0.0523
11406	LG07	27267119	0.0144
11408	LG10	6902002	0.1776
11413	LG02	22543785	0.0274
11415	LG12	25161775	0.0123
11417	LG07	23619683	0.0768
11420	LG08	17026926	0.0763
11422	LG18	13594708	0.1064
11433	LG15	21253207	0.0169
11437	LG01	4662599	0.0515
11441	LG21	86016	0.9879
11443	LG21	5151457	0.0331
11447	LG14	8514447	0.0312
11454	LG18	7277678	0.1696
11459	LG09	19421069	0.084
11462	LG17	7614145	0.0122
11469	LG22	4116742	0.217
11476	LG16	23192284	0.0376
11479	LG01	24916735	0.8223
11482	LG11	20660135	0.4273
11483	LG05	16568600	0.2081
11500	LG07	22421100	0.0573
11504	LG01	24263046	0.5123
11505	LG15	4956975	0.0979
11506	LG12	24036984	0.0292
11509	LG05	3589620	0.9769
11520	LG18	17374494	0.1855
11537	LG22	19413456	0.0123
11552	LG15	14987505	0.0775
11563	LG06	6489767	0.0714
11565	LG22	16696270	0.1806
11566	LG07	28941938	0.1607
11574	LG17	10579200	0.0215
11576	LG07	10877109	0.1533
11579	LG13	17644758	0.0476
11580	LG20	23814200	0.235
11591	LG12	9634261	-0.0019
11594	LG11	11876000	0.2093
11609	LG20	677054	0.0871
11611	LG22	18943071	0.4646
11618	LG13	13050029	0.0732
11627	LG04	6571022	0.0201
11638	LG09	24432292	0.2474
11646	LG16	3719647	0.0164
11651	LG16	24628805	0.003
11663	LG06	6786952	0.0934
11675	LG23	9980807	0.0769
11686	LG19	20003266	0.0194
11687	LG05	13038479	0.1633
11691	LG09	8580099	0.383
11708	LG11	4914685	0.9861
11711	LG01	14052789	0.2597
11717	LG05	22040377	0.1386
11722	LG12	22026053	0.0585
11725	LG04	19611569	0.3877
11736	LG04	23393908	0.8755
11738	LG05	17317386	0.1972
11749	LG14	22298004	0.0739
11759	LG08	18102613	0.9559
11760	LG07	9519203	0.0714
11761	LG23	14775625	0.9829
11762	LG04	4067370	0.0727
11768	LG07	21989855	0.1722
11770	LG12	5439863	0.1241
11774	LG13	799439	0.0353
11783	LG03	17011557	0.0145
11789	LG15	19532910	0.043
11805	LG12	25684710	0.2722
11818	LG05	2648540	0.0055
11841	LG15	17272691	0.024
11843	LG16	8907544	0.0229
11846	LG21	7885294	0.0405
11848	LG09	11140996	0.0081
11849	LG09	12564139	-8e-04
11859	LG17	5512636	0.0211
11860	LG07	24334636	0.4626
11871	LG16	7631345	0.0322
11872	LG16	8113974	0.1014
11878	LG12	7385906	0.0253
11880	LG12	8638270	0.0233
11886	LG07	25941514	0.1139
11889	LG20	23418653	0.2033
11895	LG10	16877062	0.1464
11896	LG04	26693499	0.0329
11899	LG16	16177834	0.7379
11902	LG07	22046260	0.0264
11905	LG03	970105	0.2024
11910	LG10	22004313	0.0683
11912	LG11	25064455	0.7389
11926	LG17	10408429	0.0086
11943	LG07	20442784	0.1209
11947	LG15	7306164	0.1362
11951	LG18	22543425	0.9247
11954	LG10	2256027	0.233
11964	LG17	15924327	0.1156
11978	LG11	8976665	0.0387
11988	LG13	7790511	0.0282
11990	LG15	25370491	0.0735
11992	LG12	19963181	0.0022
11994	LG13	8744832	0.2492
11997	LG07	11912940	0.0472
12001	LG01	15477998	0.0324
12017	LG09	12286191	0.6528
12025	LG15	25246517	0.0425
12028	LG13	1250680	0.094
12036	LG11	13972815	0.0074
12049	LG21	21822616	0.0317
12054	LG17	4393620	-0.0015
12055	LG13	7298389	0.1005
12064	LG08	10043041	-0.0016
12065	LG02	9912651	0.3393
12068	LG19	9420848	0.1736
12070	LG15	23757783	0.0299
12082	LG01	19122718	0.0514
12083	LG13	13895706	0.7249
12087	LG03	25954272	0.1001
12099	LG15	2399558	0.0462
12107	LG11	599330	0.0913
12108	LG13	414978	0.1107
12116	LG05	5496922	0.085
12120	LG17	11202738	0.3814
12123	LG06	1575634	0.026
12145	LG02	22837555	0.024
12155	LG14	24906321	0.3074
12158	LG14	2519559	0.0398
12161	LG02	704956	0.6231
12182	LG10	11702412	0.5928
12184	LG19	15296445	0.0148
12190	LG03	15406459	0.4102
12194	LG02	15563819	0.0389
12199	LG10	16892873	0.0665
12201	LG09	14680579	0.0579
12205	LG01	144969	0.0853
12206	LG15	17049341	0.3165
12213	LG20	6716434	0.0288
12218	LG16	27383916	0.0806
12220	LG06	23763699	0.1181
12233	LG15	2168412	0.0565
12242	LG18	18874747	0.1327
12254	LG11	10063725	0.9246
12255	LG21	22222499	0.0424
12277	LG20	4368395	0.4512
12288	LG06	18486795	0.0472
12291	LG05	14410867	0.0351
12294	LG19	4553077	0.5399
12295	LG15	20811419	0.0594
12299	LG07	26908342	0.0279
12303	LG07	21866660	0.0349
12309	LG19	19586926	0.2775
12320	LG20	9208037	0.8783
12322	LG18	3184470	0.0021
12331	LG04	18954802	0.2664
12332	LG20	3304957	0.0527
12337	LG05	17283576	0.0695
12352	LG04	25253747	0.052
12380	LG07	21047525	0.0695
12384	LG09	22398721	0.4645
12394	LG07	27314143	0.0552
12403	LG12	12909587	0.0932
12406	LG07	26600311	0.0097
12425	LG15	18613652	0.0098
12430	LG21	18156381	0.027
12431	LG11	27862706	0.0667
12432	LG20	8137103	0.035
12434	LG02	18018124	0.0758
12458	LG21	21179787	0.1398
12477	LG06	6779590	0.0872
12483	LG12	17033148	0.1179
12493	LG11	21490717	0.0216
12506	LG21	17973510	0.0345
12508	LG08	5800155	0.0097
12515	LG04	18612120	0.1073
12516	LG09	20438490	0.4261
12520	LG20	9309314	0.1028
12521	LG08	19539358	0.0098
12537	LG22	2287224	0.0326
12541	LG19	15079031	0.0456
12544	LG06	16294851	0.138
12554	LG09	24497475	0.0179
12555	LG23	12601838	0.0685
12559	LG23	21947173	0.0814
12564	LG07	27817675	0.1157
12566	LG09	2484464	0.0715
12567	LG09	10421002	0.0603
12568	LG23	3548982	0.0306
12570	LG04	15462653	0.3779
12578	LG07	10968252	0.0832
12579	LG03	5782208	0.0796
12600	LG23	16671202	0.1196
12605	LG11	24712171	0.0296
12615	LG23	17463133	0.2391
12622	LG14	2527534	0.4247
12623	LG03	23860880	0.0472
12636	LG17	15217183	0.0908
12639	LG20	15594600	0.011
12641	LG03	5337885	-0.002
12649	LG03	27466090	0.0303
12668	LG12	20070737	0.3182
12670	LG05	11651084	0.5537
12686	LG12	9689646	0.0203
12701	LG06	653437	0.1243
12705	LG18	9156806	0.4984
12707	LG14	22288613	0.0986
12709	LG15	18555128	0.0254
12711	LG22	19701486	0.0228
12713	LG09	10266318	0.0278
12720	LG02	1753113	0.6503
12725	LG10	10819623	0.0371
12726	LG11	1323218	0.1467
12729	LG03	21639916	0.0088
12736	LG22	12325865	0.0174
12738	LG15	4776604	0.0938
12746	LG06	5825278	0.6961
12747	LG14	25735359	0.2695
12756	LG01	15941922	0.053
12758	LG23	18804744	0.0186
12768	LG04	15333523	0.0372
12771	LG01	7923920	0.0152
12775	LG21	8664788	0.0936
12779	LG03	16893706	0.0676
12803	LG09	6289788	0.051
12810	LG11	7562224	0.4517
12813	LG12	6182623	0.0433
12823	LG05	9109345	0.0137
12824	LG16	22857426	0.0633
12851	LG12	24393793	0.1191
12852	LG12	4520038	0.1304
12866	LG14	28684850	0.0807
12869	LG14	24287175	0.0251
12877	LG01	22265414	0.2688
12881	LG03	22108213	0.0719
12884	LG14	17957451	0.5018
12886	LG23	8197999	0.0882
12889	LG11	6356698	0.2635
12892	LG03	714072	0.196
12895	LG20	1297463	0.1164
12897	LG11	6504285	0.0114
12903	LG11	21543078	0.018
12916	LG10	23265400	0.0165
12917	LG01	9329019	0.1189
12921	LG15	8126093	0.0069
12925	LG16	17738268	0.016
12937	LG22	19236552	0.0639
12942	LG11	22635948	0.0161
12945	LG10	13448653	0.6848
12946	LG07	26921264	0.3312
12948	LG14	19332362	0.0918
12952	LG04	15935786	0.0077
12956	LG15	25165052	0.1455
12962	LG07	20991578	0.0227
12963	LG06	4294118	0.0141
12972	LG16	17979586	0.009
12979	LG17	11969763	0.0066
12987	LG10	7768031	0.0381
12990	LG09	7893287	0.0456
13010	LG05	15083235	0.0625
13038	LG02	5142106	0.435
13041	LG01	10868696	0.0458
13052	LG11	18447466	0.0377
13054	LG09	16092904	0.3001
13063	LG03	21034670	0.0209
13066	LG05	10679060	0.0497
13081	LG05	12942571	0.546
13082	LG15	18002680	9e-04
13083	LG16	8943019	-0.0018
13090	LG01	2507110	0.6277
13100	LG05	5100690	0.2863
13104	LG18	13752109	0.0073
13107	LG11	13398459	0.8968
13124	LG18	20374201	0.1092
13125	LG10	11392859	0.0156
13129	LG09	16518082	0.0858
13135	LG01	17894333	0.0205
13142	LG01	8383158	0.4637
13148	LG06	10767220	0.1504
13152	LG18	22541017	0.9146
13162	LG01	4650983	0.2107
13163	LG09	23918871	0.0561
13168	LG05	20205229	0.0219
13176	LG12	10454950	0.008
13180	LG13	14958633	0.3371
13188	LG14	4639051	0.0146
13192	LG05	23756830	0.1026
13196	LG17	9348149	0.4306
13198	LG07	11977671	0.1735
13207	LG09	19949567	0.1916
13209	LG15	12653317	0.0354
13211	LG04	32864667	0.0524
13218	LG21	21326887	0.2826
13220	LG19	9222714	0.9965
13221	LG16	670370	0.978
13237	LG18	12117320	0.0251
13241	LG08	18014083	0.2019
13242	LG15	13956318	0.0506
13249	LG02	5557389	0.0265
13258	LG05	23305723	0.2773
13275	LG01	23209262	0.0799
13276	LG01	13203369	0.2331
13279	LG09	9396740	0.0053
13285	LG12	18663488	0.0383
13286	LG06	3570877	0.0991
13291	LG03	19837311	0.2004
13295	LG10	5590510	0.2488
13297	LG16	24748163	0.0025
13304	LG18	2998800	0.0144
13308	LG06	6089527	0.008
13316	LG15	11097840	0.1267
13322	LG14	23076947	0.0343
13333	LG17	2707127	0.0573
13338	LG18	20235757	0.0696
13341	LG06	10553940	0.7544
13345	LG05	63205	0.0592
13352	LG16	2319360	0.0259
13355	LG11	13376613	0.0139
13369	LG17	6882621	-9e-04
13379	LG22	21235782	0.0305
13384	LG14	445467	0.7871
13406	LG16	30901281	0.2116
13408	LG12	11313784	0.0425
13411	LG14	3709681	0.1359
13412	LG20	17416654	0.981
13418	LG14	1300871	0.1274
13422	LG14	9809082	0.0667
13430	LG14	25158945	0.5661
13432	LG23	8664423	0.085
13443	LG04	13609177	0.0126
13458	LG12	7732046	0.0051
13461	LG09	20559077	0.0156
13462	LG23	14995379	0.0241
13463	LG03	17403120	0.0327
13468	LG14	22542776	0.1323
13476	LG09	16123768	0.0658
13478	LG02	21036308	0.0134
13485	LG16	9342132	0.0316
13486	LG01	3357702	0.024
13501	LG19	2930535	0.0099
13505	LG18	7040279	0.2205
13506	LG01	12222620	0.0384
13514	LG13	3195046	0.1074
13518	LG21	12948521	0.9361
13521	LG18	3780258	0.0353
13523	LG23	22378811	0.7776
13531	LG22	14090530	0.1479
13533	LG16	10109648	0.0206
13537	LG06	8949504	0.0177
13547	LG06	17746245	0.3289
13552	LG21	15321811	0.1419
13556	LG07	545999	0.708
13563	LG14	11822336	0.0397
13574	LG21	21915733	0.0235
13575	LG06	6229225	0.1228
13583	LG03	17439369	0.1818
13597	LG15	8387655	0.983
13598	LG11	15810155	0.0052
13600	LG16	6622274	-0.0019
13607	LG15	24471470	0.0905
13608	LG22	4982979	0.0183
13620	LG23	11685815	0.0098
13626	LG16	13642303	0.0091
13627	LG06	3338770	0.0225
13631	LG05	19888628	0.0544
13641	LG20	22149764	0.1675
13650	LG23	14136677	0.9289
13652	LG07	7326289	0.0876
13656	LG23	6939776	0.0406
13670	LG01	1022687	0.0327
13693	LG19	18386627	0.76
13701	LG12	18405059	0.0796
13702	LG13	13876524	0.0901
13712	LG22	8763501	0.069
13721	LG09	20115295	0.0467
13723	LG08	11504836	0.0104
13724	LG08	21563933	-0.0019
13725	LG16	24533622	0.2935
13732	LG07	4878672	0.084
13756	LG23	7751151	0.0606
13762	LG13	8670969	0.031
13766	LG01	26270788	0.0424
13769	LG03	16947873	0.0124
13773	LG19	17987535	0.0753
13774	LG16	24085921	0.0033
13791	LG10	12697932	0.7531
13796	LG03	5379523	0.0462
13802	LG18	13884781	0.0948
13818	LG16	9080244	0.2032
13841	LG12	3161131	0.2571
13845	LG04	25562752	0.6145
13846	LG05	14410779	0.1053
13850	LG03	5549748	0.013
13856	LG19	8072076	0.044
13857	LG19	3501506	0.2938
13860	LG15	16643517	0.0196
13880	LG11	27245517	0.0365
13881	LG10	5762212	0.0208
13892	LG19	16044478	0.0067
13895	LG11	9770660	0.0543
13902	LG05	5860607	0.12
13908	LG19	9585128	0.0066
13909	LG14	9933392	0.0406
13911	LG14	16316919	0.038
13917	LG06	6569806	0.569
13925	LG08	14666259	0.2744
13934	LG22	12595462	0.052
13935	LG07	20916719	0.3287
13937	LG01	5901020	0.3763
13940	LG09	11496126	0.1078
13960	LG23	22378723	0.0146
13979	LG05	14406847	0.1276
13982	LG19	11889636	0.0107
13991	LG06	2695268	0.0736
14006	LG16	24742755	0.1277
14011	LG13	21916385	0.6539
14032	LG03	7893897	0.3466
14042	LG09	8580009	0.1207
14044	LG08	12687954	0.1487
14045	LG17	18367227	0.0093
14049	LG20	5750166	0.0771
14059	LG20	11201299	0.0491
14064	LG05	5914975	0.0163
14070	LG03	13845404	0.365
14075	LG23	4746307	0.1334
14115	LG23	1801745	0.0352
14117	LG20	4500729	0.8928
14122	LG13	14951265	0.0151
14127	LG14	4585306	0.0203
14130	LG17	8854517	0.0419
14131	LG11	9371620	0.0788
14140	LG06	7517417	0.1031
14143	LG17	13948333	0.1782
14171	LG22	12059848	0.0457
14174	LG18	22110953	0.0208
14176	LG06	9604337	0.0275
14190	LG10	12653246	0.0458
14199	LG16	14420852	0.0814
14213	LG21	6057118	0
14221	LG21	20827935	0.0243
14234	LG01	5909093	0.223
14236	LG20	21758312	0.3558
14247	LG20	1842713	0.0421
14249	LG02	17331983	0.0114
14260	LG09	16137299	0.2194
14266	LG14	23110841	0.0948
14269	LG22	8484813	0.0124
14287	LG10	7429779	0.0039
14293	LG02	4229502	-0.0018
14296	LG22	20639374	0.0123
14298	LG06	2745165	0.1085
14305	LG23	4802793	0.9527
14311	LG20	15345806	0.2263
14327	LG16	8985041	0.0682
14329	LG01	5404659	0.7605
14342	LG09	141924	0.0147
14344	LG01	2557271	0.189
14360	LG11	20090953	0.0145
14364	LG04	5000575	0.0148
14365	LG13	3111674	0.0273
14371	LG19	2649246	0.0149
14379	LG01	3282792	0.0119
14380	LG16	6493538	0.0081
14405	LG16	11024455	0.2151
14421	LG08	663256	0.1017
14426	LG05	4935071	0.0752
14432	LG03	10654173	0.0297
14448	LG02	21558567	0.1409
14459	LG03	28067721	0.5312
14461	LG01	15523673	0.1047
14466	LG22	7681962	0.0121
14472	LG04	30956502	0.0135
14473	LG15	4360609	0.012
14474	LG07	17381364	0.0039
14475	LG19	12036721	0.0548
14491	LG23	16153727	0.0225
14492	LG14	21336299	0.0044
14495	LG12	17024962	0.0476
14502	LG15	7810607	0.1093
14505	LG13	21021074	0.1562
14510	LG15	17519019	0.1023
14517	LG14	6015956	0.1555
14522	LG06	22869084	0.0313
14526	LG10	16803171	0.262
14532	LG23	13828739	0.1188
14536	LG11	27881862	0.0132
14537	LG08	8319432	0.0693
14546	LG07	14831843	0.5246
14547	LG13	788032	0.0893
14550	LG19	5644780	0.2599
14554	LG10	3092111	0.3346
14555	LG09	17882027	0.043
14572	LG06	3819643	0.0136
14591	LG23	20521916	0.0917
14592	LG22	14345474	0.6165
14593	LG06	13656731	0.015
14594	LG09	7829697	0.1773
14618	LG11	3238756	0.0251
14620	LG14	7777852	0.0333
14626	LG06	237123	0.5153
14628	LG09	7789676	0.2057
14634	LG01	26802776	0.0288
14635	LG02	20550530	0.1165
14640	LG07	13545769	0.0614
14641	LG18	20610762	0.0218
14655	LG02	8606584	0.0455
14657	LG05	6497396	0.0395
14659	LG05	2828095	0.0055
14661	LG01	9665708	0.018
14666	LG12	7566813	0.1347
14667	LG07	9537995	0.1903
14696	LG04	27711493	0.0348
14702	LG14	8731298	0.4605
14710	LG23	3145700	0.0327
14714	LG17	14503970	0.0372
14719	LG16	24993048	0.0063
14720	LG01	14360204	0.9747
14727	LG17	18986709	-0.0013
14729	LG12	18146976	0.1356
14740	LG17	10865346	0.0727
14741	LG21	6153416	0.0467
14754	LG03	15653987	0.0251
14755	LG09	20338374	0.0531
14758	LG13	3432489	0.0141
14760	LG11	5530610	0.216
14762	LG05	16361882	0.0862
14764	LG20	20813925	0.039
14765	LG18	17770724	0.2517
14783	LG19	19801598	-0.0016
14804	LG14	9932846	0.0446
14810	LG07	12619906	0.8742
14824	LG05	22503857	0.0244
14839	LG14	8562765	0.3827
14852	LG16	23792477	0.9499
14853	LG05	11755055	0.0073
14864	LG14	12377418	0.0059
14869	LG13	19009416	0.0038
14889	LG13	19821728	0.1512
14890	LG02	3068799	0.1103
14897	LG05	21210136	0.0439
14902	LG21	20674646	0.0192
14906	LG06	18358526	0.5032
14909	LG18	19225818	0.2769
14913	LG23	8352641	0.2168
14920	LG11	13818187	0.0059
14922	LG23	5120488	0.0404
14924	LG16	19012423	0.0464
14930	LG17	6469854	0.0727
14932	LG06	24003056	0.0657
14955	LG06	4090145	0.024
14968	LG18	11175149	0.39
14972	LG03	23204521	0.1119
14979	LG17	8156150	0.3447
14990	LG13	8544475	0.4015
14992	LG14	27104608	0.0489
14997	LG18	7269364	0.0222
14999	LG07	11429270	0.0084
15002	LG10	18594202	0.0075
15003	LG12	8128215	0.0914
15007	LG02	8436896	0.0085
15009	LG10	15663397	0.0888
15010	LG11	8774566	0.1297
15017	LG12	6450207	0.4393
15024	LG08	7070777	0.051
15034	LG11	11184765	0.0092
15037	LG01	13433828	0.1076
15039	LG21	7743800	-0.0019
15052	LG11	26568958	0.0535
15053	LG01	16100804	0.0502
15060	LG11	4509609	0.0472
15069	LG03	20311656	0.1182
15086	LG05	10725484	0.0417
15098	LG22	4547122	0.0518
15104	LG13	20808605	0.2486
15109	LG02	16919317	0.007
15112	LG08	8912517	0.1185
15113	LG11	13328849	0.0049
15122	LG23	8708221	0.0046
15139	LG05	21923875	0.2217
15140	LG06	5825366	0.1096
15145	LG13	3341126	0.2546
15150	LG03	7669281	0.0053
15165	LG16	22293396	0.0506
15171	LG23	9283213	0.0193
15185	LG18	18731251	0.0288
15207	LG18	19412597	0.1124
15212	LG05	21327788	0.0259
15217	LG01	6363572	0.0475
15218	LG13	15160240	0.0306
15229	LG17	10830659	0.204
15232	LG01	1020445	-0.0015
15234	LG10	15260066	0.2175
15235	LG16	23745057	0.0196
15239	LG14	8514359	0.2531
15240	LG01	7286931	0.2362
15242	LG12	25621100	0.0174
15248	LG18	18337469	0.0418
15251	LG20	5763678	0.01
15256	LG12	446630	0.0959
15267	LG22	5820699	0.1466
15269	LG01	7489971	0.1418
15274	LG15	5888323	0.0351
15279	LG05	23371420	0.0175
15290	LG03	7794247	0.0098
15293	LG20	22046387	0.3058
15298	LG06	13372966	0.0074
15300	LG05	13640918	0.0396
15306	LG21	5307455	0.026
15311	LG09	14890489	0.6961
15313	LG10	14212835	0.0226
15316	LG14	14880637	0.2364
15323	LG18	1928483	0.125
15326	LG15	21253119	0.1469
15327	LG14	12142906	0.1605
15354	LG11	19828160	0.0134
15373	LG20	10902738	0.8401
15382	LG05	11546705	0.0312
15386	LG03	11769363	0.0736
15393	LG01	20244563	0.2444
15398	LG15	18062209	0.0715
15401	LG15	4294985	0.0581
15407	LG06	21582654	0.1918
15419	LG18	19657777	0.0249
15432	LG08	10804836	0.0306
15442	LG03	23446575	0.0808
15443	LG01	20190362	0.0941
15456	LG04	28674444	0.171
15459	LG18	14866493	0.0864
15462	LG09	11582028	0.0729
15471	LG09	6468150	0.6749
15473	LG07	18504448	0.9636
15488	LG18	19946164	0.0343
15494	LG05	18979819	0.0561
15507	LG15	17152729	0.0205
15508	LG15	10903474	0.0182
15527	LG21	9637925	0.0548
15528	LG16	13025420	0.4191
15531	LG20	13226742	0.0421
15536	LG07	5891920	0.1003
15543	LG01	3923225	0.0141
15546	LG13	12413111	0.2853
15548	LG01	13549939	0.0632
15557	LG02	9912739	0.3967
15560	LG23	19944389	0.0141
15568	LG08	13237425	0.2526
15571	LG18	1896621	0.6288
15573	LG06	6638277	0.8589
15586	LG09	16189035	0.1488
15588	LG05	5118449	0.174
15595	LG13	1320012	0.1362
15598	LG19	16515016	0.1996
15604	LG03	23897780	0.0087
15610	LG21	7275660	0.1543
15614	LG20	15153259	0.0304
15615	LG06	17092433	0.8336
15623	LG14	27104520	0.0314
15645	LG07	21003278	0.0188
15650	LG09	16091715	0.1337
15667	LG20	23656667	0.4284
15675	LG01	8990063	0.0204
15680	LG18	16785048	0.0257
15701	LG06	10563813	0.0256
15713	LG02	5557301	0.0763
15714	LG02	5577796	0.0085
15735	LG02	11907621	0.3752
15748	LG08	10446991	0.9882
15749	LG11	2453939	0.07
15752	LG16	7650464	0.1428
15754	LG18	7531815	0.0792
15756	LG11	27938726	0.0769
15763	LG13	6534830	0.3301
15774	LG14	7268942	0.079
15780	LG23	5975215	0.9034
15788	LG12	25185115	0.2096
15791	LG01	141695	0.7873
15796	LG23	10082796	0.0418
15805	LG19	7169435	0.0155
15806	LG09	2600547	0.0494
15808	LG20	6786084	0.3678
15828	LG04	18954890	0.6431
15829	LG11	24629151	0.0791
15841	LG22	4037240	0.0991
15850	LG15	8529809	0.0496
15855	LG11	13815890	0.0256
15869	LG15	21129965	0.0532
15872	LG02	13098019	0.2001
15887	LG17	6752963	0.0091
15903	LG03	7655613	0.0057
15907	LG09	9465117	0.7308
15910	LG04	17189095	0.1099
15925	LG01	26825871	0.0118
15927	LG03	29283876	0.3072
15934	LG07	11782849	0.7329
15948	LG22	2521856	0.0871
15954	LG11	5805730	0.3901
15955	LG11	19958585	0.0906
15958	LG23	12977353	0.0165
15965	LG03	7238280	0.0305
15968	LG19	19746363	0.0135
15973	LG08	4711955	0.056
15991	LG13	5583437	0.0732
15997	LG14	9216980	0.1002
16005	LG13	19499378	0.0504
16009	LG09	17406696	0.13
16011	LG18	4992066	0.0226
16032	LG08	6862619	0.3444
16033	LG01	22274751	0.2137
16035	LG12	18326476	0.0504
16036	LG01	15698538	0.0068
16037	LG22	4808953	0.0077
16039	LG01	3360383	0.0289
16040	LG01	214355	0.0105
16046	LG04	8899634	0.4642
16053	LG04	6544967	0.0917
16059	LG21	20400508	0.0427
16062	LG07	12076536	0.0305
16063	LG15	10787770	0.0426
16089	LG03	6574564	0.0551
16098	LG23	11428544	0.3847
16121	LG08	11993549	0.6684
16127	LG03	5549836	0.0373
16134	LG08	8305901	0.1135
16135	LG11	28354202	0.0753
16141	LG08	13518062	0.0029
16145	LG10	19915286	0.0411
16151	LG11	9208997	0.1657
16157	LG23	19649645	0.1758
16164	LG07	21075373	0.1308
16168	LG07	23331870	0.0302
16173	LG04	10254916	0.0684
16178	LG18	21410134	0.0483
16179	LG03	27266677	0.0257
16180	LG23	10509126	0.0315
16186	LG08	4941063	0.4893
16187	LG13	1500096	0.0532
16190	LG04	29395045	0.2415
16205	LG08	23333714	0.0044
16208	LG16	15615046	0.0142
16209	LG01	6164035	0.0419
16211	LG19	18910262	0.0301
16215	LG14	9813679	0.0592
16218	LG07	16069098	0.0296
16227	LG13	17695584	0.0748
16231	LG23	9724724	0.2642
16233	LG14	4113927	0.2542
16238	LG08	5811809	0.0445
16245	LG10	19765296	0.0092
16257	LG11	15142617	0.5433
16261	LG18	9852260	0.0592
16264	LG05	3973528	0.0163
16270	LG11	3234999	0.4938
16277	LG02	21057505	0.2665
16280	LG10	9631682	0.6396
16291	LG01	14215233	0.1859
16292	LG08	9791342	0.0646
16325	LG14	3425971	0.0491
16332	LG02	563449	0.0077
16352	LG16	26257743	0.2671
16360	LG03	7374030	0.2552
16369	LG13	18299287	0.1382
16370	LG05	7643714	0.1486
16375	LG12	17446219	0.2042
16384	LG15	18797867	0.0293
16393	LG22	17716788	0.0098
16396	LG02	1855213	0.0173
16410	LG07	6570170	0.0943
16422	LG10	18439664	0.0127
16425	LG07	27583603	0.016
16429	LG11	11596915	0.3729
16441	LG01	17478244	0.1108
16456	LG05	4768937	0.875
16457	LG15	3946906	0.0855
16458	LG20	9073013	0.1573
16474	LG04	14767734	0.1737
16480	LG15	14087189	0.2063
16482	LG13	9438752	0.0049
16492	LG20	1852056	0.0227
16504	LG06	23022030	0.8107
16517	LG23	9899809	0.854
16520	LG15	14334485	0.1524
16522	LG01	16029166	0.0098
16535	LG15	15737628	0.0419
16549	LG17	3102403	0.0292
16560	LG19	5063117	0.0122
16563	LG22	138954	0.0116
16564	LG11	4376683	0.1079
16573	LG07	1633397	0.0174
16577	LG22	4572970	0.0212
16599	LG15	16275261	0.0503
16612	LG10	1560210	0.0076
16615	LG21	22174957	0.0121
16616	LG13	1620642	0.0823
16620	LG04	18616085	0.8111
16621	LG03	26542928	0.0441
16637	LG09	4910828	0.0354
16650	LG13	11699849	1e-04
16654	LG23	18467308	0.044
16683	LG02	5502143	0.5137
16690	LG20	19503177	0.0254
16695	LG05	17929251	0.1175
16697	LG05	16589226	0.0186
16698	LG08	10896352	0.0445
16706	LG03	8053761	0.0067
16718	LG07	27965978	0.1587
16745	LG22	20148987	0.0072
16748	LG23	13575352	0.6043
16752	LG13	7127580	0.2284
16766	LG13	25053940	0.0962
16787	LG10	6644405	0.0248
16789	LG11	18944992	0.0199
16791	LG10	25140041	0.0964
16800	LG04	17712984	0.2683
16803	LG08	8068226	0.0259
16806	LG09	11496944	0.0224
16812	LG20	7395212	0.0097
16814	LG14	2926912	0.0369
16833	LG01	25695043	0.0303
16834	LG07	28130284	0.2646
16846	LG12	25008399	0.0357
16858	LG21	330607	0.0488
16861	LG23	1366855	0.127
16865	LG23	16865370	0.0205
16872	LG02	20006957	0.0995
16874	LG16	19137696	0.0124
16880	LG17	18049624	0.0347
16881	LG07	15142172	0.0236
16897	LG12	7887658	0.0243
16902	LG23	17396584	0.1013
16908	LG20	11658627	0.2172
16911	LG08	15039140	0.0263
16931	LG18	19293340	0.0537
16933	LG18	8828592	0.1383
16934	LG14	23734811	0.0254
16942	LG08	19115287	0.0812
16947	LG05	3136987	0.0199
16955	LG01	4680553	0.1577
16963	LG21	7542984	0.1334
16965	LG08	5811721	0.0425
16966	LG15	25007035	0.0082
16967	LG09	16123680	0.0515
16968	LG06	17047164	0.5691
16982	LG01	9333078	0.023
16989	LG01	20244651	0.0377
17002	LG18	16070330	0.0202
17004	LG22	9292673	0.0229
17016	LG02	12664574	0.9788
17021	LG22	6109204	0.3079
17036	LG07	16603045	0.1061
17038	LG09	17129440	0.8366
17040	LG02	21265012	0.0222
17066	LG06	24966019	0.2681
17070	LG19	11077729	0.414
17073	LG02	10365156	0.0853
17074	LG01	13460605	0.0553
17087	LG11	11366771	0.7095
17097	LG18	6862613	0.6696
17102	LG13	19423592	0.0115
17104	LG16	21974523	0.0445
17106	LG14	19739720	0.0482
17116	LG21	12548555	0.0397
17121	LG01	24067024	0.0046
17128	LG19	19855741	-0.0011
17131	LG22	9318448	0.3699
17132	LG03	11263632	0.0874
17134	LG03	14854029	0.0659
17141	LG07	16146679	0.0199
17168	LG08	6570111	0.0689
17181	LG10	10048933	0.2172
17183	LG01	14174929	0.1653
17185	LG09	13511279	0.017
17190	LG08	15826395	0.0153
17192	LG21	6931837	0.1328
17216	LG07	29626247	0.064
17217	LG15	10839639	0.045
17230	LG09	11767563	0.2181
17237	LG21	2997516	0.0116
17245	LG14	19228505	0.0166
17254	LG21	9839979	0.0206
17255	LG16	14444680	0.0877
17256	LG12	25161246	0.0355
17258	LG15	26153891	0.0199
17267	LG08	12625036	0.9424
17282	LG17	14093189	0.0497
17298	LG21	3252770	0.167
17312	LG04	21518848	0.1746
17318	LG07	9159743	0.0357
17322	LG07	13226104	0.1204
17325	LG17	6195355	0.8643
17328	LG05	11002377	0.069
17329	LG01	20190450	0.017
17330	LG16	2265763	0.0075
17332	LG02	12300457	0.0246
17335	LG15	25184354	0.2502
17342	LG01	13165795	0.5988
17343	LG10	2810907	0.0235
17347	LG06	1844542	0.0599
17350	LG21	5322647	0.0075
17351	LG10	2645492	0.0218
17355	LG16	19918982	0.015
17357	LG04	18182664	0.1558
17363	LG05	17877788	0.0028
17382	LG21	18336350	0.028
17384	LG09	2170302	0.1188
17391	LG02	19424468	0.5984
17392	LG08	19037683	0.0169
17399	LG18	12589872	0.0367
17428	LG13	5252675	0.14
17436	LG17	7310136	0.687
17442	LG09	18023941	0.2049
17446	LG13	11956125	0.0931
17454	LG03	24732539	-0.0019
17461	LG23	1562639	0.0685
17475	LG20	13890554	0.06
17490	LG14	27420218	0.287
17512	LG22	4444450	0.136
17522	LG20	894030	0.0352
17523	LG21	16251869	0.3307
17533	LG04	9999171	0.1023
17552	LG19	178221	0.4651
17561	LG01	11481567	0.157
17578	LG21	19954312	0.0168
17580	LG03	5317343	0.0251
17582	LG12	6410601	0.2699
17586	LG13	9571485	0.424
17592	LG13	19931606	0.0544
17600	LG22	13696297	0.1571
17606	LG02	4524449	-0.0011
17615	LG22	17373299	0.0719
17619	LG19	3547506	0.1371
17624	LG18	12170837	0.0146
17625	LG14	1955317	0.8606
17629	LG05	14114194	0.0683
17631	LG07	17895354	0.031
17635	LG19	14330666	0.1098
17643	LG17	10830571	0.036
17644	LG11	24432463	0.177
17654	LG14	14918702	0.0363
17660	LG01	9866994	0.0237
17666	LG08	11504924	0.0705
17670	LG07	25484701	0.4889
17683	LG05	12036263	0.0164
17702	LG09	13518924	0.2767
17708	LG15	13907715	0.1185
17709	LG11	12700354	0.0255
17718	LG05	21496059	0.0121
17726	LG11	16223640	0.295
17737	LG05	11138867	0.1135
17738	LG05	23403828	0.0584
17739	LG13	9164472	0.1082
17750	LG11	15734279	0.0105
17760	LG10	18095577	0.3112
17779	LG05	18648134	0.0798
17816	LG06	237035	0.0221
17825	LG01	6887258	0.9695
17826	LG20	17981362	0.0464
17835	LG07	9383414	0.9654
17837	LG18	13681410	0.1514
17856	LG08	4176493	0.0342
17860	LG21	20577949	0.0654
17867	LG08	1124351	-7e-04
17870	LG08	13840335	0.9446
17879	LG10	2293277	-0.0014
17885	LG08	23012265	0.0502
17890	LG22	11257372	0.1868
17892	LG23	8025224	0.0197
17898	LG06	24099530	0.6982
17899	LG23	22636068	0.1636
17901	LG09	16836821	0.0791
17909	LG04	27400513	0.0129
17912	LG09	23034645	0.092
17917	LG23	6910701	0.017
17919	LG05	9434848	0.067
17923	LG18	20853640	0.0274
17934	LG06	177317	0.0498
17941	LG16	9896654	0.199
17944	LG05	9577848	-0.0011
17947	LG14	25735447	0.0699
17951	LG09	14669233	0.0246
17959	LG09	16869465	0.1166
17968	LG09	23570799	0.1771
17971	LG23	20868446	0.0235
17973	LG16	8994042	0.0891
17977	LG14	24906233	0.0983
17978	LG02	18279914	0.0223
17985	LG02	19239438	0.1976
17990	LG10	13900150	0.2134
17993	LG07	28876115	0.1877
17999	LG10	11365506	0.0759
18002	LG02	5475402	0.017
18012	LG12	22709819	0.1543
18015	LG12	6667315	0.2582
18028	LG20	8934802	0.0367
18043	LG09	17110549	0.9142
18047	LG21	15162360	0.0489
18049	LG02	15045848	0.0602
18050	LG10	1115331	0.0335
18063	LG21	5119377	0.01
18065	LG23	23935	0.3206
18070	LG12	18432995	0.0599
18073	LG08	18588524	0.0605
18075	LG15	6218214	0.9878
18089	LG15	18910824	0.0293
18094	LG18	13222722	0.2716
18111	LG10	2525180	0.05
18120	LG06	10569904	0.0112
18133	LG12	18750265	0.013
18142	LG20	19914321	0.1781
18149	LG18	22171134	0.0696
18159	LG06	23485475	0.0848
18166	LG12	567544	0.6412
18186	LG09	3902933	0.1293
18191	LG15	23717326	0.1746
18193	LG04	26465366	0.1832
18222	LG20	58339	0.0147
18236	LG11	5341135	0.053
18243	LG23	3883723	0.5168
18248	LG10	4304858	0.0261
18249	LG02	565546	0.0061
18250	LG11	22636036	-0.0013
18253	LG12	23861769	0.1275
18273	LG13	19032406	0.0145
18306	LG20	14082430	0.1357
18308	LG01	22419255	0.0115
18309	LG01	4438940	0.012
18312	LG17	4416937	0.0541
18313	LG11	8774654	0.1209
18315	LG12	9291719	0.0658
18318	LG22	3971952	0.0303
18319	LG09	21889342	0.077
18328	LG01	4337363	-0.0013
18330	LG10	5843219	0.3832
18331	LG22	4794432	0.0012
18337	LG13	14242723	0.0204
18355	LG05	11138778	0.1346
18366	LG10	18594290	0.0995
18398	LG22	1046541	0.5372
18401	LG09	10862292	0.1253
18404	LG15	31666	0.3366
18415	LG03	27141255	0.0075
18434	LG12	23397580	0.2321
18438	LG03	15357577	0.0857
18467	LG13	15756260	0.026
18471	LG21	9085935	0.1398
18476	LG21	11674406	0.9673
18478	LG12	11760945	0.0038
18480	LG22	407663	0.0165
18482	LG09	12928434	0.0067
18502	LG09	940472	0.0406
18508	LG04	20070601	0.2582
18512	LG21	15913059	0.0125
18514	LG13	20554528	0.4291
18517	LG07	16558501	0.2188
18523	LG18	5958731	0.0791
18524	LG02	20466907	0.033
18528	LG14	1687979	0.4688
18534	LG18	12493817	0.0109
18535	LG03	23373618	0.0602
18553	LG16	13433995	0.0859
18558	LG13	9131344	0.1334
18566	LG01	21078734	0.8014
18571	LG11	4312750	0.0947
18577	LG04	25721181	0.0106
18579	LG18	14957201	0.1507
18581	LG21	21143845	0.397
18583	LG15	7601977	0.0267
18594	LG17	17024401	0.2666
18599	LG13	9325469	0.1503
18615	LG08	12122177	0.9248
18619	LG07	18183680	0.1514
18621	LG15	16439929	-0.0014
18628	LG08	10815737	0.0474
18633	LG13	25006236	0.0408
18637	LG05	21652083	0.0212
18641	LG20	6528477	0.0664
18648	LG04	19725566	0.0218
18651	LG16	25503962	0.1182
18659	LG14	2164166	0.0076
18662	LG15	12265718	0.0392
18678	LG16	26034933	0.1386
18686	LG05	11546793	0.0021
18687	LG14	25020971	0.0601
18694	LG05	21068872	0.0338
18698	LG17	2748516	0.1502
18702	LG08	21564021	0.1917
18715	LG13	10560993	0.0124
18726	LG08	25130632	0.0729
18741	LG19	8595624	0.9882
18743	LG06	7692783	0.3789
18754	LG10	19102995	0.0214
18757	LG09	11297595	0.0492
18770	LG20	17297175	0.0599
18780	LG02	16247404	0.3369
18792	LG12	13201639	0.4581
18793	LG20	12594969	0.0571
18796	LG07	20918202	0.0038
18804	LG19	19636844	-0.0011
18821	LG12	11902614	0.4358
18822	LG03	4110675	0.0655
18830	LG14	18092169	0.0467
18835	LG20	23406232	0.355
18840	LG12	5561882	0.0511
18841	LG06	6656691	0.1855
18858	LG15	11572233	0.0097
18864	LG16	12437489	0.0235
18879	LG11	2695805	-0.0012
18881	LG22	7620032	0.0156
18887	LG02	22522394	0.2036
18889	LG08	18146524	0.0244
18900	LG08	10347890	0.0373
18906	LG05	9579838	0.0759
18925	LG05	11763208	0.1872
18934	LG15	8332754	0.2144
18938	LG23	14589392	0.8118
18947	LG11	8837364	0.0478
18975	LG05	2579067	0.0954
18979	LG05	11124903	0.4628
18990	LG16	26741031	0.1594
18994	LG03	27850690	0.4048
19011	LG19	19746275	0.1256
19014	LG11	24642299	0.3675
19020	LG07	27371063	0.0356
19021	LG11	2466205	0.0192
19022	LG21	9959989	0.0473
19023	LG10	17098983	0.2548
19031	LG01	12492400	0.038
19035	LG11	23667786	0.0021
19037	LG11	9019282	0.6973
19039	LG21	18411991	0.01
19045	LG02	11101487	0.2501
19046	LG07	25485765	0.0364
19050	LG22	5557857	0.0587
19061	LG20	5261601	0.0598
19066	LG20	3439763	0.3136
19069	LG13	1656421	0.3283
19070	LG20	15779831	0.0233
19081	LG03	7238162	0.2527
19083	LG09	16022854	0.055
19094	LG02	6619151	0.7214
19098	LG14	24096084	0.0333
19107	LG07	25260051	0.2031
19118	LG05	14061436	0.0236
19126	LG02	11403166	0.1381
19138	LG21	8586005	0.2247
19141	LG18	8738997	0.0453
19146	LG16	13115937	0.207
19165	LG05	14114282	0.0223
19170	LG13	10600670	0.0166
19174	LG12	5655789	0.0466
19181	LG18	18862777	0.6099
19193	LG15	17580160	0.1783
19194	LG15	20966393	0.102
19199	LG09	7053631	0.0379
19201	LG11	4663213	0.0262
19219	LG14	22548886	0.0967
19222	LG12	19916291	0.271
19228	LG11	2128700	0.0074
19231	LG14	25976208	0.0071
19232	LG01	6367870	0.0181
19235	LG19	1397333	0.1071
19241	LG19	10009059	0.6202
19255	LG03	19837223	0.014
19263	LG11	15974041	0.0191
19269	LG19	12258877	0.0517
19286	LG22	10702229	0.0133
19292	LG14	22568955	0.9707
19294	LG20	11627795	0.0312
19304	LG20	16370657	0.6444
19310	LG09	23544030	0.1697
19324	LG13	1620554	0.0024
19329	LG03	24955295	0.3093
19340	LG01	25547121	0.0702
19342	LG08	3742817	0.1375
19351	LG12	19338527	0.0729
19360	LG09	21644883	0.9469
19371	LG09	10689203	0.227
19372	LG07	30915399	0.0164
19384	LG22	2473590	0.0076
19393	LG15	14447479	0.2377
19408	LG05	22952177	0.0568
19425	LG03	10767687	0.5589
19438	LG16	17321565	0.0865
19441	LG03	5484346	0.052
19458	LG16	30927774	0.9351
19466	LG06	22609209	0.0707
19475	LG11	14782518	0.1528
19478	LG11	17498265	0.036
19502	LG22	17169193	0.1379
19509	LG13	24173924	0.0323
19513	LG18	17677192	0.0897
19520	LG07	29868988	0.097
19522	LG05	22307581	0.0161
19526	LG01	24606463	0.0689
19537	LG18	11863017	0.0259
19541	LG20	9594475	0.0741
19543	LG15	19969306	0.0156
19551	LG06	5223455	0.3765
19559	LG16	4031997	0.0584
19564	LG10	20345887	-0.0019
19587	LG08	8178687	0.4402
19592	LG03	20800363	0.3454
19598	LG02	20048778	-0.0012
19608	LG13	5343568	0.1162
19616	LG02	3134816	0.2198
19626	LG13	6621179	0.3002
19630	LG19	80778	0.0353
19633	LG20	9543982	0.0188
19641	LG11	22415326	0.0258
19650	LG21	20367923	0.0603
19651	LG14	5180737	0.052
19660	LG11	12511791	0.003
19666	LG21	20790620	0.0122
19679	LG19	12150283	0.2966
19682	LG09	24358659	0.0723
19683	LG13	13024843	0.1895
19685	LG07	28686518	0.0423
19689	LG06	3616089	0.2239
19712	LG16	15208311	0.0157
19716	LG01	13543599	0.0837
19718	LG04	15786063	0.8489
19720	LG14	7840851	0.0431
19725	LG17	11204349	0.328
19729	LG11	9699702	0.1249
19731	LG20	1842228	0.0122
19739	LG16	17279586	0.0733
19740	LG04	32561118	0.0336
19742	LG11	658080	0.0137
19750	LG02	6566985	0.2174
19752	LG09	14153515	0.0721
19756	LG04	17689844	0.0243
19758	LG20	13703430	0.0889
19768	LG23	13992374	0.1205
19772	LG17	4161952	0.9541
19784	LG11	19585086	0.131
19785	LG07	19665494	0.065
19821	LG21	15631628	0.0999
19829	LG10	7361517	0.06
19830	LG11	18942693	0.0561
19853	LG16	4413742	0.1689
19854	LG19	14775984	0.4101
19856	LG05	19867310	0.1394
19867	LG05	14061524	0.0546
19879	LG07	27702248	0.02
19881	LG03	24958507	0.0337
19884	LG16	30787223	0.0995
19890	LG16	6043725	0.0524
19899	LG16	15751143	0.0292
19900	LG01	21474610	0.0145
19904	LG07	18504536	0.1197
19910	LG16	12218491	0.128
19918	LG14	18235511	0.4448
19923	LG08	20933711	0.0449
19928	LG14	12103261	0.2082
19940	LG16	28505558	0.117
19943	LG11	5432424	0.0165
19949	LG11	9077021	1
19956	LG12	9597045	0.3427
19964	LG11	5576643	0.0355
19965	LG15	14387770	0.0687
19971	LG15	18510285	0.0021
19975	LG03	29149035	0.6514
19990	LG06	10021608	0.6641
19994	LG16	27979524	0.1019
19996	LG01	25476068	0.0025
20017	LG15	8397570	0.5156
20023	LG15	21939601	0.0375
20036	LG09	7937542	0.2238
20042	LG05	12599556	0.0059
20056	LG13	15343655	0.0629
20057	LG04	15803187	0.284
20061	LG15	19363735	0.1599
20068	LG09	23628908	0.2214
20070	LG14	27100953	0.0027
20078	LG16	14766717	0.0532
20081	LG10	12658536	0.092
20082	LG22	10123107	0.0726
20083	LG23	19876950	0.6156
20085	LG16	27127755	0.0857
20091	LG06	6642602	0.006
20101	LG06	7734851	0.2662
20125	LG15	9544012	0.1267
20128	LG06	176690	0.8792
20130	LG03	22446759	0.0223
20140	LG11	18447554	0.1221
20144	LG05	14401240	0.0796
20148	LG03	28122202	0.0209
20154	LG01	19065023	0.9014
20158	LG04	25712430	0.014
20163	LG07	24305226	0.0349
20186	LG20	4366727	0.0169
20195	LG01	4436797	0.5353
20197	LG07	21773059	0.0326
20198	LG13	17432380	0.0096
20222	LG01	15949701	0.7533
20230	LG16	20860046	0.6336
20232	LG05	10533578	0.3023
20239	LG20	19669429	0.0251
20242	LG22	7133742	0.1719
20245	LG01	14915282	0.2915
20248	LG07	29864471	0.112
20249	LG11	21054680	0.1725
20255	LG04	17092539	0.0963
20257	LG13	23629689	0.0213
20263	LG12	29713	0.087
20265	LG09	12622101	0.0575
20270	LG08	17349042	0.0583
20284	LG02	5625109	-0.0024
20285	LG08	14206924	0.0261
20295	LG10	24766333	0.4958
20312	LG22	14743419	0.0179
20321	LG18	8985599	0.0884
20343	LG01	7310623	0.0264
20351	LG11	24512227	0.1384
20354	LG04	25968078	0.0201
20364	LG14	8805051	0.0252
20372	LG20	5687024	0.0911
20373	LG02	5899155	0.0493
20374	LG22	19950182	0.0415
20381	LG05	14027035	0.0368
20382	LG18	22104721	0.2776
20384	LG14	18183471	0.0071
20385	LG18	7040191	0.0385
20395	LG07	29553803	0.182
20399	LG16	24136086	0.3189
20400	LG15	7408576	0.1184
20402	LG06	24374929	0.0628
20413	LG04	22474367	0.0608
20419	LG18	665800	0.0294
20425	LG05	6497308	0.5028
20437	LG01	8869410	0.1063
20446	LG09	11671951	0.8702
20449	LG05	21122347	0.0321
20452	LG02	11371678	0.0237
20462	LG22	10749043	0.1886
20466	LG22	7682050	0.0244
20472	LG07	27329202	0.402
20486	LG23	1216584	0.0526
20490	LG03	25668424	0.0374
20500	LG18	6322989	0.0119
20501	LG02	4299068	0.0367
20517	LG18	19923264	0.1676
20522	LG09	2507199	0.0167
20525	LG16	8921702	0.0474
20530	LG08	14072527	0.0218
20532	LG21	5502111	0.3024
20543	LG21	3250970	0.0415
20544	LG12	6086824	-0.0014
20546	LG15	8724721	0.021
20551	LG16	27618250	0.0029
20552	LG02	7704733	0.2745
20559	LG01	8160450	0.1627
20561	LG04	28036248	0.0253
20568	LG15	22021243	0.0734
20570	LG02	3848141	0.0797
20572	LG02	19225999	0.0236
20573	LG05	17773491	0.0444
20578	LG08	11763653	0.0456
20588	LG15	8372922	0.0877
20593	LG13	16159441	0.0173
20604	LG16	6738364	0.0281
20609	LG14	8091522	0.1817
20625	LG14	3709595	0.033
20649	LG15	22198330	0.0338
20670	LG19	16492281	0.228
20672	LG15	21374181	0.8368
20681	LG16	18531270	0.0236
20688	LG21	15905567	0.0118
20689	LG18	15486047	0.0113
20691	LG15	7901474	0.2902
20699	LG13	23508293	0.0453
20705	LG06	21055115	0.0753
20706	LG16	5823127	0.016
20714	LG14	23463317	0.0438
20715	LG03	16306928	0.0812
20726	LG09	4436715	0.0102
20732	LG14	7233848	0.348
20735	LG04	16801618	0.0164
20742	LG16	11890175	0.0944
20744	LG05	23975122	0.1044
20748	LG16	29407735	0.0101
20753	LG07	27066137	0.5986
20756	LG06	3568242	0.1723
20760	LG08	15110370	0.0748
20770	LG13	20742960	0.1448
20781	LG15	10765691	0.0076
20791	LG08	10603909	0.0184
20794	LG01	6675702	0.0077
20795	LG21	3588758	0.2692
20796	LG11	10174407	0.2579
20810	LG07	5032460	0.2376
20835	LG22	15230255	0.0447
20837	LG18	599341	0.7185
20867	LG06	15224176	0.0076
20890	LG09	7053543	0.0191
20895	LG15	19993255	0.0398
20898	LG03	6721773	0.0271
20908	LG15	8329374	-3e-04
20920	LG10	19404682	0.2097
20923	LG11	14468605	0.6386
20926	LG01	19851693	0.3477
20928	LG18	12055207	0.7531
20929	LG05	17283664	0.2682
20937	LG09	4094091	0.0266
20945	LG10	19366755	0.0193
20964	LG15	19751967	0.0762
20990	LG07	21131169	0.5928
20997	LG18	17575333	0.0215
21003	LG23	12820690	0.1023
21016	LG07	23507934	0.2968
21028	LG03	6721861	0.1003
21046	LG03	18033092	0.5404
21070	LG12	21516223	0.0052
21071	LG15	25544457	0.077
21073	LG12	4069175	0.028
21078	LG02	22029483	0.1386
21084	LG22	7012706	0.3729
21089	LG10	4739467	0.0566
21092	LG08	24575790	0.0368
21097	LG20	11746796	0.015
21100	LG20	15135577	0.0369
21118	LG09	17644011	0.0367
21119	LG20	6179252	0.0487
21120	LG09	6147938	0.2721
21123	LG08	16555297	0.993
21148	LG22	6221316	0.0633
21152	LG21	19559785	0.0597
21174	LG12	22865901	0.0112
21239	LG09	19366042	0.0198
21256	LG11	3027003	0.1186
21277	LG02	18598638	0.3337
21289	LG18	20707834	0.2204
21290	LG05	16180064	0.7101
21296	LG02	8900071	0.7547
21302	LG14	14635342	0.0483
21313	LG11	852857	0.0158
21317	LG19	18962587	0.0674
21335	LG11	2991166	0.1282
21336	LG17	5556158	0.0024
21339	LG04	10785561	0.0169
21360	LG11	16819948	0.3124
21376	LG16	18669407	0.1587
21377	LG02	5810716	0.1207
21383	LG14	28071137	0.0613
21403	LG14	6790576	0.5584
21411	LG15	17013389	0.0371
21419	LG04	15849042	0.9382
21433	LG21	3980809	0.0241
21453	LG06	6580009	0.1977
21454	LG09	7105409	0.1658
21470	LG08	24761922	0.0962
21488	LG04	8724903	0.0302
21492	LG14	10086345	0.2667
21509	LG11	8929232	0.0239
21518	LG01	16668458	0.0982
21531	LG08	15039052	0.0516
21537	LG22	11444989	0.3768
21539	LG08	10823636	0.243
21540	LG08	6956890	0.1789
21554	LG16	22857513	0.0263
21558	LG21	22420803	0.2147
21559	LG21	9696329	0.0587
21572	LG05	4258516	0.1393
21573	LG23	15103569	0.028
21583	LG01	21139714	0.0161
21590	LG11	5432942	0.5077
21596	LG18	2607432	0.5357
21600	LG08	7171130	0.0032
21611	LG06	10068624	0.0234
21613	LG03	7275254	0.3819
21614	LG06	8028774	0.363
21624	LG04	8536219	0.0666
21633	LG16	3885750	0.5057
21647	LG18	8914446	0.0141
21649	LG05	13154753	0.1181
21653	LG13	14590679	0.3022
21666	LG18	19530417	0.1584
21681	LG10	7779998	0.028
21686	LG09	13925989	0.5806
21699	LG06	8243548	0.0519
21704	LG14	2137806	0.5484
21720	LG01	12649886	0.0213
21723	LG07	29130898	0.0513
21726	LG14	5603751	0.1426
21732	LG05	2375291	0.0327
21748	LG20	20065316	0.7817
21762	LG20	8139735	0.0326
21772	LG17	6468420	0.1246
21779	LG14	10097824	0.0354
21786	LG23	14033295	0.0494
21788	LG17	14129644	0.0161
21789	LG11	11847676	0.0778
21798	LG23	17398726	0.1269
21800	LG10	7362046	0.023
21801	LG01	3842286	-0.001
21802	LG09	609295	0.2954
21821	LG03	22712251	0.0507
21826	LG19	19574950	0.0289
21829	LG07	19738440	0.7472
21833	LG21	20406551	0.3645
21851	LG17	11697684	0.023
21863	LG23	14840096	0.637
21870	LG10	2836992	0.005
21874	LG07	15564103	0.8132
21884	LG10	18670124	0.026
21896	LG13	17395032	0.0227
21905	LG16	28586581	-9e-04
21907	LG18	13803198	0.1752
21920	LG21	21956905	0.1038
21921	LG06	17047252	0.0541
21924	LG22	6202798	0.0301
21934	LG07	18657038	0.583
21971	LG10	10867159	0.6831
21989	LG14	14128458	0.0958
21996	LG21	4890359	0.0958
21999	LG16	15198199	0.0085
22001	LG20	13259719	0.0181
22011	LG10	4306943	0.0057
22014	LG02	17465390	0.0174
22020	LG06	13229716	0.3764
22022	LG22	11180967	-5e-04
22034	LG04	23376531	0.0229
22035	LG07	13370025	0.0178
22061	LG22	11222389	0.0123
22084	LG17	10466061	0.0351
22085	LG18	13692097	0.1624
22087	LG15	12236939	0.0173
22092	LG09	13245403	0.0044
22126	LG19	12047075	0.0286
22129	LG15	18678206	0.0225
22131	LG02	19717408	0.1885
22166	LG07	14854682	0.748
22206	LG12	21990158	0.3028
22240	LG21	13083088	0.0265
22242	LG23	1656399	0.2619
22246	LG09	16119065	-0.0019
22261	LG04	20221981	0.1692
22270	LG03	2331790	0.0313
22276	LG07	22340068	0.0063
22282	LG14	2687638	0.0423
22284	LG20	406647	0.0903
22286	LG16	10185157	0.012
22295	LG16	4288722	0.0912
22303	LG07	17494008	2e-04
22304	LG14	6109311	0.0401
22306	LG20	21312840	0.0343
22323	LG17	16498976	0.0933
22324	LG07	21203117	0.1583
22328	LG23	688488	0.1033
22330	LG02	1459777	0.0421
22331	LG16	3984059	0.5792
22332	LG08	19098019	0.2226
22336	LG20	12477427	0.0298
22340	LG02	19082581	0.012
22348	LG18	4567412	0.0648
22349	LG22	16115335	0.2575
22364	LG22	19950094	0.0413
22376	LG01	18270121	0.173
22386	LG23	1332557	0.1347
22392	LG10	16955644	0.0161
22406	LG22	15374292	0.0293
22407	LG14	19237839	0.0536
22409	LG20	5968841	0.0123
22410	LG15	12018193	0.0497
22423	LG20	19010849	0.0398
22430	LG07	27902353	0.2557
22431	LG05	10067172	0.1435
22434	LG04	15803099	0.0787
22437	LG01	6834192	0.0577
22449	LG23	10287740	0.0098
22508	LG02	19309451	0.0317
22526	LG08	24326107	0.8315
22539	LG03	11485414	0.022
22563	LG08	11820497	0.9523
22595	LG14	27451587	0.2684
22596	LG15	17133549	0.2634
22597	LG13	1481646	0.0449
22615	LG15	16328025	0.0376
22617	LG12	26643090	0.9913
22621	LG19	11606651	0.2756
22637	LG11	24477451	0.137
22640	LG09	17652604	0.3734
22648	LG01	4342933	0.1033
22653	LG19	7855618	0.0167
22657	LG16	21317227	0.117
22677	LG13	7980396	0.0515
22679	LG03	10176528	0.0983
22687	LG17	4417025	0.4192
22688	LG14	20409170	0.3359
22689	LG16	18669495	0.041
22690	LG18	8787872	0.0906
22698	LG09	7438914	0.0133
22699	LG02	13825179	0.0436
22705	LG04	17429463	0.0947
22707	LG02	23145300	0.049
22710	LG12	10828140	0.1325
22719	LG16	26563582	0.0646
22728	LG04	13820872	0.0958
22729	LG07	24533275	0.0191
22731	LG14	13607687	0.9965
22737	LG05	18809175	0.1072
22739	LG05	11633495	0.1193
22753	LG09	23684868	0.0234
22759	LG15	24490271	0.9923
22771	LG10	3784167	0.6338
22783	LG06	17151219	0.2462
22788	LG18	11495314	0.6849
22789	LG15	23061083	0.2988
22790	LG20	19049447	0.0048
22791	LG20	406559	0.2007
22794	LG15	24809886	0.4226
22800	LG03	15388181	0.9644
22806	LG09	12871481	0.3519
22813	LG17	945052	0.3234
22824	LG08	24757841	0.7436
22830	LG19	3310600	0.1086
22839	LG15	17946990	0.0409
22842	LG23	5489707	0.1777
22851	LG11	21940307	0.0023
22858	LG18	12393921	0.003
22863	LG04	11033438	0.1777
22868	LG17	7022931	0.0326
22873	LG09	12988290	0.0538
22877	LG06	2385195	0.246
22889	LG15	19171896	0.3648
22892	LG14	8176240	0.1354
22895	LG03	24988455	0.4978
22898	LG14	28147577	0.2238
22899	LG22	10850682	0.1246
22900	LG08	8301243	0.0146
22905	LG22	4615278	0.0439
22918	LG09	11494887	0.0163
22921	LG06	9693517	0.5421
22922	LG18	16948854	0.0422
22923	LG23	22909679	0.9856
22930	LG04	34615017	0.5287
22941	LG20	4347686	0.2368
22947	LG11	3409526	0.0757
22950	LG14	242580	0.3326
22954	LG15	16462762	0.0354
22955	LG12	18576679	0.3722
22961	LG10	9917591	0.0992
22978	LG01	11703390	0.7638
22983	LG03	21749404	0.0578
22984	LG20	18502803	0.0541
22989	LG07	27407732	0.0277
23000	LG03	24732451	0.0649
23001	LG03	23423007	0.0136
23009	LG13	20869043	0.0887
23014	LG11	26491712	0.195
23018	LG13	1498281	0.3865
23026	LG20	5077173	0.5306
23029	LG03	26493285	0.7127
23055	LG01	13348517	0.4333
23057	LG01	8762573	0.9693
23060	LG22	4424955	0.0649
23066	LG11	3715071	0.1703
23076	LG08	10423892	0.0367
23079	LG04	21683194	0.063
23082	LG18	13862641	0.0639
23093	LG11	27289201	0.0225
23094	LG11	4350264	0.1811
23095	LG18	17155554	0.056
23099	LG16	9663803	0.2616
23100	LG08	5415753	0.0126
23112	LG02	19178339	0.4072
23124	LG23	19544808	0.0413
23136	LG09	23542273	0.1693
23143	LG09	12593181	0.0395
23146	LG10	23430455	0.0538
23148	LG06	4104193	0.0817
23152	LG22	6027789	0.0189
23156	LG23	19718731	0.0171
23159	LG08	24547395	0.3795
23168	LG11	13620304	0.0555
23178	LG09	20841659	0.329
23180	LG17	10475862	0.0672
23189	LG10	19767704	0.0238
23190	LG07	6942938	0.0437
23191	LG04	19725654	0.062
23201	LG12	10284210	0.0357
23211	LG07	26183959	0.2538
23215	LG03	6928935	0.0593
23232	LG06	5400756	0.0199
23233	LG05	18045368	0.7262
23248	LG07	1151010	0.0624
23252	LG21	16931771	0.0185
23258	LG12	4735969	0.1136
23271	LG01	2020904	0.5849
23272	LG18	1075384	0.0967
23278	LG19	12663018	0.0767
23279	LG16	8142193	0.077
23293	LG08	12844372	0.0912
23313	LG05	19510123	0.0807
23321	LG16	21739038	0.0514
23331	LG20	14544825	0.0134
23333	LG14	10622606	0.0076
23334	LG14	1850852	0.0699
23336	LG03	11807877	0.0071
23345	LG02	4533055	0.0078
23351	LG22	3637554	0.7648
23361	LG22	12129202	0.0373
23364	LG21	1951878	0.9102
23371	LG04	10599321	0.1188
23374	LG13	17292407	0.1288
23389	LG13	20567864	0.0183
23395	LG08	14187546	0.1317
23412	LG15	8051383	0.0209
23413	LG16	26990205	0.158
23416	LG02	23079533	0.1547
23421	LG05	7123980	0.0317
23422	LG04	25712342	0.0429
23426	LG23	12507419	0.0051
23427	LG05	5411902	0.0531
23429	LG22	1779035	0.3455
23432	LG19	16382989	0.0423
23441	LG22	4571253	0.0153
23445	LG13	8744355	0.3792
23448	LG11	26240894	0.0615
23449	LG01	9519370	0.9008
23451	LG15	12323986	0.009
23457	LG07	2323253	0.0133
23467	LG12	6428531	0.0967
23482	LG16	29902337	0.0737
23486	LG11	16266066	0.0218
23487	LG14	9953277	0.113
23493	LG17	16135309	0.0067
23494	LG18	19645350	0.0677
23500	LG05	14113948	0.0161
23502	LG22	20045959	0.0186
23503	LG13	9971401	0.6239
23508	LG03	2759358	0.0147
23511	LG16	4694470	0.0271
23520	LG20	19109947	0.071
23528	LG04	34498084	0.089
23529	LG01	22426003	0.0856
23534	LG23	13337311	0.035
23544	LG03	17774929	-5e-04
23550	LG15	19942101	0.0046
23556	LG01	8703318	0.1917
23562	LG07	9752923	0.2844
23563	LG07	12349213	0.3629
23564	LG08	25718636	0.0145
23575	LG20	5716729	0.0316
23580	LG08	10125644	0.4403
23587	LG06	24168683	0.1658
23592	LG08	26200561	0.2216
23593	LG08	11824764	0.0488
23595	LG04	6557609	0.052
23608	LG23	2056660	0.2205
23613	LG21	19382634	0.0301
23615	LG10	14722708	0.4971
23617	LG02	22626275	0.0077
23618	LG19	7131019	0.0262
23624	LG02	19001001	0.0219
23627	LG22	11043718	0.0428
23633	LG16	11778376	0.0459
23643	LG02	2178449	0.0069
23645	LG17	18938718	-0.0016
23650	LG06	17098228	0.9434
23685	LG15	10818312	0.6859
23694	LG14	27086884	0.6969
23705	LG04	30578350	0.03
23721	LG22	12306044	0.047
23723	LG14	2993108	0.1658
23724	LG16	12539489	0.0075
23727	LG18	6540727	0.8382
23732	LG03	18399324	0.0749
23740	LG15	4420759	0.0189
23747	LG20	22803965	0.0251
23748	LG07	546087	0.069
23753	LG06	6601593	0.0262
23758	LG16	21133818	0.2393
23765	LG06	21333521	0.0165
23776	LG14	2289824	-0.0018
23785	LG09	15134525	0.0526
23788	LG06	19578433	0.3385
23792	LG13	18856816	0.7817
23795	LG04	22412121	0.0565
23824	LG04	1450506	0.0167
23827	LG15	12270324	0.043
23836	LG01	17891826	0.0026
23838	LG02	11039942	0.0055
23845	LG04	17671956	0.0666
23847	LG04	20747991	0.0614
23848	LG17	12182417	0.031
23858	LG19	12740514	0.0935
23863	LG03	8123980	0.4056
23870	LG16	17425331	0.014
23879	LG01	17874079	0.0451
23883	LG13	23701508	0.0165
23884	LG04	20800759	0.2225
23886	LG15	19219373	0.0176
23891	LG20	2777879	0.1369
23903	LG15	9410969	0.1614
23908	LG07	21130324	0.2634
23914	LG23	10085963	0.1885
23915	LG01	26446274	0.0579
23917	LG17	4750806	0.0049
23920	LG20	4206449	0.2169
23922	LG22	8131824	0.1829
23924	LG09	10911434	0.1019
23927	LG11	11392893	0.2566
23935	LG09	9937787	0.0161
23947	LG07	17608211	0.047
23950	LG22	4037329	0.0079
23964	LG04	29517813	0.0351
23977	LG12	25429189	0.0243
23986	LG07	11698160	-0.0014
23990	LG05	9266375	0.1487
23991	LG23	17085654	0.1475
23999	LG04	26670688	0.0291
24003	LG12	4069263	0.019
24005	LG20	16265452	0.0071
24009	LG05	12735878	0.0907
24025	LG16	28685001	0.0063
24028	LG06	10474106	0.0231
24029	LG15	20569610	0.0104
24031	LG21	20491855	0.0177
24036	LG15	15428650	0.0325
24062	LG18	13591321	0.2707
24071	LG11	12101375	0.0258
24080	LG04	19300842	0.033
24082	LG03	20155853	0.0108
24083	LG01	4439028	0.8152
24090	LG14	7610411	0.0617
24098	LG14	11755005	0.0082
24101	LG02	21722681	0.1082
24115	LG16	27776424	0.007
24116	LG13	11119459	0.9832
24117	LG09	13296746	6e-04
24124	LG11	4847996	0.0675
24135	LG13	6936637	0.5611
24136	LG23	6885062	0.1157
24147	LG12	24341605	0.2151
24148	LG02	9902304	0.0489
24158	LG20	1953008	0.0367
24167	LG14	2490084	0.0316
24168	LG11	20084116	0.0218
24178	LG01	7923832	0.0328
24194	LG03	23926965	0.0608
24196	LG11	3832245	0.2079
24219	LG16	8745678	0.2698
24226	LG11	13148494	0.2098
24232	LG23	11789069	0.1
24253	LG08	25535822	0.0134
24265	LG23	8127529	0.0344
24267	LG13	15858481	0.1304
24270	LG13	5273122	0.0235
24274	LG07	15237616	0.3018
24277	LG13	14988666	0.1073
24279	LG19	18761611	0.0687
24284	LG16	10938452	0.0679
24287	LG07	18609422	0.032
24288	LG03	788105	0.0234
24292	LG21	5281194	0.0145
24307	LG10	18499922	0.0077
24309	LG21	9666423	0.2485
24334	LG11	19199537	0.0285
24342	LG14	9467759	0.3923
24348	LG03	9050793	0.0128
24370	LG03	10352186	0.0737
24371	LG05	22689648	0.0248
24372	LG01	17254201	0.0063
24384	LG08	13756394	0.0705
24389	LG12	12107149	0.0273
24400	LG18	6018216	0.1133
24407	LG18	21802361	0.1005
24409	LG05	14290735	0.0403
24414	LG07	25379906	0.0571
24415	LG08	18766557	0.0404
24433	LG21	13109523	0.0843
24436	LG01	6191353	0.1309
24440	LG07	18792489	0.0279
24444	LG10	25232300	0.0377
24451	LG14	4188617	0.9865
24454	LG21	6228229	-0.0014
24464	LG13	5444037	0.0207
24467	LG07	15454584	0.8003
24470	LG12	19492656	0.0673
24471	LG21	6153504	0.0455
24478	LG18	19330205	0.8382
24483	LG14	23231740	6e-04
24484	LG13	16647584	0.1606
24485	LG15	25286539	0.1894
24504	LG05	11587563	-0.0018
24510	LG21	7237527	0.086
24543	LG13	13571484	0.0587
24544	LG22	5932831	0.0094
24554	LG08	21763729	0.0243
24586	LG16	30057493	0.0333
24591	LG10	15711501	0.0852
24597	LG13	9929672	0.0144
24606	LG08	5427658	0.0299
24634	LG10	18235054	0.0207
24642	LG04	29224003	0.0256
24643	LG01	8762661	0.9664
24659	LG10	9903825	0.0855
24664	LG22	3891485	0.2309
24665	LG06	14270724	0.3741
24671	LG23	2294854	0.0135
24673	LG01	12331744	0.7479
24680	LG07	28196913	0.7992
24683	LG08	25350262	0.3208
24684	LG07	21989767	0.0313
24691	LG20	8312312	0.0275
24698	LG18	19941705	0.0095
24734	LG22	19495640	0.0055
24742	LG22	8820938	0.0521
24751	LG05	9794993	0.8849
24759	LG08	7799630	0.0069
24772	LG03	27111842	0.0402
24774	LG17	7625576	0.1248
24779	LG01	14182553	0.0276
24801	LG14	27298761	0.0622
24808	LG02	2862479	0.0271
24824	LG14	18241278	0.1045
24825	LG08	10604355	0.0114
24833	LG07	26668142	0.0726
24840	LG17	15615212	0.0077
24841	LG16	2273141	0.0246
24866	LG01	21344701	0.102
24867	LG13	15382442	0.1523
24868	LG06	17520164	0.0237
24874	LG01	6163947	0.0227
24876	LG06	3270632	0.0411
24886	LG16	16745561	0.2618
24891	LG19	2930447	0.0123
24920	LG05	19158882	0.0346
24921	LG04	8453954	0.0111
24934	LG01	22930946	0.0642
24935	LG16	20705280	0.4131
24936	LG01	2977826	0.0428
24941	LG11	20323618	0.2273
24954	LG13	922820	0.0428
24955	LG19	9644125	0.1495
24966	LG06	2752792	0.0675
24976	LG05	20961741	0.2488
24980	LG21	14333627	-0.0019
24985	LG02	23924006	0.8055
24986	LG22	10906649	0.1336
24990	LG05	20206853	0.0238
24993	LG08	17575533	0.0608
24994	LG21	12031059	0.2335
24999	LG07	21196618	0.0085
25009	LG20	3492816	0.983
25016	LG23	8661380	0.0406
25025	LG15	25017358	0.0048
25028	LG09	4635842	0.7688
25032	LG07	28063039	0.1553
25035	LG23	13028725	0.0709
25037	LG16	4413654	0.0114
25046	LG18	7796759	0.1026
25048	LG12	12140034	0.0424
25052	LG20	16846288	-0.0019
25059	LG07	12195992	0.1846
25060	LG19	6221949	0.0151
25063	LG13	18266311	0.026
25065	LG19	9758371	0.033
25087	LG15	19506489	0.0125
25090	LG01	19484176	0.0137
25095	LG01	28089675	0.0234
25102	LG16	8142105	0.0055
25103	LG17	9311094	0.0525
25114	LG01	9008309	0.0122
25129	LG17	588319	0.0151
25130	LG14	16964736	0.2496
25135	LG01	3189475	0.0298
25139	LG17	2245860	6e-04
25143	LG02	14101530	0.0507
25151	LG04	33904455	0.0557
25162	LG22	10693061	0.1091
25164	LG03	21493309	1e-04
25187	LG18	16918929	0.0989
25199	LG15	25487648	0.054
25204	LG01	23131382	0.0722
25208	LG19	8213158	0.0128
25225	LG11	8123880	0.7839
25240	LG14	12018326	0.0051
25241	LG12	13367902	0.7932
25244	LG23	7799122	0.058
25250	LG10	4629105	0.7988
25252	LG16	18107414	0.0586
25269	LG09	3155786	0.0411
25271	LG06	3646888	0.0243
25273	LG13	18720674	0.2214
25277	LG08	15781964	0.0149
25284	LG11	18813106	0.0503
25286	LG20	21677336	0.0235
25289	LG11	26514142	0.275
25293	LG09	10421422	0.6577
25296	LG18	17573131	0.0035
25297	LG17	4720139	0.0658
25322	LG21	9733879	0.0597
25323	LG13	24709216	0.3155
25334	LG04	19650453	0.5178
25365	LG23	1422603	0.0764
25366	LG17	5971781	0.0408
25368	LG06	15060175	0.0232
25372	LG04	19654495	0.0638
25378	LG13	12217627	0.0228
25444	LG10	22997820	0.5269
25446	LG03	2401735	0.0555
25450	LG03	24305530	0.0095
25478	LG14	2041548	0.0147
25479	LG07	7866364	0.0079
25511	LG18	12211572	0.0524
25516	LG03	3136901	0.0305
25526	LG23	11553944	0.062
25538	LG12	15479366	0.0475
25555	LG05	89763	0.1673
25561	LG14	4334416	0.3489
25567	LG07	14745633	0.0094
25588	LG23	15469782	0.0231
25593	LG12	7469856	0.0509
25620	LG10	17690500	0.0668
25622	LG12	20249556	0.0983
25624	LG19	12075773	0.1688
25630	LG06	4486576	0.0355
25641	LG05	10857600	0.0715
25649	LG14	17836411	0.0931
