Locus	chromosome	position	fst
7241	LG01	77324	0.1202
15791	LG01	141695	0.7873
12205	LG01	144969	0.0853
16040	LG01	214355	0.0105
5023	LG01	214443	0.0135
15232	LG01	1020445	-0.0015
13670	LG01	1022687	0.0327
3096	LG01	1380478	0.8257
23271	LG01	2020904	0.5849
5208	LG01	2044448	0.0174
13090	LG01	2507110	0.6277
14344	LG01	2557271	0.189
3917	LG01	2734304	0.0121
3464	LG01	2734393	0.0198
24936	LG01	2977826	0.0428
25135	LG01	3189475	0.0298
14379	LG01	3282792	0.0119
13486	LG01	3357702	0.024
16039	LG01	3360383	0.0289
9350	LG01	3570289	0.1568
1617	LG01	3728784	0.1466
21801	LG01	3842286	-0.001
15543	LG01	3923225	0.0141
18328	LG01	4337363	-0.0013
22648	LG01	4342933	0.1033
1773	LG01	4343021	0.3028
20195	LG01	4436797	0.5353
6409	LG01	4436885	0.0169
18309	LG01	4438940	0.012
24083	LG01	4439028	0.8152
13162	LG01	4650983	0.2107
11437	LG01	4662599	0.0515
16955	LG01	4680553	0.1577
5894	LG01	5179409	0.0638
14329	LG01	5404659	0.7605
13937	LG01	5901020	0.3763
14234	LG01	5909093	0.223
11400	LG01	5957030	0.0523
4739	LG01	6163089	0.169
24874	LG01	6163947	0.0227
16209	LG01	6164035	0.0419
24436	LG01	6191353	0.1309
15217	LG01	6363572	0.0475
19232	LG01	6367870	0.0181
20794	LG01	6675702	0.0077
22437	LG01	6834192	0.0577
17825	LG01	6887258	0.9695
15240	LG01	7286931	0.2362
20343	LG01	7310623	0.0264
15269	LG01	7489971	0.1418
8242	LG01	7621451	8e-04
10366	LG01	7718267	-0.0015
24178	LG01	7923832	0.0328
12771	LG01	7923920	0.0152
9801	LG01	8078099	0.0301
1190	LG01	8092422	0.7647
20559	LG01	8160450	0.1627
13142	LG01	8383158	0.4637
20	LG01	8417786	0.0206
4132	LG01	8475035	0.0329
23556	LG01	8703318	0.1917
4244	LG01	8751793	0.0211
8148	LG01	8752897	0.106
23057	LG01	8762573	0.9693
24643	LG01	8762661	0.9664
20437	LG01	8869410	0.1063
1094	LG01	8989975	0.3325
15675	LG01	8990063	0.0204
25114	LG01	9008309	0.0122
5482	LG01	9010262	0.0532
12917	LG01	9329019	0.1189
16982	LG01	9333078	0.023
7545	LG01	9399694	0.8814
1713	LG01	9493971	0.106
23449	LG01	9519370	0.9008
11115	LG01	9595976	0.0729
1393	LG01	9598261	0.5847
14661	LG01	9665708	0.018
8312	LG01	9665796	0.1226
4494	LG01	9685227	0.0845
1833	LG01	9761602	0.0446
17660	LG01	9866994	0.0237
9645	LG01	10419488	0.0126
9729	LG01	10497992	0.0207
13041	LG01	10868696	0.0458
2455	LG01	10925525	0.0463
8789	LG01	11152405	0.2159
11140	LG01	11291570	0.5225
5753	LG01	11309141	0.0075
9596	LG01	11383360	0.0295
17561	LG01	11481567	0.157
22978	LG01	11703390	0.7638
1602	LG01	11804307	0.0372
2780	LG01	11869646	0.0257
13506	LG01	12222620	0.0384
24673	LG01	12331744	0.7479
19031	LG01	12492400	0.038
21720	LG01	12649886	0.0213
1104	LG01	12761963	0.0184
669	LG01	12788651	0.7485
9825	LG01	12866887	0.6225
9456	LG01	12895039	0.918
17342	LG01	13165795	0.5988
13276	LG01	13203369	0.2331
7855	LG01	13272763	0.3392
1176	LG01	13275503	0.515
23055	LG01	13348517	0.4333
15037	LG01	13433828	0.1076
17074	LG01	13460605	0.0553
2362	LG01	13543511	0.1312
19716	LG01	13543599	0.0837
15548	LG01	13549939	0.0632
7573	LG01	13566886	0.2047
253	LG01	13663746	0.0113
11711	LG01	14052789	0.2597
17183	LG01	14174929	0.1653
24779	LG01	14182553	0.0276
16291	LG01	14215233	0.1859
14720	LG01	14360204	0.9747
20245	LG01	14915282	0.2915
8568	LG01	14990824	0.0514
10524	LG01	15222575	0.0299
12001	LG01	15477998	0.0324
5584	LG01	15478086	0.0436
14461	LG01	15523673	0.1047
16036	LG01	15698538	0.0068
5925	LG01	15884506	0.0113
12756	LG01	15941922	0.053
20222	LG01	15949701	0.7533
16522	LG01	16029166	0.0098
6077	LG01	16099585	0.0728
15053	LG01	16100804	0.0502
765	LG01	16350985	0.5909
21518	LG01	16668458	0.0982
9305	LG01	16799615	0.3064
2990	LG01	17231504	0.9147
24372	LG01	17254201	0.0063
6225	LG01	17343059	0.1392
16441	LG01	17478244	0.1108
11370	LG01	17483374	0.051
3473	LG01	17544233	0.0465
7823	LG01	17686137	0.0261
23879	LG01	17874079	0.0451
23836	LG01	17891826	0.0026
3794	LG01	17891914	0.0423
13135	LG01	17894333	0.0205
4365	LG01	18164746	0.9709
22376	LG01	18270121	0.173
6218	LG01	18938963	0.035
20154	LG01	19065023	0.9014
1275	LG01	19119404	0.0103
12082	LG01	19122718	0.0514
6687	LG01	19131955	0.1433
25090	LG01	19484176	0.0137
4103	LG01	19759592	0.0215
20926	LG01	19851693	0.3477
9000	LG01	20164805	0.0374
15443	LG01	20190362	0.0941
17329	LG01	20190450	0.017
1730	LG01	20219379	0.02
15393	LG01	20244563	0.2444
16989	LG01	20244651	0.0377
7326	LG01	20934271	0.0716
18566	LG01	21078734	0.8014
21583	LG01	21139714	0.0161
24866	LG01	21344701	0.102
19900	LG01	21474610	0.0145
10039	LG01	21639498	0.0139
2874	LG01	21713494	0.719
7286	LG01	21876491	0.1088
10399	LG01	22235777	0.0365
12877	LG01	22265414	0.2688
16033	LG01	22274751	0.2137
1037	LG01	22314645	0.0137
9965	LG01	22419167	0.0644
18308	LG01	22419255	0.0115
23529	LG01	22426003	0.0856
829	LG01	22477868	0.0553
7275	LG01	22595118	0.0604
24934	LG01	22930946	0.0642
11054	LG01	22931034	0.0975
2866	LG01	23087036	0.1051
6801	LG01	23099470	0.0012
25204	LG01	23131382	0.0722
5569	LG01	23205145	0.0237
13275	LG01	23209262	0.0799
9926	LG01	23296870	0.0231
9894	LG01	23601228	0.0482
4003	LG01	24038892	0.0036
17121	LG01	24067024	0.0046
11504	LG01	24263046	0.5123
3776	LG01	24455925	0.8514
19526	LG01	24606463	0.0689
4909	LG01	24794728	0.0023
11479	LG01	24916735	0.8223
9421	LG01	24972595	0.2054
67	LG01	25118415	0.0362
19996	LG01	25476068	0.0025
9870	LG01	25537657	0.0953
19340	LG01	25547121	0.0702
7341	LG01	25623962	0.026
16833	LG01	25695043	0.0303
13766	LG01	26270788	0.0424
126	LG01	26277273	2e-04
2672	LG01	26278837	-2e-04
23915	LG01	26446274	0.0579
14634	LG01	26802776	0.0288
6410	LG01	26825592	0.2209
15925	LG01	26825871	0.0118
2973	LG01	27732633	0.0809
3630	LG01	28032467	0.2486
25095	LG01	28089675	0.0234
9673	LG02	549312	0.0742
5748	LG02	558992	0.052
16332	LG02	563449	0.0077
18249	LG02	565546	0.0061
12161	LG02	704956	0.6231
22330	LG02	1459777	0.0421
2227	LG02	1753025	0.6526
12720	LG02	1753113	0.6503
16396	LG02	1855213	0.0173
23643	LG02	2178449	0.0069
5819	LG02	2217111	0.0099
24808	LG02	2862479	0.0271
8450	LG02	2934383	7e-04
14890	LG02	3068799	0.1103
19616	LG02	3134816	0.2198
5650	LG02	3684400	0.2259
20570	LG02	3848141	0.0797
11304	LG02	4112741	0.2389
1206	LG02	4112829	0.0422
14293	LG02	4229502	-0.0018
20501	LG02	4299068	0.0367
5692	LG02	4299155	0.0261
17606	LG02	4524449	-0.0011
23345	LG02	4533055	0.0078
10191	LG02	5034803	0.0353
13038	LG02	5142106	0.435
18002	LG02	5475402	0.017
16683	LG02	5502143	0.5137
15713	LG02	5557301	0.0763
13249	LG02	5557389	0.0265
15714	LG02	5577796	0.0085
20284	LG02	5625109	-0.0024
21377	LG02	5810716	0.1207
20373	LG02	5899155	0.0493
8277	LG02	5947585	0.8953
9741	LG02	5980256	0.0538
803	LG02	6015120	0.0204
19750	LG02	6566985	0.2174
9632	LG02	6571036	0.0098
19094	LG02	6619151	0.7214
6195	LG02	6622660	0.0976
11378	LG02	7657629	0.0234
20552	LG02	7704733	0.2745
1082	LG02	7995350	0.0196
6709	LG02	8318815	0.7145
6275	LG02	8423715	0.0187
15007	LG02	8436896	0.0085
10012	LG02	8567215	0.1136
14655	LG02	8606584	0.0455
7132	LG02	8637797	0.1543
368	LG02	8817267	0.0352
21296	LG02	8900071	0.7547
7390	LG02	8993371	0.735
24148	LG02	9902304	0.0489
12065	LG02	9912651	0.3393
15557	LG02	9912739	0.3967
3016	LG02	10295723	0.0188
17073	LG02	10365156	0.0853
23838	LG02	11039942	0.0055
19045	LG02	11101487	0.2501
10878	LG02	11133801	0.0192
2332	LG02	11144818	0.0096
10113	LG02	11368661	0.0268
20452	LG02	11371678	0.0237
19126	LG02	11403166	0.1381
6887	LG02	11466154	0.0081
8305	LG02	11675992	0.0426
8547	LG02	11866579	0.0262
15735	LG02	11907621	0.3752
3623	LG02	12024231	0.1068
17332	LG02	12300457	0.0246
3116	LG02	12426111	0.0838
17016	LG02	12664574	0.9788
15872	LG02	13098019	0.2001
1858	LG02	13158554	0.0176
2196	LG02	13700077	0.8447
22699	LG02	13825179	0.0436
25143	LG02	14101530	0.0507
7332	LG02	14302912	0.0108
3172	LG02	14430240	-0.0019
6683	LG02	14489616	0.0116
4836	LG02	14934973	0.5424
6156	LG02	15037451	0.0067
18049	LG02	15045848	0.0602
12194	LG02	15563819	0.0389
2110	LG02	15714736	0.0962
5196	LG02	16247316	0.4143
18780	LG02	16247404	0.3369
695	LG02	16820235	0.0247
15109	LG02	16919317	0.007
766	LG02	17006437	0.0317
246	LG02	17086725	0.0041
14249	LG02	17331983	0.0114
22014	LG02	17465390	0.0174
9604	LG02	17526987	0.0051
11273	LG02	17972205	0.6575
12434	LG02	18018124	0.0758
17978	LG02	18279914	0.0223
8045	LG02	18447659	0.5389
21277	LG02	18598638	0.3337
3721	LG02	18900520	0.0548
23624	LG02	19001001	0.0219
1906	LG02	19009588	-0.002
22340	LG02	19082581	0.012
23112	LG02	19178339	0.4072
20572	LG02	19225999	0.0236
17985	LG02	19239438	0.1976
22508	LG02	19309451	0.0317
8778	LG02	19375815	0.6116
17391	LG02	19424468	0.5984
111	LG02	19524547	0.0517
22131	LG02	19717408	0.1885
16872	LG02	20006957	0.0995
19598	LG02	20048778	-0.0012
18524	LG02	20466907	0.033
14635	LG02	20550530	0.1165
2733	LG02	20586675	2e-04
13478	LG02	21036308	0.0134
16277	LG02	21057505	0.2665
10577	LG02	21140684	0.0103
17040	LG02	21265012	0.0222
14448	LG02	21558567	0.1409
24101	LG02	21722681	0.1082
10806	LG02	21825178	0.3768
10304	LG02	21825266	0.0588
5851	LG02	21921687	0.3039
10227	LG02	21921775	0.0306
21078	LG02	22029483	0.1386
10374	LG02	22089412	0.4752
18887	LG02	22522394	0.2036
11413	LG02	22543785	0.0274
8704	LG02	22597571	0.1842
23617	LG02	22626275	0.0077
11214	LG02	22650212	0.0106
12145	LG02	22837555	0.024
23416	LG02	23079533	0.1547
22707	LG02	23145300	0.049
1855	LG02	23270633	0.0331
166	LG02	23270721	0.0323
3828	LG02	23363691	0.0088
24985	LG02	23924006	0.8055
1345	LG02	23955104	0.2041
4832	LG03	525362	0.0405
12892	LG03	714072	0.196
24288	LG03	788105	0.0234
11905	LG03	970105	0.2024
1420	LG03	1176528	0.0205
3879	LG03	1306194	0.0169
7509	LG03	1901276	0.0338
22270	LG03	2331790	0.0313
25446	LG03	2401735	0.0555
5924	LG03	2481805	0.0122
6147	LG03	2759270	0.1476
23508	LG03	2759358	0.0147
11166	LG03	2817506	0.8004
6971	LG03	2817594	0.3717
25516	LG03	3136901	0.0305
5079	LG03	3440963	-0.0018
18822	LG03	4110675	0.0655
8316	LG03	4477954	0.1533
7117	LG03	5072653	0.2147
17580	LG03	5317343	0.0251
12641	LG03	5337885	-0.002
13796	LG03	5379523	0.0462
19441	LG03	5484346	0.052
13850	LG03	5549748	0.013
16127	LG03	5549836	0.0373
12579	LG03	5782208	0.0796
10063	LG03	6310553	0.4215
16089	LG03	6574564	0.0551
5688	LG03	6697589	0.2279
20898	LG03	6721773	0.0271
21028	LG03	6721861	0.1003
23215	LG03	6928935	0.0593
10350	LG03	7068423	0.0346
1287	LG03	7081654	0.0062
7327	LG03	7200162	0.1381
19081	LG03	7238162	0.2527
15965	LG03	7238280	0.0305
21613	LG03	7275254	0.3819
16360	LG03	7374030	0.2552
5442	LG03	7519450	0.0588
7055	LG03	7555515	0.0636
6657	LG03	7628668	-5e-04
15903	LG03	7655613	0.0057
15150	LG03	7669281	0.0053
15290	LG03	7794247	0.0098
14032	LG03	7893897	0.3466
4002	LG03	8053673	0.0064
16706	LG03	8053761	0.0067
8205	LG03	8108048	0.1802
23863	LG03	8123980	0.4056
6431	LG03	8422729	0.7208
7975	LG03	8603130	0.5115
2647	LG03	8603218	0.5118
2371	LG03	8761931	0.0583
24348	LG03	9050793	0.0128
1085	LG03	9056737	0.0518
4453	LG03	9773441	0.3889
9983	LG03	9887414	0.0281
22679	LG03	10176528	0.0983
24370	LG03	10352186	0.0737
14432	LG03	10654173	0.0297
19425	LG03	10767687	0.5589
10860	LG03	10767775	0.0485
7485	LG03	10832030	0.4833
4905	LG03	11011877	0.962
3799	LG03	11143943	0.0324
17132	LG03	11263632	0.0874
10685	LG03	11289964	0.0595
22539	LG03	11485414	0.022
8375	LG03	11594755	0.1318
15386	LG03	11769363	0.0736
23336	LG03	11807877	0.0071
3991	LG03	11820911	0.2694
4392	LG03	11832920	0.0485
11290	LG03	12068762	0.0759
4815	LG03	12288968	0.0288
5902	LG03	12836004	0.0219
3312	LG03	13069918	0.0186
14070	LG03	13845404	0.365
7715	LG03	14049056	0.0739
11001	LG03	14489701	0.097
5461	LG03	14545616	0.1213
6883	LG03	14829943	0.0494
17134	LG03	14854029	0.0659
169	LG03	15330761	0.0143
18438	LG03	15357577	0.0857
22800	LG03	15388181	0.9644
12190	LG03	15406459	0.4102
14754	LG03	15653987	0.0251
20715	LG03	16306928	0.0812
1845	LG03	16345097	-0.001
12779	LG03	16893706	0.0676
13769	LG03	16947873	0.0124
3004	LG03	16947961	0.1111
4779	LG03	16989964	0.1477
11783	LG03	17011557	0.0145
3577	LG03	17399324	0.0187
13463	LG03	17403120	0.0327
13583	LG03	17439369	0.1818
23544	LG03	17774929	-5e-04
6728	LG03	17912149	0.0069
21046	LG03	18033092	0.5404
5524	LG03	18033180	0.5181
23732	LG03	18399324	0.0749
206	LG03	19138705	0.2576
9043	LG03	19476998	0.0493
10413	LG03	19637006	0.067
19255	LG03	19837223	0.014
13291	LG03	19837311	0.2004
24082	LG03	20155853	0.0108
3761	LG03	20306369	0.0098
15069	LG03	20311656	0.1182
1451	LG03	20425799	5e-04
1995	LG03	20433399	0.1543
1957	LG03	20523113	0.0749
2995	LG03	20582299	0.0731
8572	LG03	20677019	0.3327
101	LG03	20685759	0.3587
7164	LG03	20693275	0.0307
19592	LG03	20800363	0.3454
13063	LG03	21034670	0.0209
25164	LG03	21493309	1e-04
12729	LG03	21639916	0.0088
22983	LG03	21749404	0.0578
12881	LG03	22108213	0.0719
6768	LG03	22113564	0.4559
20130	LG03	22446759	0.0223
9864	LG03	22541811	0.1603
10665	LG03	22711876	0.0628
21821	LG03	22712251	0.0507
9853	LG03	22734972	0.5835
14972	LG03	23204521	0.1119
6429	LG03	23213450	0.8746
18535	LG03	23373618	0.0602
23001	LG03	23423007	0.0136
15442	LG03	23446575	0.0808
6993	LG03	23801182	0.0068
3885	LG03	23804757	0.0044
12623	LG03	23860880	0.0472
15604	LG03	23897780	0.0087
24194	LG03	23926965	0.0608
4025	LG03	24223878	0.0166
25450	LG03	24305530	0.0095
1193	LG03	24543439	0.0115
9704	LG03	24677592	0.1493
23000	LG03	24732451	0.0649
17454	LG03	24732539	-0.0019
19329	LG03	24955295	0.3093
19881	LG03	24958507	0.0337
22895	LG03	24988455	0.4978
2977	LG03	25242772	0.0848
20490	LG03	25668424	0.0374
11162	LG03	25703336	0.1407
189	LG03	25718099	0.0105
12087	LG03	25954272	0.1001
23029	LG03	26493285	0.7127
16621	LG03	26542928	0.0441
481	LG03	26628801	0.0182
5804	LG03	27076011	0.3238
24772	LG03	27111842	0.0402
18415	LG03	27141255	0.0075
16179	LG03	27266677	0.0257
12649	LG03	27466090	0.0303
4747	LG03	27467753	0.9203
440	LG03	27467841	0.5358
4863	LG03	27837891	0.0531
18994	LG03	27850690	0.4048
14459	LG03	28067721	0.5312
20148	LG03	28122202	0.0209
19975	LG03	29149035	0.6514
1052	LG03	29149123	0.0296
15927	LG03	29283876	0.3072
2621	LG04	378962	0.1437
1091	LG04	987643	0.0499
9681	LG04	1199563	0.2371
7074	LG04	1318831	0.0184
221	LG04	1318919	0.0143
23824	LG04	1450506	0.0167
9776	LG04	1846805	0.0303
7081	LG04	2557433	0.0126
9840	LG04	3791168	0.5785
4557	LG04	3826017	0.0139
11762	LG04	4067370	0.0727
9850	LG04	4223942	0.0822
7399	LG04	4348381	0.1399
6640	LG04	4559510	0.0428
14364	LG04	5000575	0.0148
86	LG04	5514604	0.0133
6567	LG04	5614539	0.0048
5754	LG04	5682240	0.005
16053	LG04	6544967	0.0917
23595	LG04	6557609	0.052
11627	LG04	6571022	0.0201
4582	LG04	6571110	0.0059
6384	LG04	6617904	0.0282
6609	LG04	6791037	0.2919
24921	LG04	8453954	0.0111
3280	LG04	8454042	0.1265
21624	LG04	8536219	0.0666
21488	LG04	8724903	0.0302
16046	LG04	8899634	0.4642
10706	LG04	9581815	0.326
5824	LG04	9835263	0.608
17533	LG04	9999171	0.1023
16173	LG04	10254916	0.0684
23371	LG04	10599321	0.1188
21339	LG04	10785561	0.0169
7965	LG04	10785649	1
22863	LG04	11033438	0.1777
6995	LG04	11127341	0.012
6724	LG04	12927236	0.003
3932	LG04	13557402	0.1149
220	LG04	13609089	0.8639
13443	LG04	13609177	0.0126
22728	LG04	13820872	0.0958
1638	LG04	14007496	0.0817
1138	LG04	14058546	0.0469
16474	LG04	14767734	0.1737
9992	LG04	14860399	0.0514
9714	LG04	15238228	0.9404
12768	LG04	15333523	0.0372
12570	LG04	15462653	0.3779
19718	LG04	15786063	0.8489
22434	LG04	15803099	0.0787
20057	LG04	15803187	0.284
21419	LG04	15849042	0.9382
12952	LG04	15935786	0.0077
20735	LG04	16801618	0.0164
1122	LG04	16838600	0.5672
20255	LG04	17092539	0.0963
8724	LG04	17119035	0.0378
15910	LG04	17189095	0.1099
22705	LG04	17429463	0.0947
23845	LG04	17671956	0.0666
19756	LG04	17689844	0.0243
16800	LG04	17712984	0.2683
17357	LG04	18182664	0.1558
2176	LG04	18406174	0.064
6519	LG04	18598746	0.0854
12515	LG04	18612120	0.1073
16620	LG04	18616085	0.8111
8018	LG04	18659305	0.1168
5520	LG04	18708578	0.0278
12331	LG04	18954802	0.2664
15828	LG04	18954890	0.6431
24080	LG04	19300842	0.033
11725	LG04	19611569	0.3877
25334	LG04	19650453	0.5178
25372	LG04	19654495	0.0638
18648	LG04	19725566	0.0218
23191	LG04	19725654	0.062
10136	LG04	19736434	0.4403
10857	LG04	19775761	0.0951
18508	LG04	20070601	0.2582
9898	LG04	20122738	0.0263
4371	LG04	20122826	0.1487
22261	LG04	20221981	0.1692
164	LG04	20273388	0.2175
7142	LG04	20628733	0.3735
23847	LG04	20747991	0.0614
23884	LG04	20800759	0.2225
17312	LG04	21518848	0.1746
23079	LG04	21683194	0.063
7962	LG04	22010636	0.0086
10585	LG04	22250919	0.1008
23795	LG04	22412121	0.0565
20413	LG04	22474367	0.0608
4373	LG04	22943548	0.5246
1859	LG04	22949532	0.0413
6522	LG04	23060319	0.1346
22034	LG04	23376531	0.0229
4230	LG04	23389886	0.2396
3578	LG04	23391980	0.0348
11736	LG04	23393908	0.8755
8499	LG04	23394825	0.8374
3694	LG04	23536033	0.0707
4133	LG04	24866885	0.8224
2154	LG04	24968352	0.0781
8590	LG04	25049798	0.6011
12352	LG04	25253747	0.052
13845	LG04	25562752	0.6145
4777	LG04	25625757	0.0906
23422	LG04	25712342	0.0429
20158	LG04	25712430	0.014
18577	LG04	25721181	0.0106
20354	LG04	25968078	0.0201
2346	LG04	26005081	0.041
6259	LG04	26274693	0.1033
7139	LG04	26379247	0.0487
18193	LG04	26465366	0.1832
7598	LG04	26623344	0.0371
23999	LG04	26670688	0.0291
11896	LG04	26693499	0.0329
2742	LG04	26781953	0.4802
4489	LG04	27352498	0.053
17909	LG04	27400513	0.0129
5171	LG04	27557653	0.3045
14696	LG04	27711493	0.0348
7643	LG04	27733899	0.3906
8552	LG04	28035744	0.3488
20561	LG04	28036248	0.0253
9878	LG04	28655265	0.3106
15456	LG04	28674444	0.171
5746	LG04	28800174	0.0335
4126	LG04	28825553	0.0184
24642	LG04	29224003	0.0256
16190	LG04	29395045	0.2415
23964	LG04	29517813	0.0351
4998	LG04	29833176	0.0279
23705	LG04	30578350	0.03
4898	LG04	30578438	0.0192
9316	LG04	30729475	0.0351
10495	LG04	30851725	0.0139
10022	LG04	30922281	0.8768
3553	LG04	30956415	0.0563
14472	LG04	30956502	0.0135
1392	LG04	31306420	0.158
1162	LG04	31408269	0.037
6393	LG04	31961476	0.0804
19740	LG04	32561118	0.0336
9308	LG04	32661853	0.2206
13211	LG04	32864667	0.0524
8095	LG04	33023845	0.0036
7637	LG04	33296125	0.0272
825	LG04	33313977	-0.0022
4013	LG04	33514896	0.3148
4212	LG04	33598863	0.057
25151	LG04	33904455	0.0557
23528	LG04	34498084	0.089
3875	LG04	34503689	0.9566
11244	LG04	34560907	0.0093
22930	LG04	34615017	0.5287
13345	LG05	63205	0.0592
25555	LG05	89763	0.1673
10024	LG05	2172020	0.2106
21732	LG05	2375291	0.0327
589	LG05	2535105	0.0812
10429	LG05	2555026	0.0994
18975	LG05	2579067	0.0954
5071	LG05	2633866	0.0133
11818	LG05	2648540	0.0055
14659	LG05	2828095	0.0055
10567	LG05	2974965	0.0259
16947	LG05	3136987	0.0199
8703	LG05	3371670	0.0495
11509	LG05	3589620	0.9769
5624	LG05	3688022	0.0445
4484	LG05	3970822	0.0099
16264	LG05	3973528	0.0163
21572	LG05	4258516	0.1393
16456	LG05	4768937	0.875
14426	LG05	4935071	0.0752
6554	LG05	4972861	2e-04
13100	LG05	5100690	0.2863
5481	LG05	5118361	0.0986
15588	LG05	5118449	0.174
10488	LG05	5151374	0.0219
23427	LG05	5411902	0.0531
12116	LG05	5496922	0.085
8079	LG05	5792527	0.0322
13902	LG05	5860607	0.12
14064	LG05	5914975	0.0163
3381	LG05	6350461	0.0228
20425	LG05	6497308	0.5028
14657	LG05	6497396	0.0395
2370	LG05	6913864	0.2982
11059	LG05	6974071	0.0837
23421	LG05	7123980	0.0317
8098	LG05	7346643	0.089
16370	LG05	7643714	0.1486
592	LG05	7679170	0.0364
11052	LG05	8177311	-0.0018
12823	LG05	9109345	0.0137
23990	LG05	9266375	0.1487
17919	LG05	9434848	0.067
17944	LG05	9577848	-0.0011
18906	LG05	9579838	0.0759
24751	LG05	9794993	0.8849
6807	LG05	9917870	0.01
22431	LG05	10067172	0.1435
4761	LG05	10222929	0.0435
8048	LG05	10285673	0.8039
20232	LG05	10533578	0.3023
109	LG05	10536052	0.2655
13066	LG05	10679060	0.0497
1968	LG05	10680722	0.0442
15086	LG05	10725484	0.0417
25641	LG05	10857600	0.0715
2810	LG05	10974598	0.0734
17328	LG05	11002377	0.069
18979	LG05	11124903	0.4628
18355	LG05	11138778	0.1346
17737	LG05	11138867	0.1135
2046	LG05	11189734	0.2655
6292	LG05	11214699	0.0794
10648	LG05	11265067	-0.0021
4644	LG05	11293151	0.1215
4878	LG05	11387138	0.1202
8027	LG05	11481749	0.0649
15382	LG05	11546705	0.0312
18686	LG05	11546793	0.0021
24504	LG05	11587563	-0.0018
22739	LG05	11633495	0.1193
12670	LG05	11651084	0.5537
10882	LG05	11668653	0.0305
14853	LG05	11755055	0.0073
18925	LG05	11763208	0.1872
17683	LG05	12036263	0.0164
7707	LG05	12082823	0.9978
9280	LG05	12095423	0.0367
20042	LG05	12599556	0.0059
24009	LG05	12735878	0.0907
13081	LG05	12942571	0.546
11687	LG05	13038479	0.1633
10965	LG05	13105253	0.0443
21649	LG05	13154753	0.1181
4818	LG05	13382747	0.4429
15300	LG05	13640918	0.0396
3952	LG05	13877687	0.0473
7494	LG05	13987237	0.0572
20381	LG05	14027035	0.0368
19118	LG05	14061436	0.0236
19867	LG05	14061524	0.0546
23500	LG05	14113948	0.0161
17629	LG05	14114194	0.0683
19165	LG05	14114282	0.0223
24409	LG05	14290735	0.0403
20144	LG05	14401240	0.0796
13979	LG05	14406847	0.1276
13846	LG05	14410779	0.1053
12291	LG05	14410867	0.0351
4162	LG05	14791890	0.2284
13010	LG05	15083235	0.0625
21290	LG05	16180064	0.7101
14762	LG05	16361882	0.0862
11483	LG05	16568600	0.2081
16697	LG05	16589226	0.0186
10838	LG05	17222349	0.0578
12337	LG05	17283576	0.0695
20929	LG05	17283664	0.2682
3585	LG05	17298691	0.2331
11738	LG05	17317386	0.1972
20573	LG05	17773491	0.0444
17363	LG05	17877788	0.0028
16695	LG05	17929251	0.1175
10153	LG05	17965979	0.0688
9461	LG05	18045280	0.4488
23233	LG05	18045368	0.7262
982	LG05	18446161	0.0023
3728	LG05	18541764	0.1171
17779	LG05	18648134	0.0798
5427	LG05	18739983	0.0701
6944	LG05	18764110	0.4633
22737	LG05	18809175	0.1072
3057	LG05	18929714	0.2027
15494	LG05	18979819	0.0561
24920	LG05	19158882	0.0346
10276	LG05	19239849	0.0675
5738	LG05	19319935	0.018
2934	LG05	19374392	-0.0019
23313	LG05	19510123	0.0807
4255	LG05	19773629	0.0426
19856	LG05	19867310	0.1394
13631	LG05	19888628	0.0544
5775	LG05	19917386	0.079
534	LG05	20110056	0.005
10849	LG05	20154474	0.0265
13168	LG05	20205229	0.0219
24990	LG05	20206853	0.0238
11191	LG05	20436363	0.222
5600	LG05	20613309	0.0626
1962	LG05	20623937	1e-04
297	LG05	20858577	0.0862
7922	LG05	20956146	0.0202
24976	LG05	20961741	0.2488
18694	LG05	21068872	0.0338
8058	LG05	21116866	0.0385
20449	LG05	21122347	0.0321
8231	LG05	21184752	-4e-04
14897	LG05	21210136	0.0439
9174	LG05	21240325	0.1374
15212	LG05	21327788	0.0259
17718	LG05	21496059	0.0121
11254	LG05	21626691	0.0097
18637	LG05	21652083	0.0212
2075	LG05	21654489	0.0802
5469	LG05	21906804	0.005
15139	LG05	21923875	0.2217
11717	LG05	22040377	0.1386
19522	LG05	22307581	0.0161
14824	LG05	22503857	0.0244
24371	LG05	22689648	0.0248
19408	LG05	22952177	0.0568
13258	LG05	23305723	0.2773
15279	LG05	23371420	0.0175
17738	LG05	23403828	0.0584
3226	LG05	23467528	0.2216
8820	LG05	23467616	0.8538
13192	LG05	23756830	0.1026
4613	LG05	23973460	0.0211
20744	LG05	23975122	0.1044
9216	LG06	92177	0.7093
20128	LG06	176690	0.8792
17934	LG06	177317	0.0498
17816	LG06	237035	0.0221
14626	LG06	237123	0.5153
4213	LG06	237908	0.0594
4727	LG06	489796	0.0142
12701	LG06	653437	0.1243
9299	LG06	683028	0.0834
12123	LG06	1575634	0.026
7915	LG06	1682281	0.1919
17347	LG06	1844542	0.0599
22877	LG06	2385195	0.246
13991	LG06	2695268	0.0736
14298	LG06	2745165	0.1085
24966	LG06	2752792	0.0675
5367	LG06	2752880	0.0802
24876	LG06	3270632	0.0411
13627	LG06	3338770	0.0225
10823	LG06	3377386	0.0281
20756	LG06	3568242	0.1723
13286	LG06	3570877	0.0991
19689	LG06	3616089	0.2239
10386	LG06	3618928	0.1653
25271	LG06	3646888	0.0243
14572	LG06	3819643	0.0136
4065	LG06	4009836	0.0291
10299	LG06	4083575	0.0402
14955	LG06	4090145	0.024
23148	LG06	4104193	0.0817
12963	LG06	4294118	0.0141
25630	LG06	4486576	0.0355
19551	LG06	5223455	0.3765
23232	LG06	5400756	0.0199
9967	LG06	5507919	0.1241
7907	LG06	5549141	0.0046
9502	LG06	5572616	0.3046
6260	LG06	5630445	0.1139
12746	LG06	5825278	0.6961
15140	LG06	5825366	0.1096
3734	LG06	5926292	0.045
13308	LG06	6089527	0.008
7713	LG06	6229137	0.0314
13575	LG06	6229225	0.1228
7870	LG06	6309938	0.6395
927	LG06	6420980	0.0031
11563	LG06	6489767	0.0714
13917	LG06	6569806	0.569
21453	LG06	6580009	0.1977
23753	LG06	6601593	0.0262
15573	LG06	6638277	0.8589
20091	LG06	6642602	0.006
18841	LG06	6656691	0.1855
12477	LG06	6779590	0.0872
11663	LG06	6786952	0.0934
1017	LG06	6804646	0.0127
10177	LG06	6889844	0.0156
5610	LG06	6965868	0.0293
9369	LG06	7049845	0.0091
14140	LG06	7517417	0.1031
7144	LG06	7518086	0.0258
18743	LG06	7692783	0.3789
20101	LG06	7734851	0.2662
5576	LG06	7858844	0.0306
3940	LG06	7867156	0.7247
2522	LG06	8028686	0.3487
21614	LG06	8028774	0.363
954	LG06	8064417	0.2392
21699	LG06	8243548	0.0519
926	LG06	8571939	0.0435
6833	LG06	8602962	0.1665
6342	LG06	8779893	0.0779
13537	LG06	8949504	0.0177
11008	LG06	9463080	0.1327
5770	LG06	9501622	0.0118
14176	LG06	9604337	0.0275
22921	LG06	9693517	0.5421
19990	LG06	10021608	0.6641
248	LG06	10068536	0.0157
21611	LG06	10068624	0.0234
24028	LG06	10474106	0.0231
13341	LG06	10553940	0.7544
15701	LG06	10563813	0.0256
18120	LG06	10569904	0.0112
13148	LG06	10767220	0.1504
381	LG06	10890799	0.5298
10178	LG06	11324595	0.0053
11092	LG06	11334310	0.1623
5719	LG06	11439647	0.0301
8016	LG06	11515636	0.045
9135	LG06	12182054	0.0366
4452	LG06	12297808	0.0912
8758	LG06	12398312	0.075
813	LG06	12873880	0.1046
8872	LG06	12940079	0.0242
6112	LG06	12940167	0.0156
5077	LG06	12954935	0.3979
3692	LG06	13048766	0.0773
22020	LG06	13229716	0.3764
15298	LG06	13372966	0.0074
8327	LG06	13589351	0.7149
14593	LG06	13656731	0.015
24665	LG06	14270724	0.3741
3887	LG06	14278663	0.4809
6810	LG06	14645377	0.0325
6157	LG06	14713694	0.3076
7726	LG06	14765352	0.0755
25368	LG06	15060175	0.0232
20867	LG06	15224176	0.0076
2331	LG06	15803151	0.0286
9684	LG06	16217777	0.8178
12544	LG06	16294851	0.138
6652	LG06	16314186	0.0293
9582	LG06	16749471	0.0481
16968	LG06	17047164	0.5691
21921	LG06	17047252	0.0541
15615	LG06	17092433	0.8336
23650	LG06	17098228	0.9434
22783	LG06	17151219	0.2462
3973	LG06	17505582	0.4151
24868	LG06	17520164	0.0237
13547	LG06	17746245	0.3289
14906	LG06	18358526	0.5032
12288	LG06	18486795	0.0472
733	LG06	18660007	0.0183
4398	LG06	18998161	0.1818
23788	LG06	19578433	0.3385
5232	LG06	19843692	0.1018
1054	LG06	19898749	0.7131
5336	LG06	20059538	0.9451
11395	LG06	20300416	0.5092
4191	LG06	20741073	0.4687
20705	LG06	21055115	0.0753
23765	LG06	21333521	0.0165
15407	LG06	21582654	0.1918
4887	LG06	22208449	0.008
19466	LG06	22609209	0.0707
5465	LG06	22757568	0.0615
7391	LG06	22765329	0.0687
8465	LG06	22765417	0.0144
14522	LG06	22869084	0.0313
16504	LG06	23022030	0.8107
18159	LG06	23485475	0.0848
12220	LG06	23763699	0.1181
14932	LG06	24003056	0.0657
4572	LG06	24057453	0.0305
17898	LG06	24099530	0.6982
23587	LG06	24168683	0.1658
20402	LG06	24374929	0.0628
10435	LG06	24850560	0.033
17066	LG06	24966019	0.2681
3396	LG06	25314954	0.6647
13556	LG07	545999	0.708
23748	LG07	546087	0.069
4472	LG07	806594	0.1209
3957	LG07	823426	0.0139
23248	LG07	1151010	0.0624
16573	LG07	1633397	0.0174
23457	LG07	2323253	0.0133
5946	LG07	2718878	0.0444
9664	LG07	2897347	0.0272
5322	LG07	4796419	0.034
13732	LG07	4878672	0.084
20810	LG07	5032460	0.2376
15536	LG07	5891920	0.1003
8890	LG07	6489881	0.0237
16410	LG07	6570170	0.0943
6894	LG07	6888721	0.0297
23190	LG07	6942938	0.0437
13652	LG07	7326289	0.0876
7763	LG07	7478136	0.0215
25479	LG07	7866364	0.0079
8334	LG07	8045347	0.2047
63	LG07	8250504	0.0185
10210	LG07	8879525	0.044
8898	LG07	9012236	0.3013
11216	LG07	9149874	0.0109
17318	LG07	9159743	0.0357
17835	LG07	9383414	0.9654
11760	LG07	9519203	0.0714
14667	LG07	9537995	0.1903
3284	LG07	9539930	0.2012
23562	LG07	9752923	0.2844
8191	LG07	10079179	0.0111
3095	LG07	10800502	0.0455
11576	LG07	10877109	0.1533
12578	LG07	10968252	0.0832
8100	LG07	11428517	0.0337
14999	LG07	11429270	0.0084
7875	LG07	11452690	0.4435
23986	LG07	11698160	-0.0014
15934	LG07	11782849	0.7329
10215	LG07	11803415	0.3139
4137	LG07	11811714	0.0829
11997	LG07	11912940	0.0472
13198	LG07	11977671	0.1735
16062	LG07	12076536	0.0305
25059	LG07	12195992	0.1846
23563	LG07	12349213	0.3629
2520	LG07	12362085	0.1047
14810	LG07	12619906	0.8742
5031	LG07	12728851	0.233
17322	LG07	13226104	0.1204
2735	LG07	13236326	0.9257
3195	LG07	13297888	0.8361
22035	LG07	13370025	0.0178
14640	LG07	13545769	0.0614
1737	LG07	14640691	0.0727
25567	LG07	14745633	0.0094
10999	LG07	14769705	0.3687
14546	LG07	14831843	0.5246
22166	LG07	14854682	0.748
11149	LG07	14869558	0.0296
10285	LG07	14894969	-6e-04
16881	LG07	15142172	0.0236
24274	LG07	15237616	0.3018
4637	LG07	15411923	0.0058
24467	LG07	15454584	0.8003
21874	LG07	15564103	0.8132
4660	LG07	15879034	0.3775
16218	LG07	16069098	0.0296
17141	LG07	16146679	0.0199
7479	LG07	16236256	0.6584
925	LG07	16246230	0.5332
7171	LG07	16286288	0.0896
6697	LG07	16303464	0.1242
3324	LG07	16407381	0.0138
18517	LG07	16558501	0.2188
17036	LG07	16603045	0.1061
3111	LG07	16957862	0.0597
9164	LG07	16991607	0.0262
14474	LG07	17381364	0.0039
2069	LG07	17433168	0.4683
22303	LG07	17494008	2e-04
23947	LG07	17608211	0.047
7458	LG07	17761824	0.0163
17631	LG07	17895354	0.031
18619	LG07	18183680	0.1514
8813	LG07	18222159	0.1019
15473	LG07	18504448	0.9636
19904	LG07	18504536	0.1197
24287	LG07	18609422	0.032
21934	LG07	18657038	0.583
24440	LG07	18792489	0.0279
6298	LG07	19290922	0.0582
19785	LG07	19665494	0.065
21829	LG07	19738440	0.7472
11943	LG07	20442784	0.1209
10913	LG07	20467284	0.0728
5417	LG07	20640020	0.0046
4856	LG07	20645188	0.1233
13935	LG07	20916719	0.3287
18796	LG07	20918202	0.0038
12962	LG07	20991578	0.0227
2319	LG07	20997192	0.5
15645	LG07	21003278	0.0188
6534	LG07	21020158	0.0879
6635	LG07	21047437	0.0712
12380	LG07	21047525	0.0695
16164	LG07	21075373	0.1308
23908	LG07	21130324	0.2634
20990	LG07	21131169	0.5928
9800	LG07	21196530	0.0111
24999	LG07	21196618	0.0085
22324	LG07	21203117	0.1583
2454	LG07	21594394	0.0635
20197	LG07	21773059	0.0326
12303	LG07	21866660	0.0349
24684	LG07	21989767	0.0313
11768	LG07	21989855	0.1722
11902	LG07	22046260	0.0264
22276	LG07	22340068	0.0063
11500	LG07	22421100	0.0573
4681	LG07	23084471	0.9914
16168	LG07	23331870	0.0302
2830	LG07	23332711	0.1463
1490	LG07	23424347	0.0844
3798	LG07	23461249	0.1725
21016	LG07	23507934	0.2968
11417	LG07	23619683	0.0768
20163	LG07	24305226	0.0349
11860	LG07	24334636	0.4626
22729	LG07	24533275	0.0191
7604	LG07	24657611	0.105
19107	LG07	25260051	0.2031
24414	LG07	25379906	0.0571
17670	LG07	25484701	0.4889
19046	LG07	25485765	0.0364
11886	LG07	25941514	0.1139
3307	LG07	26173439	0.1572
23211	LG07	26183959	0.2538
12406	LG07	26600311	0.0097
24833	LG07	26668142	0.0726
12299	LG07	26908342	0.0279
12946	LG07	26921264	0.3312
8693	LG07	26942791	0.2223
20753	LG07	27066137	0.5986
1258	LG07	27182155	0.0465
11406	LG07	27267119	0.0144
12394	LG07	27314143	0.0552
20472	LG07	27329202	0.402
11176	LG07	27362617	0.0394
19020	LG07	27371063	0.0356
22989	LG07	27407732	0.0277
16425	LG07	27583603	0.016
4514	LG07	27682138	0.1384
19879	LG07	27702248	0.02
12564	LG07	27817675	0.1157
22430	LG07	27902353	0.2557
16718	LG07	27965978	0.1587
25032	LG07	28063039	0.1553
16834	LG07	28130284	0.2646
24680	LG07	28196913	0.7992
7313	LG07	28218174	0.9339
19685	LG07	28686518	0.0423
17993	LG07	28876115	0.1877
11566	LG07	28941938	0.1607
2087	LG07	28942026	0.1058
21723	LG07	29130898	0.0513
20395	LG07	29553803	0.182
17216	LG07	29626247	0.064
20248	LG07	29864471	0.112
19520	LG07	29868988	0.097
9667	LG07	30125689	0.1989
5739	LG07	30391639	0.0036
7395	LG07	30555580	-8e-04
19372	LG07	30915399	0.0164
7058	LG08	559820	0.4279
14421	LG08	663256	0.1017
11126	LG08	663344	0.0112
8103	LG08	667242	0.3755
17867	LG08	1124351	-7e-04
200	LG08	1227839	0.1201
174	LG08	1312422	0.044
4596	LG08	1761739	0.0283
19342	LG08	3742817	0.1375
17856	LG08	4176493	0.0342
7466	LG08	4200824	0.1731
15973	LG08	4711955	0.056
3193	LG08	4803505	0.1877
16186	LG08	4941063	0.4893
23100	LG08	5415753	0.0126
24606	LG08	5427658	0.0299
3207	LG08	5648759	0.4972
12508	LG08	5800155	0.0097
16965	LG08	5811721	0.0425
16238	LG08	5811809	0.0445
7046	LG08	6188289	0.8453
3244	LG08	6495561	0.0099
17168	LG08	6570111	0.0689
6771	LG08	6712888	0.0918
820	LG08	6783271	0.2018
16032	LG08	6862619	0.3444
21540	LG08	6956890	0.1789
9813	LG08	6971879	0.0246
11257	LG08	7044519	0.1604
15024	LG08	7070777	0.051
8002	LG08	7093665	0.0213
10038	LG08	7161481	0.0121
21600	LG08	7171130	0.0032
5623	LG08	7239686	0.2574
24759	LG08	7799630	0.0069
16803	LG08	8068226	0.0259
19587	LG08	8178687	0.4402
8803	LG08	8178775	0.0631
22900	LG08	8301243	0.0146
16134	LG08	8305901	0.1135
14537	LG08	8319432	0.0693
11132	LG08	8582009	0.1554
8208	LG08	8756918	0.0671
15112	LG08	8912517	0.1185
3373	LG08	8966991	0.0379
10421	LG08	9228751	0.4839
5844	LG08	9557314	0.0803
5060	LG08	9590391	0.2269
16292	LG08	9791342	0.0646
10844	LG08	9797973	0.1852
12064	LG08	10043041	-0.0016
23580	LG08	10125644	0.4403
1693	LG08	10243819	0.2145
5834	LG08	10268342	0.0923
3960	LG08	10342640	0.0064
18900	LG08	10347890	0.0373
10431	LG08	10365018	0.0146
545	LG08	10413548	0.1294
23076	LG08	10423892	0.0367
15748	LG08	10446991	0.9882
20791	LG08	10603909	0.0184
24825	LG08	10604355	0.0114
4491	LG08	10633171	0.4062
15432	LG08	10804836	0.0306
18628	LG08	10815737	0.0474
21539	LG08	10823636	0.243
16698	LG08	10896352	0.0445
4040	LG08	10912553	0.0572
571	LG08	11071974	0.0047
2506	LG08	11296393	0.0294
7865	LG08	11365031	-0.0018
9679	LG08	11452987	0.1127
13723	LG08	11504836	0.0104
17666	LG08	11504924	0.0705
20578	LG08	11763653	0.0456
22563	LG08	11820497	0.9523
23593	LG08	11824764	0.0488
2408	LG08	11860507	0.7749
16121	LG08	11993549	0.6684
18615	LG08	12122177	0.9248
10726	LG08	12138119	0.1703
17267	LG08	12625036	0.9424
14044	LG08	12687954	0.1487
4368	LG08	12744936	0.0102
23293	LG08	12844372	0.0912
1089	LG08	13112738	0.011
7501	LG08	13128416	0.0152
256	LG08	13184454	0.7594
15568	LG08	13237425	0.2526
16141	LG08	13518062	0.0029
24384	LG08	13756394	0.0705
17870	LG08	13840335	0.9446
1098	LG08	13960352	0.2471
20530	LG08	14072527	0.0218
11260	LG08	14170755	0.0192
9229	LG08	14187458	0.3975
23395	LG08	14187546	0.1317
20285	LG08	14206924	0.0261
6910	LG08	14381535	0.0309
13925	LG08	14666259	0.2744
21531	LG08	15039052	0.0516
16911	LG08	15039140	0.0263
20760	LG08	15110370	0.0748
3161	LG08	15130801	0.3047
528	LG08	15156053	0.1215
4891	LG08	15555865	0.3812
10061	LG08	15659186	0.6379
25277	LG08	15781964	0.0149
5450	LG08	15826307	0.0213
17190	LG08	15826395	0.0153
10951	LG08	16407110	0.4532
21123	LG08	16555297	0.993
7974	LG08	16567202	0.6018
8815	LG08	16667405	0.0298
11420	LG08	17026926	0.0763
20270	LG08	17349042	0.0583
24993	LG08	17575533	0.0608
9284	LG08	17713996	0.1288
943	LG08	17866162	0.0467
5206	LG08	18013058	0.1034
13241	LG08	18014083	0.2019
11759	LG08	18102613	0.9559
18889	LG08	18146524	0.0244
6229	LG08	18383781	0.0226
7807	LG08	18470173	0.5426
18073	LG08	18588524	0.0605
24415	LG08	18766557	0.0404
2234	LG08	18949206	0.086
17392	LG08	19037683	0.0169
22332	LG08	19098019	0.2226
16942	LG08	19115287	0.0812
9888	LG08	19299110	0.0268
12521	LG08	19539358	0.0098
10166	LG08	19658164	0.0364
8997	LG08	20043558	0.4431
1266	LG08	20768613	0.0858
19923	LG08	20933711	0.0449
2851	LG08	21068744	0.0473
4317	LG08	21516625	0.2789
13724	LG08	21563933	-0.0019
18702	LG08	21564021	0.1917
24554	LG08	21763729	0.0243
373	LG08	21935513	0.0029
11300	LG08	22239235	0.03
9940	LG08	22367438	0.0282
10392	LG08	22476566	0.0333
17885	LG08	23012265	0.0502
16205	LG08	23333714	0.0044
10401	LG08	23374487	0.0271
22526	LG08	24326107	0.8315
2400	LG08	24451697	0.0075
23159	LG08	24547395	0.3795
21092	LG08	24575790	0.0368
22824	LG08	24757841	0.7436
21470	LG08	24761922	0.0962
4609	LG08	24762010	0.4541
3197	LG08	24846203	0.1181
18726	LG08	25130632	0.0729
24683	LG08	25350262	0.3208
7522	LG08	25397751	0.0676
24253	LG08	25535822	0.0134
23564	LG08	25718636	0.0145
10991	LG08	25784412	0.0095
2368	LG08	26184505	0.3335
23592	LG08	26200561	0.2216
14342	LG09	141924	0.0147
21802	LG09	609295	0.2954
18502	LG09	940472	0.0406
7128	LG09	1204897	0.114
5198	LG09	1393709	0.0688
708	LG09	1654444	0.0389
4556	LG09	1872502	0.0361
3651	LG09	1872590	0.3073
17384	LG09	2170302	0.1188
12566	LG09	2484464	0.0715
20522	LG09	2507199	0.0167
15806	LG09	2600547	0.0494
10172	LG09	3075444	0.3686
25269	LG09	3155786	0.0411
9606	LG09	3437100	0.0095
3458	LG09	3493810	0.0516
4615	LG09	3670506	0.0784
18186	LG09	3902933	0.1293
20937	LG09	4094091	0.0266
20726	LG09	4436715	0.0102
5685	LG09	4495270	0.1786
25028	LG09	4635842	0.7688
8194	LG09	4886819	0.9538
16637	LG09	4910828	0.0354
9077	LG09	5295753	0.0331
7109	LG09	5317086	0.245
3948	LG09	5671531	0.2372
5124	LG09	5713978	0.0452
1504	LG09	6084778	0.075
21120	LG09	6147938	0.2721
12803	LG09	6289788	0.051
15471	LG09	6468150	0.6749
5011	LG09	6468238	0.6809
6099	LG09	6849550	0.0186
415	LG09	6944185	0.3711
1047	LG09	6946806	0.2006
20890	LG09	7053543	0.0191
19199	LG09	7053631	0.0379
21454	LG09	7105409	0.1658
22698	LG09	7438914	0.0133
7902	LG09	7623356	0.3566
14628	LG09	7789676	0.2057
14594	LG09	7829697	0.1773
12990	LG09	7893287	0.0456
20036	LG09	7937542	0.2238
4146	LG09	8211355	0.1073
14042	LG09	8580009	0.1207
11691	LG09	8580099	0.383
13279	LG09	9396740	0.0053
4702	LG09	9449210	0.1909
7514	LG09	9462378	0.0024
15907	LG09	9465117	0.7308
5853	LG09	9910448	0.0652
23935	LG09	9937787	0.0161
561	LG09	10073918	0.0846
12713	LG09	10266318	0.0278
9489	LG09	10420914	0.0593
12567	LG09	10421002	0.0603
25293	LG09	10421422	0.6577
5882	LG09	10461569	0.1814
19371	LG09	10689203	0.227
9576	LG09	10727534	0.1992
18401	LG09	10862292	0.1253
23924	LG09	10911434	0.1019
11848	LG09	11140996	0.0081
18757	LG09	11297595	0.0492
22918	LG09	11494887	0.0163
13940	LG09	11496126	0.1078
16806	LG09	11496944	0.0224
2230	LG09	11505320	0.0157
15462	LG09	11582028	0.0729
20446	LG09	11671951	0.8702
17230	LG09	11767563	0.2181
7104	LG09	11767651	0.0142
12017	LG09	12286191	0.6528
11849	LG09	12564139	-8e-04
23143	LG09	12593181	0.0395
20265	LG09	12622101	0.0575
1311	LG09	12622187	0.0075
9215	LG09	12807500	0.0331
22806	LG09	12871481	0.3519
18482	LG09	12928434	0.0067
22873	LG09	12988290	0.0538
7465	LG09	13181103	0.0894
22092	LG09	13245403	0.0044
24117	LG09	13296746	6e-04
17185	LG09	13511279	0.017
17702	LG09	13518924	0.2767
10198	LG09	13840201	0.2956
21686	LG09	13925989	0.5806
410	LG09	13926079	0.2942
7314	LG09	13953137	0.2937
8322	LG09	14038013	0.0142
19752	LG09	14153515	0.0721
8199	LG09	14464715	0.4033
5930	LG09	14503032	0.0283
2792	LG09	14618268	0.0297
17951	LG09	14669233	0.0246
12201	LG09	14680579	0.0579
15311	LG09	14890489	0.6961
9668	LG09	15119144	0.1755
23785	LG09	15134525	0.0526
7818	LG09	15474554	0.1731
19083	LG09	16022854	0.055
15650	LG09	16091715	0.1337
13054	LG09	16092904	0.3001
22246	LG09	16119065	-0.0019
16967	LG09	16123680	0.0515
13476	LG09	16123768	0.0658
14260	LG09	16137299	0.2194
15586	LG09	16189035	0.1488
13129	LG09	16518082	0.0858
9611	LG09	16641125	0.0041
17901	LG09	16836821	0.0791
4617	LG09	16838649	0.0711
17959	LG09	16869465	0.1166
1582	LG09	16940306	0.0505
4090	LG09	17063685	0.2728
18043	LG09	17110549	0.9142
17038	LG09	17129440	0.8366
16009	LG09	17406696	0.13
10687	LG09	17530179	0.1253
4142	LG09	17587809	0.2646
11056	LG09	17620838	0.037
21118	LG09	17644011	0.0367
5451	LG09	17652516	0.057
22640	LG09	17652604	0.3734
9966	LG09	17673401	0.0377
4960	LG09	17810629	0.0434
14555	LG09	17882027	0.043
39	LG09	17882115	0.0576
17442	LG09	18023941	0.2049
986	LG09	18413149	0.0229
8603	LG09	18435106	0.6659
379	LG09	18491323	0.0167
7759	LG09	19279622	0.3205
21239	LG09	19366042	0.0198
11459	LG09	19421069	0.084
9545	LG09	19485278	0.4237
4459	LG09	19494289	0.0402
13207	LG09	19949567	0.1916
263	LG09	19977194	0.208
3031	LG09	20025730	0.0531
13721	LG09	20115295	0.0467
14755	LG09	20338374	0.0531
9082	LG09	20408663	0.052
12516	LG09	20438490	0.4261
13461	LG09	20559077	0.0156
23178	LG09	20841659	0.329
4629	LG09	20931379	0.0061
19360	LG09	21644883	0.9469
5980	LG09	21886663	0.3767
18319	LG09	21889342	0.077
12384	LG09	22398721	0.4645
17912	LG09	23034645	0.092
9387	LG09	23454920	0.033
23136	LG09	23542273	0.1693
2895	LG09	23542361	0.0296
19310	LG09	23544030	0.1697
17968	LG09	23570799	0.1771
20068	LG09	23628908	0.2214
22753	LG09	23684868	0.0234
8124	LG09	23766555	0.9065
13163	LG09	23918871	0.0561
917	LG09	23966054	0.0097
5577	LG09	23969744	0.0323
1794	LG09	24143400	0.4723
19682	LG09	24358659	0.0723
11638	LG09	24432292	0.2474
12554	LG09	24497475	0.0179
4226	LG09	24607602	0.1109
10138	LG10	301809	0.0564
3962	LG10	605025	0.0225
18050	LG10	1115331	0.0335
7384	LG10	1352427	0.0136
5928	LG10	1369959	0.0172
5002	LG10	1370047	0.0414
16612	LG10	1560210	0.0076
11954	LG10	2256027	0.233
17879	LG10	2293277	-0.0014
6583	LG10	2465467	0.0639
9252	LG10	2489942	0.0732
1592	LG10	2502491	0.0301
18111	LG10	2525180	0.05
1073	LG10	2603183	0.0817
17351	LG10	2645492	0.0218
17343	LG10	2810907	0.0235
21870	LG10	2836992	0.005
14554	LG10	3092111	0.3346
22771	LG10	3784167	0.6338
7781	LG10	4151887	0.0312
18248	LG10	4304858	0.0261
22011	LG10	4306943	0.0057
4426	LG10	4400003	0.0859
10260	LG10	4477635	0.0046
25250	LG10	4629105	0.7988
3963	LG10	4690015	0.0091
21089	LG10	4739467	0.0566
10995	LG10	5381301	0.0872
5203	LG10	5542453	0.0862
6	LG10	5565406	0.042
13295	LG10	5590510	0.2488
13881	LG10	5762212	0.0208
5962	LG10	5834804	0.0047
18330	LG10	5843219	0.3832
244	LG10	5851012	0.0457
885	LG10	5851100	0.0239
3434	LG10	6003116	0.1011
9159	LG10	6204018	-6e-04
10291	LG10	6547702	0.4162
16787	LG10	6644405	0.0248
11408	LG10	6902002	0.1776
10396	LG10	7240187	0.1569
19829	LG10	7361517	0.06
21800	LG10	7362046	0.023
14287	LG10	7429779	0.0039
7214	LG10	7431430	0.9424
6701	LG10	7469127	0.0287
12987	LG10	7768031	0.0381
21681	LG10	7779998	0.028
4620	LG10	7813485	0.8194
7791	LG10	7813573	0.1176
8160	LG10	8748149	0.0243
9986	LG10	9602660	0.2851
16280	LG10	9631682	0.6396
3176	LG10	9762442	0.0076
4206	LG10	9793217	0.0259
3753	LG10	9860946	0.7065
24659	LG10	9903825	0.0855
22961	LG10	9917591	0.0992
17181	LG10	10048933	0.2172
10966	LG10	10433055	0.1483
92	LG10	10496043	0.6407
12725	LG10	10819623	0.0371
21971	LG10	10867159	0.6831
8033	LG10	10895467	0.9823
17999	LG10	11365506	0.0759
13125	LG10	11392859	0.0156
12182	LG10	11702412	0.5928
198	LG10	12542466	0.8809
11049	LG10	12577783	0.0017
14190	LG10	12653246	0.0458
20081	LG10	12658536	0.092
13791	LG10	12697932	0.7531
3121	LG10	12858006	0.0589
9755	LG10	13377165	0.0064
12945	LG10	13448653	0.6848
7453	LG10	13650399	0.0047
17990	LG10	13900150	0.2134
15313	LG10	14212835	0.0226
23615	LG10	14722708	0.4971
4083	LG10	15139047	0.212
3015	LG10	15163654	0.8131
8507	LG10	15259978	0.2399
15234	LG10	15260066	0.2175
15009	LG10	15663397	0.0888
24591	LG10	15711501	0.0852
10015	LG10	15810510	0.6525
8525	LG10	16367116	0.4871
4251	LG10	16638251	0.4855
8597	LG10	16803083	0.0984
14526	LG10	16803171	0.262
11895	LG10	16877062	0.1464
12199	LG10	16892873	0.0665
5217	LG10	16892961	0.0798
22392	LG10	16955644	0.0161
7505	LG10	17051602	0.0221
1907	LG10	17098895	0.2625
19023	LG10	17098983	0.2548
11319	LG10	17278254	0.0268
4171	LG10	17543844	0.0163
25620	LG10	17690500	0.0668
1262	LG10	17743127	0.0055
9549	LG10	17848565	0.0828
17760	LG10	18095577	0.3112
24634	LG10	18235054	0.0207
16422	LG10	18439664	0.0127
24307	LG10	18499922	0.0077
15002	LG10	18594202	0.0075
18366	LG10	18594290	0.0995
21884	LG10	18670124	0.026
9538	LG10	18851597	0.0232
18754	LG10	19102995	0.0214
20945	LG10	19366755	0.0193
20920	LG10	19404682	0.2097
9452	LG10	19417830	0.4302
7879	LG10	19467967	0.0287
16245	LG10	19765296	0.0092
23189	LG10	19767704	0.0238
16145	LG10	19915286	0.0411
3248	LG10	20021617	0.1702
10580	LG10	20152067	0.2775
19564	LG10	20345887	-0.0019
1872	LG10	21232603	0.1408
6040	LG10	22004225	0.0604
11910	LG10	22004313	0.0683
2558	LG10	22020828	0.0559
4958	LG10	22107920	0.4913
11081	LG10	22122129	0.3896
7913	LG10	22408604	0.0665
11	LG10	22879220	0.0523
2705	LG10	22879308	0.0267
25444	LG10	22997820	0.5269
472	LG10	23241108	0.016
12916	LG10	23265400	0.0165
6033	LG10	23278050	0.0842
23146	LG10	23430455	0.0538
716	LG10	23520241	0.1696
5594	LG10	23722049	0.0999
8804	LG10	23759277	0.0118
8798	LG10	24193411	0.0164
20295	LG10	24766333	0.4958
16791	LG10	25140041	0.0964
24444	LG10	25232300	0.0377
12107	LG11	599330	0.0913
19742	LG11	658080	0.0137
21313	LG11	852857	0.0158
1027	LG11	880476	0.0284
6484	LG11	1042714	0.0164
12726	LG11	1323218	0.1467
6769	LG11	1333122	0.0149
5807	LG11	1821055	0.0272
19228	LG11	2128700	0.0074
7711	LG11	2322577	0.1242
15749	LG11	2453939	0.07
3258	LG11	2454027	0.0219
19021	LG11	2466205	0.0192
6803	LG11	2541190	0.0212
11282	LG11	2541278	0.0095
18879	LG11	2695805	-0.0012
21335	LG11	2991166	0.1282
21256	LG11	3027003	0.1186
756	LG11	3127754	0.0258
16270	LG11	3234999	0.4938
14618	LG11	3238756	0.0251
22947	LG11	3409526	0.0757
10978	LG11	3709479	0.1476
23066	LG11	3715071	0.1703
5966	LG11	3737428	0.3319
24196	LG11	3832245	0.2079
18571	LG11	4312750	0.0947
23094	LG11	4350264	0.1811
16564	LG11	4376683	0.1079
15060	LG11	4509609	0.0472
19201	LG11	4663213	0.0262
24124	LG11	4847996	0.0675
11708	LG11	4914685	0.9861
7940	LG11	4935309	0.5061
10307	LG11	5262579	0.009
3931	LG11	5295900	0.2035
18236	LG11	5341135	0.053
7929	LG11	5422480	0.0229
19943	LG11	5432424	0.0165
21590	LG11	5432942	0.5077
14760	LG11	5530610	0.216
19964	LG11	5576643	0.0355
7769	LG11	5638643	0.2045
15954	LG11	5805730	0.3901
6757	LG11	5861158	0.0208
8196	LG11	5950474	0.3711
2468	LG11	6043896	0.1544
4336	LG11	6123685	0.0497
12889	LG11	6356698	0.2635
6203	LG11	6456108	0.1545
12897	LG11	6504285	0.0114
9158	LG11	6826719	0.8977
6550	LG11	6909678	0.7536
2064	LG11	7306299	0.9889
5281	LG11	7506208	0.1291
12810	LG11	7562224	0.4517
1547	LG11	7746059	0.0538
1756	LG11	8086242	0.0145
25225	LG11	8123880	0.7839
15010	LG11	8774566	0.1297
18313	LG11	8774654	0.1209
18947	LG11	8837364	0.0478
3972	LG11	8894347	0.5253
21509	LG11	8929232	0.0239
11978	LG11	8976665	0.0387
19037	LG11	9019282	0.6973
19949	LG11	9077021	1
16151	LG11	9208997	0.1657
14131	LG11	9371620	0.0788
19729	LG11	9699702	0.1249
13895	LG11	9770660	0.0543
4344	LG11	9920661	0.1234
12254	LG11	10063725	0.9246
20796	LG11	10174407	0.2579
1167	LG11	10595723	-6e-04
5541	LG11	10611314	0.768
3155	LG11	10611402	0.0757
15034	LG11	11184765	0.0092
7942	LG11	11237956	0.0145
9205	LG11	11238044	0.4461
17087	LG11	11366771	0.7095
23927	LG11	11392893	0.2566
9585	LG11	11440099	0.7315
16429	LG11	11596915	0.3729
6797	LG11	11597003	0.1718
6890	LG11	11780929	0.0515
21789	LG11	11847676	0.0778
8536	LG11	11875912	0.3482
11594	LG11	11876000	0.2093
4834	LG11	12058857	0.9763
24071	LG11	12101375	0.0258
4188	LG11	12127935	0.7924
9203	LG11	12511703	0.0395
19660	LG11	12511791	0.003
17709	LG11	12700354	0.0255
24226	LG11	13148494	0.2098
15113	LG11	13328849	0.0049
5984	LG11	13375051	0.3387
13355	LG11	13376613	0.0139
13107	LG11	13398459	0.8968
23168	LG11	13620304	0.0555
10799	LG11	13643360	0.0202
15855	LG11	13815890	0.0256
14920	LG11	13818187	0.0059
12036	LG11	13972815	0.0074
719	LG11	14396040	0.1096
20923	LG11	14468605	0.6386
3430	LG11	14468693	0.0135
2225	LG11	14495794	0.0328
3886	LG11	14501523	0.016
8315	LG11	14528223	0.0936
19475	LG11	14782518	0.1528
2604	LG11	14815925	0.0216
16257	LG11	15142617	0.5433
17750	LG11	15734279	0.0105
13598	LG11	15810155	0.0052
19263	LG11	15974041	0.0191
3662	LG11	16002009	0.995
9458	LG11	16016506	0.04
8346	LG11	16053706	0.0158
7161	LG11	16069381	0.0441
17726	LG11	16223640	0.295
9408	LG11	16231009	0.095
23486	LG11	16266066	0.0218
5003	LG11	16390445	0.0239
21360	LG11	16819948	0.3124
10828	LG11	16821051	0.8103
11019	LG11	17081030	0.7896
1963	LG11	17081118	0.0576
8493	LG11	17108879	0.0145
8641	LG11	17280494	0.0665
19478	LG11	17498265	0.036
13052	LG11	18447466	0.0377
20140	LG11	18447554	0.1221
4837	LG11	18564220	0.0988
1978	LG11	18595849	0.0214
3266	LG11	18795306	0.0161
25284	LG11	18813106	0.0503
9191	LG11	18886155	0.0467
19830	LG11	18942693	0.0561
16789	LG11	18944992	0.0199
24334	LG11	19199537	0.0285
6729	LG11	19415556	0.0776
1519	LG11	19513503	0.0377
19784	LG11	19585086	0.131
15354	LG11	19828160	0.0134
2071	LG11	19958497	0.0437
15955	LG11	19958585	0.0906
7028	LG11	20055468	0.1108
24168	LG11	20084116	0.0218
14360	LG11	20090953	0.0145
6458	LG11	20093783	0.1049
24941	LG11	20323618	0.2273
11482	LG11	20660135	0.4273
2153	LG11	20773096	0.0747
1478	LG11	20773184	0.0373
20249	LG11	21054680	0.1725
6051	LG11	21094436	0.0121
9691	LG11	21257364	0.025
12493	LG11	21490717	0.0216
12903	LG11	21543078	0.018
22851	LG11	21940307	0.0023
8152	LG11	22005892	0.1772
7457	LG11	22023654	0.187
5464	LG11	22086835	0.825
3039	LG11	22402420	0.0019
19641	LG11	22415326	0.0258
3756	LG11	22468503	0.4524
12942	LG11	22635948	0.0161
18250	LG11	22636036	-0.0013
8135	LG11	22730482	0.1893
19035	LG11	23667786	0.0021
5614	LG11	23808690	0.001
1655	LG11	24272512	0.0502
17644	LG11	24432463	0.177
10188	LG11	24474143	0.1956
4696	LG11	24477363	0.044
22637	LG11	24477451	0.137
20351	LG11	24512227	0.1384
15829	LG11	24629151	0.0791
19014	LG11	24642299	0.3675
12605	LG11	24712171	0.0296
2922	LG11	24771036	0.0076
11912	LG11	25064455	0.7389
5572	LG11	25112679	0.0543
7749	LG11	25187021	0.1791
11210	LG11	25211807	0.112
5042	LG11	25334679	0.3132
7755	LG11	25803771	0.2115
4901	LG11	26061747	0.0945
1157	LG11	26193891	0.1191
53	LG11	26240806	0.0863
23448	LG11	26240894	0.0615
23014	LG11	26491712	0.195
25289	LG11	26514142	0.275
15052	LG11	26568958	0.0535
9251	LG11	26642181	0.8216
8670	LG11	27130781	0.0967
1473	LG11	27198631	0.1068
6377	LG11	27229186	0.3396
13880	LG11	27245517	0.0365
5	LG11	27261814	0.6895
23093	LG11	27289201	0.0225
494	LG11	27847476	0.0233
9213	LG11	27848202	0.0133
12431	LG11	27862706	0.0667
14536	LG11	27881862	0.0132
15756	LG11	27938726	0.0769
8190	LG11	28080960	0.3608
411	LG11	28215278	0.05
7434	LG11	28306877	0.0046
16135	LG11	28354202	0.0753
20263	LG12	29713	0.087
15256	LG12	446630	0.0959
5476	LG12	468391	0.6957
18166	LG12	567544	0.6412
10813	LG12	1339414	0.1493
13841	LG12	3161131	0.2571
8062	LG12	3185817	0.0075
1354	LG12	3284303	0.0302
7431	LG12	3326685	0.1832
8055	LG12	3340389	0.216
10497	LG12	3555248	0.0826
4473	LG12	4009809	0.008
21073	LG12	4069175	0.028
24003	LG12	4069263	0.019
780	LG12	4213605	0.2272
5118	LG12	4298590	0.035
12852	LG12	4520038	0.1304
23258	LG12	4735969	0.1136
4568	LG12	4779086	0.3847
4740	LG12	4809150	0.01
10263	LG12	5229610	0.1212
11770	LG12	5439863	0.1241
8037	LG12	5532228	0.0198
18840	LG12	5561882	0.0511
19174	LG12	5655789	0.0466
8168	LG12	5940810	0.1633
2335	LG12	6026045	0.0568
20544	LG12	6086824	-0.0014
8064	LG12	6180142	0.1731
12813	LG12	6182623	0.0433
17582	LG12	6410601	0.2699
23467	LG12	6428531	0.0967
6144	LG12	6428619	0.7664
15017	LG12	6450207	0.4393
18015	LG12	6667315	0.2582
8278	LG12	6752117	-0.001
7574	LG12	6911449	0.0859
8810	LG12	7061780	0.0459
11878	LG12	7385906	0.0253
25593	LG12	7469856	0.0509
14666	LG12	7566813	0.1347
13458	LG12	7732046	0.0051
1474	LG12	7753631	0.0305
16897	LG12	7887658	0.0243
15003	LG12	8128215	0.0914
4711	LG12	8167261	0.1214
6094	LG12	8466885	0.4444
11880	LG12	8638270	0.0233
9061	LG12	8785295	0.2094
18315	LG12	9291719	0.0658
19956	LG12	9597045	0.3427
11591	LG12	9634261	-0.0019
12686	LG12	9689646	0.0203
960	LG12	10174457	0.0112
23201	LG12	10284210	0.0357
9363	LG12	10454862	0.0201
13176	LG12	10454950	0.008
22710	LG12	10828140	0.1325
541	LG12	10886813	0.1353
660	LG12	11266320	0.0076
10456	LG12	11310204	0.0251
13408	LG12	11313784	0.0425
1881	LG12	11484342	0.9894
18478	LG12	11760945	0.0038
18821	LG12	11902614	0.4358
8267	LG12	11939803	0.1143
24389	LG12	12107149	0.0273
25048	LG12	12140034	0.0424
12403	LG12	12909587	0.0932
18792	LG12	13201639	0.4581
6274	LG12	13367814	0.0482
25241	LG12	13367902	0.7932
25538	LG12	15479366	0.0475
1873	LG12	16935478	0.9965
2706	LG12	16946944	0.0051
5622	LG12	17015598	0.4957
14495	LG12	17024962	0.0476
12483	LG12	17033148	0.1179
5817	LG12	17403958	0.0314
16375	LG12	17446219	0.2042
4550	LG12	17753872	-0.0018
9593	LG12	17830910	0.0928
14729	LG12	18146976	0.1356
16035	LG12	18326476	0.0504
13701	LG12	18405059	0.0796
18070	LG12	18432995	0.0599
22955	LG12	18576679	0.3722
13285	LG12	18663488	0.0383
18133	LG12	18750265	0.013
522	LG12	18820544	0.5942
2160	LG12	18822680	0.1548
10718	LG12	19212702	0.0255
7674	LG12	19252364	0.0809
19351	LG12	19338527	0.0729
24470	LG12	19492656	0.0673
5133	LG12	19492744	0.0101
10207	LG12	19645674	0.0565
19222	LG12	19916291	0.271
7565	LG12	19921439	0.0539
11992	LG12	19963181	0.0022
12668	LG12	20070737	0.3182
25622	LG12	20249556	0.0983
98	LG12	20292473	0.0101
5672	LG12	20538654	0.0595
5287	LG12	20595615	0.1086
7086	LG12	20716376	0.209
9979	LG12	20945653	0.0056
9658	LG12	21292189	0.2796
21070	LG12	21516223	0.0052
22206	LG12	21990158	0.3028
3304	LG12	21990246	0.1504
4411	LG12	22019003	0.0345
11722	LG12	22026053	0.0585
10217	LG12	22048248	0.0478
18012	LG12	22709819	0.1543
21174	LG12	22865901	0.0112
3480	LG12	23074809	0.2808
4145	LG12	23109552	0.0733
5668	LG12	23159905	0.1405
10295	LG12	23243263	0.0197
3437	LG12	23290112	0.0384
18434	LG12	23397580	0.2321
6390	LG12	23443612	0.0641
18253	LG12	23861769	0.1275
11506	LG12	24036984	0.0292
4588	LG12	24207382	0.0484
24147	LG12	24341605	0.2151
12851	LG12	24393793	0.1191
16846	LG12	25008399	0.0357
187	LG12	25008487	0.0167
6071	LG12	25107373	0.0605
17256	LG12	25161246	0.0355
11415	LG12	25161775	0.0123
15788	LG12	25185115	0.2096
9091	LG12	25336179	0.0948
23977	LG12	25429189	0.0243
6462	LG12	25449456	0.371
15242	LG12	25621100	0.0174
11805	LG12	25684710	0.2722
6312	LG12	26603732	0.0031
22617	LG12	26643090	0.9913
167	LG12	26759763	0
9896	LG12	26878070	0.8813
9819	LG13	197290	0.0442
12108	LG13	414978	0.1107
404	LG13	423107	0.0463
14547	LG13	788032	0.0893
11774	LG13	799439	0.0353
24954	LG13	922820	0.0428
4031	LG13	1193395	0.0331
2274	LG13	1229015	0.1723
8252	LG13	1229103	0.1613
12028	LG13	1250680	0.094
10029	LG13	1297680	0.3956
7298	LG13	1297768	0.036
15595	LG13	1320012	0.1362
22597	LG13	1481646	0.0449
23018	LG13	1498281	0.3865
16187	LG13	1500096	0.0532
3708	LG13	1535521	0.935
19324	LG13	1620554	0.0024
16616	LG13	1620642	0.0823
19069	LG13	1656421	0.3283
7092	LG13	1854710	0.0347
10872	LG13	2826437	0.0063
14365	LG13	3111674	0.0273
8596	LG13	3111762	0.4441
7605	LG13	3180911	0.1108
13514	LG13	3195046	0.1074
15145	LG13	3341126	0.2546
14758	LG13	3432489	0.0141
9663	LG13	3663429	0.0072
4507	LG13	4567648	0.1584
3062	LG13	4642806	0.0024
1635	LG13	5076698	0.0841
17428	LG13	5252675	0.14
24270	LG13	5273122	0.0235
19608	LG13	5343568	0.1162
24464	LG13	5444037	0.0207
4643	LG13	5556883	0.0435
6823	LG13	5583349	0.0379
15991	LG13	5583437	0.0732
5052	LG13	5592907	0.4551
11348	LG13	5718070	0.0182
3929	LG13	6072318	0.0056
8426	LG13	6509003	0.0387
15763	LG13	6534830	0.3301
19626	LG13	6621179	0.3002
7736	LG13	6632801	0.0193
24135	LG13	6936637	0.5611
10460	LG13	6966466	0.9865
2258	LG13	7099455	0.3202
16752	LG13	7127580	0.2284
4396	LG13	7298301	0.0398
12055	LG13	7298389	0.1005
11988	LG13	7790511	0.0282
11325	LG13	7918800	0.2925
22677	LG13	7980396	0.0515
7833	LG13	8128067	0.0556
9165	LG13	8397560	0.3449
14990	LG13	8544475	0.4015
7747	LG13	8626858	0.1394
9738	LG13	8668477	0.018
13762	LG13	8670969	0.031
23445	LG13	8744355	0.3792
11994	LG13	8744832	0.2492
18558	LG13	9131344	0.1334
17739	LG13	9164472	0.1082
8212	LG13	9273834	0.1066
18599	LG13	9325469	0.1503
16482	LG13	9438752	0.0049
17586	LG13	9571485	0.424
10006	LG13	9576401	0.3877
24597	LG13	9929672	0.0144
23503	LG13	9971401	0.6239
5475	LG13	10028046	0.1134
10476	LG13	10039372	0.1573
18715	LG13	10560993	0.0124
19170	LG13	10600670	0.0166
1482	LG13	10971676	0.046
24116	LG13	11119459	0.9832
1053	LG13	11331788	0.0098
1983	LG13	11362580	0.2164
16650	LG13	11699849	1e-04
1306	LG13	11880001	0.3443
17446	LG13	11956125	0.0931
5741	LG13	11956213	0.0933
10730	LG13	12192317	0.6269
25378	LG13	12217627	0.0228
15546	LG13	12413111	0.2853
1571	LG13	12440085	0.884
6660	LG13	12796553	0.7703
19683	LG13	13024843	0.1895
11618	LG13	13050029	0.0732
367	LG13	13517959	0.7922
364	LG13	13518047	0.7864
24543	LG13	13571484	0.0587
13702	LG13	13876524	0.0901
12083	LG13	13895706	0.7249
18337	LG13	14242723	0.0204
9050	LG13	14493837	0.0171
8086	LG13	14527894	0.988
4442	LG13	14527982	0.0102
1698	LG13	14576126	0.0072
7957	LG13	14587252	0.5052
21653	LG13	14590679	0.3022
5845	LG13	14709344	0.2775
14122	LG13	14951265	0.0151
13180	LG13	14958633	0.3371
24277	LG13	14988666	0.1073
10752	LG13	15104410	0.0281
15218	LG13	15160240	0.0306
20056	LG13	15343655	0.0629
24867	LG13	15382442	0.1523
18467	LG13	15756260	0.026
24267	LG13	15858481	0.1304
8198	LG13	16144580	0.0193
20593	LG13	16159441	0.0173
4575	LG13	16159529	0.0385
11119	LG13	16168416	0.0045
7183	LG13	16489759	0.2548
4671	LG13	16647496	0.7099
24484	LG13	16647584	0.1606
7489	LG13	16655985	0.0504
7301	LG13	17075597	0.0485
705	LG13	17217650	0.0558
5560	LG13	17284812	0.0029
23374	LG13	17292407	0.1288
21896	LG13	17395032	0.0227
20198	LG13	17432380	0.0096
10334	LG13	17465274	0.247
11579	LG13	17644758	0.0476
8241	LG13	17644845	0.0012
16227	LG13	17695584	0.0748
1572	LG13	17972384	0.0092
25063	LG13	18266311	0.026
16369	LG13	18299287	0.1382
2826	LG13	18593933	0.6254
8288	LG13	18629424	0.0296
9845	LG13	18630044	0.0808
7570	LG13	18649897	0.0762
4227	LG13	18686608	0.0527
966	LG13	18698689	0.0183
25273	LG13	18720674	0.2214
7775	LG13	18791841	0.3028
23792	LG13	18856816	0.7817
2824	LG13	18962061	0.5136
14869	LG13	19009416	0.0038
4664	LG13	19009504	0.3144
18273	LG13	19032406	0.0145
7803	LG13	19032494	0
3132	LG13	19057220	0.0123
17102	LG13	19423592	0.0115
16005	LG13	19499378	0.0504
2390	LG13	19759312	0.2425
14889	LG13	19821728	0.1512
17592	LG13	19931606	0.0544
10848	LG13	19995938	0.213
1228	LG13	20016866	0.0246
11154	LG13	20413713	0.2502
18514	LG13	20554528	0.4291
23389	LG13	20567864	0.0183
3339	LG13	20637133	0.0103
11170	LG13	20663798	0.2251
11225	LG13	20699326	0.0269
20770	LG13	20742960	0.1448
15104	LG13	20808605	0.2486
23009	LG13	20869043	0.0887
1048	LG13	21014787	0.2931
14505	LG13	21021074	0.1562
1689	LG13	21043471	0.0071
14011	LG13	21916385	0.6539
6693	LG13	22157376	0.1335
4140	LG13	22202718	1e-04
5441	LG13	22392008	6e-04
10933	LG13	23401812	0.0053
11116	LG13	23508205	0.0657
20699	LG13	23508293	0.0453
2682	LG13	23528989	0.0493
20257	LG13	23629689	0.0213
23883	LG13	23701508	0.0165
4156	LG13	24013669	0.0195
19509	LG13	24173924	0.0323
10960	LG13	24575456	0.1728
3541	LG13	24575544	0.1738
25323	LG13	24709216	0.3155
8295	LG13	24899963	0.4262
18633	LG13	25006236	0.0408
7768	LG13	25049770	0.0738
16766	LG13	25053940	0.0962
734	LG13	25259416	0.0211
2587	LG14	202833	0.0589
22950	LG14	242580	0.3326
13384	LG14	445467	0.7871
9378	LG14	886773	0.0476
8847	LG14	1030467	0.21
13418	LG14	1300871	0.1274
11003	LG14	1334127	0.2124
490	LG14	1523992	0.8467
616	LG14	1538720	0.6923
18528	LG14	1687979	0.4688
1078	LG14	1738653	0.0237
23334	LG14	1850852	0.0699
17625	LG14	1955317	0.8606
9770	LG14	1996083	0.0723
25478	LG14	2041548	0.0147
21704	LG14	2137806	0.5484
18659	LG14	2164166	0.0076
23776	LG14	2289824	-0.0018
618	LG14	2325174	0.2208
6540	LG14	2424570	0.0239
24167	LG14	2490084	0.0316
12158	LG14	2519559	0.0398
12622	LG14	2527534	0.4247
22282	LG14	2687638	0.0423
16814	LG14	2926912	0.0369
23723	LG14	2993108	0.1658
6353	LG14	3355942	0.0081
16325	LG14	3425971	0.0491
20625	LG14	3709595	0.033
13411	LG14	3709681	0.1359
16233	LG14	4113927	0.2542
24451	LG14	4188617	0.9865
25561	LG14	4334416	0.3489
5892	LG14	4398890	0.2164
14127	LG14	4585306	0.0203
13188	LG14	4639051	0.0146
6608	LG14	4655642	0.0086
1975	LG14	5051097	0.7043
91	LG14	5057159	0.0264
19651	LG14	5180737	0.052
1970	LG14	5451290	0.01
9717	LG14	5541915	0.9498
21726	LG14	5603751	0.1426
6399	LG14	5683106	0.0086
3594	LG14	5903591	0.0603
5781	LG14	5998727	0.2817
14517	LG14	6015956	0.1555
10410	LG14	6016044	0.0188
22304	LG14	6109311	0.0401
7910	LG14	6573265	0.0157
21403	LG14	6790576	0.5584
815	LG14	7114942	0.4985
554	LG14	7209191	0.0219
2204	LG14	7233760	0.0039
20732	LG14	7233848	0.348
15774	LG14	7268942	0.079
24090	LG14	7610411	0.0617
14620	LG14	7777852	0.0333
19720	LG14	7840851	0.0431
9102	LG14	7840939	0.043
20609	LG14	8091522	0.1817
5699	LG14	8137819	0.0647
22892	LG14	8176240	0.1354
2425	LG14	8286219	0.8005
5580	LG14	8286307	0.7243
691	LG14	8500453	0.0379
15239	LG14	8514359	0.2531
11447	LG14	8514447	0.0312
14839	LG14	8562765	0.3827
9119	LG14	8731210	0.4683
14702	LG14	8731298	0.4605
20364	LG14	8805051	0.0252
15997	LG14	9216980	0.1002
7089	LG14	9364782	0.436
24342	LG14	9467759	0.3923
2974	LG14	9719363	0.8721
8389	LG14	9808133	0.6638
388	LG14	9808221	0.0683
13422	LG14	9809082	0.0667
16215	LG14	9813679	0.0592
14804	LG14	9932846	0.0446
13909	LG14	9933392	0.0406
23487	LG14	9953277	0.113
3129	LG14	10030230	0.0078
21492	LG14	10086345	0.2667
21779	LG14	10097824	0.0354
1441	LG14	10322868	0.0116
3308	LG14	10599926	0.0352
23333	LG14	10622606	0.0076
7690	LG14	11180651	0.9966
445	LG14	11240709	0.1213
11313	LG14	11519823	0.3477
3417	LG14	11676361	0.45
7203	LG14	11703918	0.0342
24098	LG14	11755005	0.0082
10462	LG14	11822248	0.3134
13563	LG14	11822336	0.0397
25240	LG14	12018326	0.0051
19928	LG14	12103261	0.2082
15327	LG14	12142906	0.1605
4989	LG14	12252629	0.0016
14864	LG14	12377418	0.0059
5945	LG14	12869078	0.1798
721	LG14	12869166	0.4536
10245	LG14	12893504	0.0121
5151	LG14	12928347	0.0604
9943	LG14	13142370	0.1202
7890	LG14	13284482	0.1164
10954	LG14	13316350	0.115
22731	LG14	13607687	0.9965
21989	LG14	14128458	0.0958
8350	LG14	14632551	0.1512
21302	LG14	14635342	0.0483
15316	LG14	14880637	0.2364
17654	LG14	14918702	0.0363
2861	LG14	15397625	0.0355
10306	LG14	15462903	0.2703
4185	LG14	15778586	0.3969
6631	LG14	15779407	0.8571
1463	LG14	16098739	0.0308
10092	LG14	16098827	0.0304
13911	LG14	16316919	0.038
7366	LG14	16456477	0.0038
75	LG14	16964648	0.0858
25130	LG14	16964736	0.2496
8726	LG14	17015235	0.0806
5333	LG14	17190035	0.7809
1339	LG14	17204107	0.1024
4402	LG14	17552012	0.9024
6597	LG14	17715921	0.4412
7498	LG14	17772081	0.0544
25649	LG14	17836411	0.0931
3832	LG14	17957361	0.0984
12884	LG14	17957451	0.5018
18830	LG14	18092169	0.0467
10218	LG14	18095079	0.0262
20384	LG14	18183471	0.0071
19918	LG14	18235511	0.4448
24824	LG14	18241278	0.1045
11354	LG14	18914944	0.0286
17245	LG14	19228505	0.0166
22407	LG14	19237839	0.0536
12948	LG14	19332362	0.0918
17106	LG14	19739720	0.0482
9675	LG14	20158765	-2e-04
3636	LG14	20385829	0.0037
22688	LG14	20409170	0.3359
4088	LG14	20885177	0.0544
1372	LG14	20906701	0.0422
331	LG14	21214207	0.0052
14492	LG14	21336299	0.0044
12707	LG14	22288613	0.0986
3102	LG14	22294077	0.0698
11749	LG14	22298004	0.0739
663	LG14	22324245	0.0089
13468	LG14	22542776	0.1323
19219	LG14	22548886	0.0967
19292	LG14	22568955	0.9707
1002	LG14	22855271	0.3471
1159	LG14	22877258	0.01
13322	LG14	23076947	0.0343
8885	LG14	23077035	0.1575
14266	LG14	23110841	0.0948
148	LG14	23216958	0.0265
24483	LG14	23231740	6e-04
20714	LG14	23463317	0.0438
16934	LG14	23734811	0.0254
6270	LG14	23746030	0.0941
19098	LG14	24096084	0.0333
12869	LG14	24287175	0.0251
1936	LG14	24505155	0.0481
3524	LG14	24505243	0.0781
2917	LG14	24703575	0.0951
3379	LG14	24722870	0.0696
17977	LG14	24906233	0.0983
12155	LG14	24906321	0.3074
9506	LG14	25014414	0.0142
18687	LG14	25020971	0.0601
13430	LG14	25158945	0.5661
4754	LG14	25213748	0.0076
10079	LG14	25560788	0.6874
12747	LG14	25735359	0.2695
17947	LG14	25735447	0.0699
3228	LG14	25824909	0.116
10821	LG14	25883171	0.2389
19231	LG14	25976208	0.0071
6360	LG14	26156845	0.0086
10086	LG14	26250657	0.1187
7952	LG14	26291480	0.1487
548	LG14	26573044	0.105
2429	LG14	26890038	0.2177
23694	LG14	27086884	0.6969
20070	LG14	27100953	0.0027
15623	LG14	27104520	0.0314
14992	LG14	27104608	0.0489
7698	LG14	27129721	0.1077
24801	LG14	27298761	0.0622
17490	LG14	27420218	0.287
22595	LG14	27451587	0.2684
4760	LG14	27989426	0.0367
1712	LG14	28035100	0.0219
21383	LG14	28071137	0.0613
22898	LG14	28147577	0.2238
12866	LG14	28684850	0.0807
3341	LG14	28893155	0.7361
2752	LG14	29071558	0.2009
18404	LG15	31666	0.3366
8727	LG15	1282872	0.0144
7559	LG15	1919932	0.1124
12233	LG15	2168412	0.0565
12099	LG15	2399558	0.0462
16457	LG15	3946906	0.0855
4413	LG15	4100436	0.0946
15401	LG15	4294985	0.0581
10539	LG15	4351655	0.0121
14473	LG15	4360609	0.012
23740	LG15	4420759	0.0189
7271	LG15	4420847	0.4398
7370	LG15	4576668	0.1822
12738	LG15	4776604	0.0938
6031	LG15	4924703	0.6074
11505	LG15	4956975	0.0979
2175	LG15	5358650	0.369
15274	LG15	5888323	0.0351
3523	LG15	5955032	0.9465
18075	LG15	6218214	0.9878
11947	LG15	7306164	0.1362
1722	LG15	7404476	0.0328
6244	LG15	7405534	0.1403
20400	LG15	7408576	0.1184
18583	LG15	7601977	0.0267
8527	LG15	7756968	-0.0017
10045	LG15	7792632	0.0858
14502	LG15	7810607	0.1093
20691	LG15	7901474	0.2902
4004	LG15	7912926	0.0146
23412	LG15	8051383	0.0209
12921	LG15	8126093	0.0069
860	LG15	8162379	0.0985
6938	LG15	8293172	0.0135
20908	LG15	8329374	-3e-04
18934	LG15	8332754	0.2144
6926	LG15	8356855	0.5096
20588	LG15	8372922	0.0877
13597	LG15	8387655	0.983
20017	LG15	8397570	0.5156
15850	LG15	8529809	0.0496
5636	LG15	8532891	0.0153
20546	LG15	8724721	0.021
10691	LG15	8792435	1e-04
1589	LG15	8882522	0.0235
10475	LG15	9190720	0.0591
23903	LG15	9410969	0.1614
20125	LG15	9544012	0.1267
8743	LG15	10299258	0.1165
1031	LG15	10603181	0.1449
4729	LG15	10706163	0.0634
20781	LG15	10765691	0.0076
16063	LG15	10787770	0.0426
23685	LG15	10818312	0.6859
17217	LG15	10839639	0.045
8955	LG15	10868462	0.3072
15508	LG15	10903474	0.0182
10076	LG15	10908966	0.0409
8601	LG15	10911179	0.6663
4000	LG15	11074597	0.0365
13316	LG15	11097840	0.1267
18858	LG15	11572233	0.0097
22410	LG15	12018193	0.0497
2607	LG15	12236853	0.0586
22087	LG15	12236939	0.0173
18662	LG15	12265718	0.0392
23827	LG15	12270324	0.043
7730	LG15	12292251	0.0169
9187	LG15	12299422	0.0516
23451	LG15	12323986	0.009
7138	LG15	12403451	0.0238
13209	LG15	12653317	0.0354
6969	LG15	12665066	0.3327
17708	LG15	13907715	0.1185
13242	LG15	13956318	0.0506
16480	LG15	14087189	0.2063
16520	LG15	14334485	0.1524
19965	LG15	14387770	0.0687
19393	LG15	14447479	0.2377
5264	LG15	14481775	0.0332
8301	LG15	14495834	0.0397
9228	LG15	14543912	0.0284
11552	LG15	14987505	0.0775
2967	LG15	15149144	0.3217
24036	LG15	15428650	0.0325
1560	LG15	15461179	0.3082
16535	LG15	15737628	0.0419
2813	LG15	16004593	0.0824
16599	LG15	16275261	0.0503
22615	LG15	16328025	0.0376
10742	LG15	16381554	0.0778
18621	LG15	16439929	-0.0014
7526	LG15	16449383	0.111
22954	LG15	16462762	0.0354
13860	LG15	16643517	0.0196
5590	LG15	16949205	0.05
21411	LG15	17013389	0.0371
12206	LG15	17049341	0.3165
4849	LG15	17083022	0.2902
22596	LG15	17133549	0.2634
88	LG15	17142273	0.0343
15507	LG15	17152729	0.0205
11841	LG15	17272691	0.024
1567	LG15	17339469	0.1659
7096	LG15	17339557	0.3307
8023	LG15	17442202	0.0244
1160	LG15	17477533	0.3782
2820	LG15	17496341	0.1483
14510	LG15	17519019	0.1023
19193	LG15	17580160	0.1783
22839	LG15	17946990	0.0409
1844	LG15	17981722	0.1079
13082	LG15	18002680	9e-04
974	LG15	18002768	5e-04
15398	LG15	18062209	0.0715
2127	LG15	18189153	0.0632
4578	LG15	18490187	1e-04
19971	LG15	18510285	0.0021
12709	LG15	18555128	0.0254
12425	LG15	18613652	0.0098
22129	LG15	18678206	0.0225
16384	LG15	18797867	0.0293
18089	LG15	18910824	0.0293
22889	LG15	19171896	0.3648
23886	LG15	19219373	0.0176
20061	LG15	19363735	0.1599
6319	LG15	19420916	0.0798
7083	LG15	19440584	0.0114
25087	LG15	19506489	0.0125
11789	LG15	19532910	0.043
4824	LG15	19559265	0.0129
11386	LG15	19591012	0.0299
8246	LG15	19655061	0.2782
8427	LG15	19711784	0.0243
20964	LG15	19751967	0.0762
5679	LG15	19847386	0.8135
23550	LG15	19942101	0.0046
19543	LG15	19969306	0.0156
20895	LG15	19993255	0.0398
6878	LG15	20381790	0.2402
9789	LG15	20443398	0.6897
10839	LG15	20569522	0.1289
24029	LG15	20569610	0.0104
597	LG15	20571696	0.0478
6417	LG15	20574788	-0.0018
12295	LG15	20811419	0.0594
19194	LG15	20966393	0.102
8788	LG15	20999563	0.1347
15869	LG15	21129965	0.0532
15326	LG15	21253119	0.1469
11433	LG15	21253207	0.0169
4079	LG15	21346221	0.0649
20672	LG15	21374181	0.8368
10756	LG15	21461663	0.2084
20023	LG15	21939601	0.0375
20568	LG15	22021243	0.0734
20649	LG15	22198330	0.0338
3849	LG15	22242308	0.3207
6658	LG15	22394483	0.5303
7223	LG15	22520795	0.1127
240	LG15	22676655	0.4029
7193	LG15	22684695	0.0349
10284	LG15	22995467	0.0615
3484	LG15	23057730	0.032
22789	LG15	23061083	0.2988
9354	LG15	23136934	0.2573
18191	LG15	23717326	0.1746
12070	LG15	23757783	0.0299
11133	LG15	24264749	0.3833
13607	LG15	24471470	0.0905
22759	LG15	24490271	0.9923
4852	LG15	24781633	0.0318
2850	LG15	24809063	0.0705
22794	LG15	24809886	0.4226
8759	LG15	24908542	0.0072
16966	LG15	25007035	0.0082
25025	LG15	25017358	0.0048
6996	LG15	25019581	0.022
2539	LG15	25129974	0.0047
12956	LG15	25165052	0.1455
17335	LG15	25184354	0.2502
12025	LG15	25246517	0.0425
24485	LG15	25286539	0.1894
11990	LG15	25370491	0.0735
25199	LG15	25487648	0.054
21071	LG15	25544457	0.077
1066	LG15	25606927	0.0219
17258	LG15	26153891	0.0199
142	LG16	348177	0.029
117	LG16	670282	0.976
13221	LG16	670370	0.978
2029	LG16	1408228	0.5731
6454	LG16	1542135	0.0583
7227	LG16	2099638	0.0949
17330	LG16	2265763	0.0075
24841	LG16	2273141	0.0246
13352	LG16	2319360	0.0259
11646	LG16	3719647	0.0164
21633	LG16	3885750	0.5057
22331	LG16	3984059	0.5792
6315	LG16	4018052	0.1404
19559	LG16	4031997	0.0584
22295	LG16	4288722	0.0912
25037	LG16	4413654	0.0114
19853	LG16	4413742	0.1689
23511	LG16	4694470	0.0271
3066	LG16	5085357	0.3003
5730	LG16	5110535	0.6269
2844	LG16	5617631	0.0028
3086	LG16	5738820	0.2409
20706	LG16	5823127	0.016
4841	LG16	6040999	0.0139
19890	LG16	6043725	0.0524
14380	LG16	6493538	0.0081
13600	LG16	6622274	-0.0019
20604	LG16	6738364	0.0281
11871	LG16	7631345	0.0322
15752	LG16	7650464	0.1428
8209	LG16	8038342	0.2025
11872	LG16	8113974	0.1014
25102	LG16	8142105	0.0055
23279	LG16	8142193	0.077
24219	LG16	8745678	0.2698
11843	LG16	8907544	0.0229
20525	LG16	8921702	0.0474
13083	LG16	8943019	-0.0018
6403	LG16	8943107	0.3639
14327	LG16	8985041	0.0682
17973	LG16	8994042	0.0891
13818	LG16	9080244	0.2032
2349	LG16	9310784	0.0153
13485	LG16	9342132	0.0316
23099	LG16	9663803	0.2616
17941	LG16	9896654	0.199
7134	LG16	9928551	0.0195
6925	LG16	10109560	0.0835
13533	LG16	10109648	0.0206
22286	LG16	10185157	0.012
6487	LG16	10711332	0.1725
24284	LG16	10938452	0.0679
14405	LG16	11024455	0.2151
11234	LG16	11625756	0.0049
23633	LG16	11778376	0.0459
605	LG16	11855044	0.0802
20742	LG16	11890175	0.0944
19910	LG16	12218491	0.128
9393	LG16	12409656	0.03
18864	LG16	12437489	0.0235
9100	LG16	12442275	0.0121
23724	LG16	12539489	0.0075
15528	LG16	13025420	0.4191
19146	LG16	13115937	0.207
9740	LG16	13248239	0.0327
18553	LG16	13433995	0.0859
13626	LG16	13642303	0.0091
2149	LG16	13928206	0.0816
735	LG16	14151077	0.99
8671	LG16	14413278	0.4917
14199	LG16	14420852	0.0814
17255	LG16	14444680	0.0877
7146	LG16	14444768	0.0052
20078	LG16	14766717	0.0532
1007	LG16	14981817	0.01
952	LG16	15094047	0.0423
21999	LG16	15198199	0.0085
19712	LG16	15208311	0.0157
11129	LG16	15293227	0.0121
16208	LG16	15615046	0.0142
19899	LG16	15751143	0.0292
11899	LG16	16177834	0.7379
10471	LG16	16729483	0.0267
24886	LG16	16745561	0.2618
19739	LG16	17279586	0.0733
19438	LG16	17321565	0.0865
5722	LG16	17321653	0.1279
23870	LG16	17425331	0.014
212	LG16	17455795	0.0285
10414	LG16	17455883	0.081
12925	LG16	17738268	0.016
12972	LG16	17979586	0.009
7571	LG16	18094498	0.0448
25252	LG16	18107414	0.0586
20681	LG16	18531270	0.0236
21376	LG16	18669407	0.1587
22689	LG16	18669495	0.041
3827	LG16	18742865	0.5711
9144	LG16	19012335	0.0074
14924	LG16	19012423	0.0464
16874	LG16	19137696	0.0124
3348	LG16	19834425	0.0587
17355	LG16	19918982	0.015
24935	LG16	20705280	0.4131
20230	LG16	20860046	0.6336
23758	LG16	21133818	0.2393
22657	LG16	21317227	0.117
391	LG16	21523873	0.0952
23321	LG16	21739038	0.0514
9682	LG16	21936621	0.6991
17104	LG16	21974523	0.0445
1596	LG16	22145857	0.0375
591	LG16	22280738	0.2606
6498	LG16	22280826	0.263
15165	LG16	22293396	0.0506
9872	LG16	22294421	0.0256
12824	LG16	22857426	0.0633
21554	LG16	22857513	0.0263
6877	LG16	23192196	0.0122
11476	LG16	23192284	0.0376
10342	LG16	23334848	0.0404
3659	LG16	23334936	0.0422
9289	LG16	23744969	0.3301
15235	LG16	23745057	0.0196
14852	LG16	23792477	0.9499
4192	LG16	23885047	0.0478
7537	LG16	24064939	0.0191
13774	LG16	24085921	0.0033
20399	LG16	24136086	0.3189
3406	LG16	24229115	0.0272
10425	LG16	24274630	0.005
7299	LG16	24335206	0.0183
13725	LG16	24533622	0.2935
2329	LG16	24549889	0.1266
11651	LG16	24628805	0.003
14006	LG16	24742755	0.1277
13297	LG16	24748163	0.0025
8019	LG16	24992183	0.3217
14719	LG16	24993048	0.0063
7490	LG16	25266093	0.0273
18651	LG16	25503962	0.1182
2118	LG16	25894782	0.0261
18678	LG16	26034933	0.1386
10232	LG16	26051334	0.0278
16352	LG16	26257743	0.2671
22719	LG16	26563582	0.0646
18990	LG16	26741031	0.1594
8206	LG16	26782565	0.0259
23413	LG16	26990205	0.158
20085	LG16	27127755	0.0857
5176	LG16	27148342	0.0555
5288	LG16	27216949	0.1177
8260	LG16	27304295	0.0309
12218	LG16	27383916	0.0806
5637	LG16	27428629	0.033
20551	LG16	27618250	0.0029
6602	LG16	27639940	0.0336
1738	LG16	27755689	0.164
24115	LG16	27776424	0.007
4108	LG16	27795973	0.0724
6835	LG16	27854868	0.0348
4352	LG16	27854956	0.0376
19994	LG16	27979524	0.1019
3865	LG16	28094621	0.102
3488	LG16	28100360	0.0235
4032	LG16	28482320	0.4802
19940	LG16	28505558	0.117
21905	LG16	28586581	-9e-04
24025	LG16	28685001	0.0063
20748	LG16	29407735	0.0101
4782	LG16	29902249	0.4145
23482	LG16	29902337	0.0737
24586	LG16	30057493	0.0333
6525	LG16	30168231	0.0127
2786	LG16	30316865	0.0903
19884	LG16	30787223	0.0995
13406	LG16	30901281	0.2116
19458	LG16	30927774	0.9351
376	LG17	491060	0.0347
25129	LG17	588319	0.0151
22813	LG17	945052	0.3234
2327	LG17	1002493	0.0056
9922	LG17	1142573	0.012
10840	LG17	2067492	0.852
25139	LG17	2245860	6e-04
13333	LG17	2707127	0.0573
18698	LG17	2748516	0.1502
16549	LG17	3102403	0.0292
3547	LG17	4126590	0.1096
8827	LG17	4130127	0.037
19772	LG17	4161952	0.9541
2353	LG17	4205312	0.056
2100	LG17	4283147	0.2724
377	LG17	4388510	0.2145
12054	LG17	4393620	-0.0015
18312	LG17	4416937	0.0541
22687	LG17	4417025	0.4192
25297	LG17	4720139	0.0658
23917	LG17	4750806	0.0049
5897	LG17	5256866	0.0996
2058	LG17	5380965	0.0336
2648	LG17	5506104	0.003
11859	LG17	5512636	0.0211
21336	LG17	5556158	0.0024
25366	LG17	5971781	0.0408
17325	LG17	6195355	0.8643
8816	LG17	6318548	0.0098
5973	LG17	6461537	0.344
21772	LG17	6468420	0.1246
14930	LG17	6469854	0.0727
9190	LG17	6640394	0.5584
11090	LG17	6752875	0.0444
15887	LG17	6752963	0.0091
13369	LG17	6882621	-9e-04
22868	LG17	7022931	0.0326
4549	LG17	7290454	0.0578
17436	LG17	7310136	0.687
1817	LG17	7587295	0.0266
11462	LG17	7614145	0.0122
24774	LG17	7625576	0.1248
3639	LG17	7633583	0.322
14979	LG17	8156150	0.3447
3601	LG17	8319369	0.0386
3680	LG17	8605809	0.86
6426	LG17	8751324	0.8141
14130	LG17	8854517	0.0419
2082	LG17	8854605	0.0101
8769	LG17	9185034	0.025
25103	LG17	9311094	0.0525
13196	LG17	9348149	0.4306
6533	LG17	9465918	0.0264
9833	LG17	10130791	0.1462
730	LG17	10130879	0.0248
11926	LG17	10408429	0.0086
22084	LG17	10466061	0.0351
23180	LG17	10475862	0.0672
419	LG17	10517407	0.4886
11574	LG17	10579200	0.0215
11027	LG17	10674849	0.0928
7869	LG17	10688746	0.001
17643	LG17	10830571	0.036
15229	LG17	10830659	0.204
14740	LG17	10865346	0.0727
12120	LG17	11202738	0.3814
19725	LG17	11204349	0.328
10560	LG17	11340830	0.029
21851	LG17	11697684	0.023
420	LG17	11891252	0.0578
8320	LG17	11946391	0.0332
12979	LG17	11969763	0.0066
2491	LG17	12103417	0.0203
23848	LG17	12182417	0.031
3939	LG17	12450113	0.1283
14143	LG17	13948333	0.1782
228	LG17	14007228	0.0237
17282	LG17	14093189	0.0497
21788	LG17	14129644	0.0161
9590	LG17	14394793	-0.0017
14714	LG17	14503970	0.0372
12636	LG17	15217183	0.0908
11337	LG17	15326186	0.1834
6100	LG17	15529893	0.0386
24840	LG17	15615212	0.0077
3822	LG17	15671266	0.3471
11964	LG17	15924327	0.1156
3378	LG17	15944429	0.0522
23493	LG17	16135309	0.0067
7367	LG17	16378214	0.6916
1734	LG17	16433379	0.0387
22323	LG17	16498976	0.0933
4734	LG17	16510645	0.3179
4097	LG17	16950745	0.0248
3328	LG17	16950833	0.0305
18594	LG17	17024401	0.2666
5189	LG17	17473894	0.0149
16880	LG17	18049624	0.0347
14045	LG17	18367227	0.0093
23645	LG17	18938718	-0.0016
14727	LG17	18986709	-0.0013
6870	LG17	18989918	0.3712
20837	LG18	599341	0.7185
6368	LG18	599429	0.7363
20419	LG18	665800	0.0294
23272	LG18	1075384	0.0967
9812	LG18	1096221	0.0162
8217	LG18	1681718	0.7836
6604	LG18	1703870	0.0052
11072	LG18	1753151	0.0532
15571	LG18	1896621	0.6288
15323	LG18	1928483	0.125
9247	LG18	1960035	0.0274
3120	LG18	1987451	0.0448
8183	LG18	2018315	0.0983
6500	LG18	2040940	0.1711
1205	LG18	2123484	0.0234
3561	LG18	2208393	0.1324
21596	LG18	2607432	0.5357
13304	LG18	2998800	0.0144
12322	LG18	3184470	0.0021
13521	LG18	3780258	0.0353
9640	LG18	3955603	0.5622
6187	LG18	4274680	0.0746
22348	LG18	4567412	0.0648
6860	LG18	4956850	0.1751
16011	LG18	4992066	0.0226
3175	LG18	5047498	0.009
18523	LG18	5958731	0.0791
9210	LG18	5958819	0.0137
24400	LG18	6018216	0.1133
287	LG18	6244277	0.5005
20500	LG18	6322989	0.0119
3460	LG18	6528272	0.8461
23727	LG18	6540727	0.8382
4892	LG18	6589478	0.0522
17097	LG18	6862613	0.6696
1711	LG18	6879063	0.0143
20385	LG18	7040191	0.0385
13505	LG18	7040279	0.2205
14997	LG18	7269364	0.0222
11454	LG18	7277678	0.1696
2998	LG18	7457147	0.0411
7209	LG18	7478963	0.0358
15754	LG18	7531815	0.0792
6230	LG18	7614232	0.3371
1660	LG18	7683702	0.0238
5452	LG18	7795023	0.1014
25046	LG18	7796759	0.1026
3825	LG18	8102874	0.0385
5606	LG18	8168863	0.0138
5398	LG18	8286073	0.0523
11113	LG18	8305419	0.0376
19141	LG18	8738997	0.0453
22690	LG18	8787872	0.0906
16933	LG18	8828592	0.1383
21647	LG18	8914446	0.0141
20321	LG18	8985599	0.0884
12705	LG18	9156806	0.4984
10440	LG18	9448091	0.9441
512	LG18	9558850	0.0014
8808	LG18	9852172	0.0401
16261	LG18	9852260	0.0592
10139	LG18	10073218	0.0035
6886	LG18	10393365	0.1162
3866	LG18	10794024	0.0317
10894	LG18	11058911	0.0919
14968	LG18	11175149	0.39
22788	LG18	11495314	0.6849
19537	LG18	11863017	0.0259
10151	LG18	11939298	0.1278
20928	LG18	12055207	0.7531
13237	LG18	12117320	0.0251
17624	LG18	12170837	0.0146
25511	LG18	12211572	0.0524
10921	LG18	12320425	0.0497
22858	LG18	12393921	0.003
18534	LG18	12493817	0.0109
17399	LG18	12589872	0.0367
6773	LG18	13092359	0.7611
3076	LG18	13129513	0.7678
18094	LG18	13222722	0.2716
24062	LG18	13591321	0.2707
11422	LG18	13594708	0.1064
17837	LG18	13681410	0.1514
22085	LG18	13692097	0.1624
13104	LG18	13752109	0.0073
6735	LG18	13764485	0.0391
21907	LG18	13803198	0.1752
23082	LG18	13862641	0.0639
13802	LG18	13884781	0.0948
6675	LG18	13914452	0.0388
7976	LG18	13994590	0.0628
4495	LG18	14023647	0.0973
4508	LG18	14305873	0.1633
5501	LG18	14588802	0.0456
15459	LG18	14866493	0.0864
18579	LG18	14957201	0.1507
6637	LG18	15123738	6e-04
5539	LG18	15263037	0.0465
20689	LG18	15486047	0.0113
6845	LG18	15567870	0.0975
1729	LG18	16054673	0.0234
17002	LG18	16070330	0.0202
3554	LG18	16220209	0.0108
9987	LG18	16244437	0.0265
15680	LG18	16785048	0.0257
25187	LG18	16918929	0.0989
22922	LG18	16948854	0.0422
23095	LG18	17155554	0.056
10761	LG18	17229667	0.0287
11520	LG18	17374494	0.1855
25296	LG18	17573131	0.0035
20997	LG18	17575333	0.0215
19513	LG18	17677192	0.0897
1020	LG18	17770636	0.8521
14765	LG18	17770724	0.2517
7023	LG18	17910715	0.0438
3261	LG18	18120527	0.0178
3566	LG18	18337381	0.0477
15248	LG18	18337469	0.0418
7847	LG18	18341285	0.0485
15185	LG18	18731251	0.0288
8606	LG18	18859511	0.0351
19181	LG18	18862777	0.6099
12242	LG18	18874747	0.1327
10595	LG18	19191660	0.0846
14909	LG18	19225818	0.2769
9156	LG18	19232226	0.0299
16931	LG18	19293340	0.0537
24478	LG18	19330205	0.8382
15207	LG18	19412597	0.1124
21666	LG18	19530417	0.1584
10760	LG18	19613888	0.0173
23494	LG18	19645350	0.0677
15419	LG18	19657777	0.0249
20517	LG18	19923264	0.1676
24698	LG18	19941705	0.0095
15488	LG18	19946164	0.0343
13338	LG18	20235757	0.0696
13124	LG18	20374201	0.1092
4176	LG18	20408482	-0.0015
14641	LG18	20610762	0.0218
21289	LG18	20707834	0.2204
17923	LG18	20853640	0.0274
16178	LG18	21410134	0.0483
24407	LG18	21802361	0.1005
20382	LG18	22104721	0.2776
14174	LG18	22110953	0.0208
18149	LG18	22171134	0.0696
6065	LG18	22189991	0.0449
5766	LG18	22502477	0.0926
13152	LG18	22541017	0.9146
11951	LG18	22543425	0.9247
8517	LG18	22543513	0.0212
19630	LG19	80778	0.0353
17552	LG19	178221	0.4651
10620	LG19	1053140	0.7378
19235	LG19	1397333	0.1071
4062	LG19	1676774	0.8892
3834	LG19	2026203	0.0956
422	LG19	2645644	0.0268
14371	LG19	2649246	0.0149
2623	LG19	2707850	0.0292
24891	LG19	2930447	0.0123
13501	LG19	2930535	0.0099
7421	LG19	3097487	0.0631
2399	LG19	3269647	0.0118
22830	LG19	3310600	0.1086
13857	LG19	3501506	0.2938
17619	LG19	3547506	0.1371
5935	LG19	3809995	0.046
9331	LG19	4094309	0.0929
12294	LG19	4553077	0.5399
7647	LG19	4764986	0.0698
16560	LG19	5063117	0.0122
6492	LG19	5269679	0.6698
5617	LG19	5461515	0.0756
139	LG19	5505913	0.0361
6677	LG19	5644692	0.2139
14550	LG19	5644780	0.2599
5137	LG19	5823389	0.021
888	LG19	5854828	0.1447
25060	LG19	6221949	0.0151
7828	LG19	6872835	0.7407
23618	LG19	7131019	0.0262
15805	LG19	7169435	0.0155
6563	LG19	7243278	0.0241
22653	LG19	7855618	0.0167
768	LG19	7893544	0.0561
13856	LG19	8072076	0.044
25208	LG19	8213158	0.0128
18741	LG19	8595624	0.9882
13220	LG19	9222714	0.9965
12068	LG19	9420848	0.1736
9168	LG19	9468369	0.0957
8150	LG19	9468457	0.0076
13908	LG19	9585128	0.0066
2038	LG19	9585216	0.0896
24955	LG19	9644125	0.1495
25065	LG19	9758371	0.033
1770	LG19	9781979	0.0527
3186	LG19	9805870	0.7457
19241	LG19	10009059	0.6202
8747	LG19	10319156	0.1192
10979	LG19	10854621	0.0709
17070	LG19	11077729	0.414
22621	LG19	11606651	0.2756
6899	LG19	11783148	0.0647
13982	LG19	11889636	0.0107
4744	LG19	11917050	0.2272
14475	LG19	12036721	0.0548
22126	LG19	12047075	0.0286
25624	LG19	12075773	0.1688
19679	LG19	12150283	0.2966
183	LG19	12157293	0.1302
19269	LG19	12258877	0.0517
9326	LG19	12260534	0.5792
23278	LG19	12663018	0.0767
7333	LG19	12679218	0.0282
3061	LG19	12728793	0.1689
23858	LG19	12740514	0.0935
694	LG19	13093143	0.0403
4536	LG19	13287200	0.0701
7335	LG19	13457677	0.0764
4187	LG19	14116914	0.0922
6408	LG19	14198859	0.0316
11190	LG19	14330578	0.9899
17635	LG19	14330666	0.1098
4661	LG19	14510561	0.0415
901	LG19	14535981	0.013
9054	LG19	14616405	0.0219
8690	LG19	14692145	0.6023
19854	LG19	14775984	0.4101
8414	LG19	14776072	0.1183
3351	LG19	15047198	0.326
12541	LG19	15079031	0.0456
12184	LG19	15296445	0.0148
5995	LG19	15587543	0.3253
3416	LG19	15655291	0.1172
6248	LG19	16037056	0.2781
13892	LG19	16044478	0.0067
3309	LG19	16194987	0.2899
8067	LG19	16381195	0.0341
23432	LG19	16382989	0.0423
20670	LG19	16492281	0.228
15598	LG19	16515016	0.1996
6962	LG19	17900522	0.8011
13773	LG19	17987535	0.0753
13693	LG19	18386627	0.76
24279	LG19	18761611	0.0687
2709	LG19	18872684	0.0667
16211	LG19	18910262	0.0301
21317	LG19	18962587	0.0674
5534	LG19	19103458	0.2686
21826	LG19	19574950	0.0289
12309	LG19	19586926	0.2775
18804	LG19	19636844	-0.0011
19011	LG19	19746275	0.1256
15968	LG19	19746363	0.0135
14783	LG19	19801598	-0.0016
17128	LG19	19855741	-0.0011
11686	LG19	20003266	0.0194
6443	LG19	20268119	0.1752
3754	LG19	20346480	0.0362
10199	LG19	20452984	0.1703
3946	LG19	20490861	0.0529
6960	LG19	20652306	0.0029
18222	LG20	58339	0.0147
22791	LG20	406559	0.2007
22284	LG20	406647	0.0903
11609	LG20	677054	0.0871
17522	LG20	894030	0.0352
6333	LG20	1257328	0.0365
12895	LG20	1297463	0.1164
19731	LG20	1842228	0.0122
14247	LG20	1842713	0.0421
16492	LG20	1852056	0.0227
24158	LG20	1953008	0.0367
9131	LG20	2330881	0.0318
23891	LG20	2777879	0.1369
4499	LG20	2829965	0.0182
5562	LG20	3274663	0.5578
12332	LG20	3304957	0.0527
11262	LG20	3439675	0.0219
19066	LG20	3439763	0.3136
25009	LG20	3492816	0.983
644	LG20	4187239	0.1017
23920	LG20	4206449	0.2169
22941	LG20	4347686	0.2368
20186	LG20	4366727	0.0169
12277	LG20	4368395	0.4512
4070	LG20	4384499	0.018
14117	LG20	4500729	0.8928
6279	LG20	4903810	0.1779
3900	LG20	4903898	0.2026
23026	LG20	5077173	0.5306
425	LG20	5151213	0.3674
5116	LG20	5151301	0.0354
4172	LG20	5165816	0.0164
19061	LG20	5261601	0.0598
20372	LG20	5687024	0.0911
1452	LG20	5697820	0.0808
23575	LG20	5716729	0.0316
14049	LG20	5750166	0.0771
15251	LG20	5763678	0.01
5334	LG20	5780115	0.0503
10530	LG20	5796135	0.0463
22409	LG20	5968841	0.0123
21119	LG20	6179252	0.0487
9565	LG20	6360309	0.1631
7252	LG20	6464030	0.1071
18641	LG20	6528477	0.0664
1323	LG20	6539707	0.1913
10711	LG20	6584996	0.1027
1285	LG20	6673367	0.1772
10529	LG20	6701710	0.4714
12213	LG20	6716434	0.0288
15808	LG20	6786084	0.3678
9726	LG20	6963568	0.0022
16812	LG20	7395212	0.0097
8915	LG20	7955725	0.013
12432	LG20	8137103	0.035
21762	LG20	8139735	0.0326
24691	LG20	8312312	0.0275
9855	LG20	8445572	0.0521
769	LG20	8455617	0.0081
2880	LG20	8455705	0.1037
18028	LG20	8934802	0.0367
4066	LG20	8942881	0.0236
380	LG20	8995844	0.0772
16458	LG20	9073013	0.1573
3405	LG20	9196469	0.1945
12320	LG20	9208037	0.8783
3019	LG20	9261701	0.6028
12520	LG20	9309314	0.1028
24	LG20	9392547	0.0168
19633	LG20	9543982	0.0188
19541	LG20	9594475	0.0741
5654	LG20	10038052	0.8513
786	LG20	10305701	0.0219
10732	LG20	10708777	-7e-04
11146	LG20	10708865	0.6587
15373	LG20	10902738	0.8401
8534	LG20	10902826	0.8553
54	LG20	10911887	0.9409
6576	LG20	11159306	0.0745
14059	LG20	11201299	0.0491
7603	LG20	11490090	0.0343
19294	LG20	11627795	0.0312
16908	LG20	11658627	0.2172
21097	LG20	11746796	0.015
22336	LG20	12477427	0.0298
1469	LG20	12562983	0.1139
18793	LG20	12594969	0.0571
15531	LG20	13226742	0.0421
22001	LG20	13259719	0.0181
3138	LG20	13442555	0.0278
5155	LG20	13444345	0.3933
19758	LG20	13703430	0.0889
1229	LG20	13703518	0.0927
17475	LG20	13890554	0.06
18306	LG20	14082430	0.1357
23331	LG20	14544825	0.0134
2417	LG20	14555094	0.1832
1197	LG20	15002118	0.1378
21100	LG20	15135577	0.0369
15614	LG20	15153259	0.0304
14311	LG20	15345806	0.2263
12639	LG20	15594600	0.011
19070	LG20	15779831	0.0233
10160	LG20	15783678	0.2517
24005	LG20	16265452	0.0071
6947	LG20	16306049	0.0243
19304	LG20	16370657	0.6444
25052	LG20	16846288	-0.0019
7992	LG20	17181919	0.0103
18770	LG20	17297175	0.0599
10836	LG20	17324031	0.064
13412	LG20	17416654	0.981
298	LG20	17936497	0.0342
17826	LG20	17981362	0.0464
22984	LG20	18502803	0.0541
9085	LG20	18816719	0.1032
22423	LG20	19010849	0.0398
22790	LG20	19049447	0.0048
23520	LG20	19109947	0.071
16690	LG20	19503177	0.0254
5148	LG20	19627680	0.1723
20239	LG20	19669429	0.0251
18142	LG20	19914321	0.1781
21748	LG20	20065316	0.7817
1254	LG20	20099558	0.1202
9563	LG20	20191387	0.0588
1092	LG20	20701546	0.0075
14764	LG20	20813925	0.039
1926	LG20	20827715	0.0311
4766	LG20	21148698	0.0098
22306	LG20	21312840	0.0343
25286	LG20	21677336	0.0235
10568	LG20	21700706	0.0357
1000	LG20	21700794	0.0128
14236	LG20	21758312	0.3558
9970	LG20	21800201	-0.0015
594	LG20	21987431	0.0777
15293	LG20	22046387	0.3058
7127	LG20	22112286	0.4898
13641	LG20	22149764	0.1675
2497	LG20	22149852	0.1004
4939	LG20	22418798	0.0542
9355	LG20	22453977	0.8805
8642	LG20	22696666	0.0076
6026	LG20	22696754	0.0555
23747	LG20	22803965	0.0251
3023	LG20	23059969	0.1456
18835	LG20	23406232	0.355
11889	LG20	23418653	0.2033
9218	LG20	23516462	0.0546
15667	LG20	23656667	0.4284
11580	LG20	23814200	0.235
10738	LG20	24076299	0.4148
11441	LG21	86016	0.9879
16858	LG21	330607	0.0488
23364	LG21	1951878	0.9102
17237	LG21	2997516	0.0116
4541	LG21	3250882	0.7104
20543	LG21	3250970	0.0415
17298	LG21	3252770	0.167
3420	LG21	3313349	6e-04
1911	LG21	3578040	0.3807
992	LG21	3580050	0.032
20795	LG21	3588758	0.2692
10676	LG21	3879500	0.0118
21433	LG21	3980809	0.0241
19	LG21	4032093	0.0236
8471	LG21	4831712	0.591
21996	LG21	4890359	0.0958
9134	LG21	5010586	0.0222
9079	LG21	5024714	0.0325
8514	LG21	5112341	0.049
18063	LG21	5119377	0.01
11443	LG21	5151457	0.0331
24292	LG21	5281194	0.0145
15306	LG21	5307455	0.026
8026	LG21	5322559	0.0264
17350	LG21	5322647	0.0075
535	LG21	5362930	0.0496
7789	LG21	5373123	0.0084
4570	LG21	5426321	0.0976
20532	LG21	5502111	0.3024
3797	LG21	5722754	0.045
3303	LG21	6035264	0.0267
14213	LG21	6057118	0
6988	LG21	6125777	0.3603
14741	LG21	6153416	0.0467
24471	LG21	6153504	0.0455
24454	LG21	6228229	-0.0014
673	LG21	6249646	0.1042
10226	LG21	6811994	0.3586
17192	LG21	6931837	0.1328
24510	LG21	7237527	0.086
15610	LG21	7275660	0.1543
5765	LG21	7389806	0.1041
3000	LG21	7459198	0.0148
10552	LG21	7506255	0.205
16963	LG21	7542984	0.1334
8840	LG21	7607298	0.5553
16	LG21	7743712	0.0236
15039	LG21	7743800	-0.0019
11846	LG21	7885294	0.0405
10576	LG21	8043328	0.0206
5001	LG21	8264744	0.0173
2694	LG21	8442668	0.0342
19138	LG21	8586005	0.2247
12775	LG21	8664788	0.0936
700	LG21	9085847	0.0118
18471	LG21	9085935	0.1398
8586	LG21	9106710	0.0485
4214	LG21	9121607	0.0908
2677	LG21	9477851	0.0667
15527	LG21	9637925	0.0548
463	LG21	9638567	0.0806
24309	LG21	9666423	0.2485
21559	LG21	9696329	0.0587
4207	LG21	9732870	0.2132
25322	LG21	9733879	0.0597
17254	LG21	9839979	0.0206
805	LG21	9856598	0.1996
19022	LG21	9959989	0.0473
6028	LG21	10135672	0.4594
2135	LG21	10135760	0.5796
9852	LG21	10137258	0.3646
10441	LG21	10658867	0.2527
9865	LG21	10935303	0.0333
9964	LG21	10996710	0.0121
11268	LG21	11120561	0.0131
3902	LG21	11188757	0.3718
18476	LG21	11674406	0.9673
24994	LG21	12031059	0.2335
3501	LG21	12112127	0.1532
5169	LG21	12135222	0.0219
8831	LG21	12302764	0.2611
1933	LG21	12444588	0.7061
17116	LG21	12548555	0.0397
3298	LG21	12713994	0.3339
13518	LG21	12948521	0.9361
2456	LG21	13077508	0.0982
22240	LG21	13083088	0.0265
24433	LG21	13109523	0.0843
10501	LG21	13147913	0.0284
3342	LG21	13232316	0.6122
24980	LG21	14333627	-0.0019
10953	LG21	14345198	0.0522
4033	LG21	14840975	0.0093
6721	LG21	14929531	0.042
18047	LG21	15162360	0.0489
1503	LG21	15279223	0.3416
4036	LG21	15316907	0.1032
13552	LG21	15321811	0.1419
19821	LG21	15631628	0.0999
20688	LG21	15905567	0.0118
18512	LG21	15913059	0.0125
6085	LG21	15957906	0.6823
17523	LG21	16251869	0.3307
3867	LG21	16251957	0.0894
9192	LG21	16443926	-3e-04
23252	LG21	16931771	0.0185
7688	LG21	17537300	0.3756
6314	LG21	17634614	0.0728
10785	LG21	17775041	0.9627
5632	LG21	17876423	0.0786
12506	LG21	17973510	0.0345
3	LG21	18027708	0.0142
746	LG21	18110489	0.026
12430	LG21	18156381	0.027
8409	LG21	18330944	-0.0017
17382	LG21	18336350	0.028
3600	LG21	18337123	0.0438
4148	LG21	18381376	0.1361
3622	LG21	18382081	0.2049
19039	LG21	18411991	0.01
6126	LG21	18946600	0.0077
23613	LG21	19382634	0.0301
21152	LG21	19559785	0.0597
2601	LG21	19584532	0.0873
7988	LG21	19601801	0.5554
7703	LG21	19625156	0.2663
2261	LG21	19768537	0.0819
3855	LG21	19913962	0.0155
17578	LG21	19954312	0.0168
19650	LG21	20367923	0.0603
16059	LG21	20400508	0.0427
21833	LG21	20406551	0.3645
5923	LG21	20491767	0.069
24031	LG21	20491855	0.0177
17860	LG21	20577949	0.0654
14902	LG21	20674646	0.0192
19666	LG21	20790620	0.0122
14221	LG21	20827935	0.0243
8867	LG21	20949290	0.011
18581	LG21	21143845	0.397
3043	LG21	21161935	0.3114
12458	LG21	21179787	0.1398
4257	LG21	21235457	0.0426
13218	LG21	21326887	0.2826
12049	LG21	21822616	0.0317
13574	LG21	21915733	0.0235
2769	LG21	21919607	0.021
21920	LG21	21956905	0.1038
16615	LG21	22174957	0.0121
12255	LG21	22222499	0.0424
9323	LG21	22259790	0.1364
21558	LG21	22420803	0.2147
2762	LG22	122447	0.1391
16563	LG22	138954	0.0116
4280	LG22	357359	0.0337
18480	LG22	407663	0.0165
18398	LG22	1046541	0.5372
23429	LG22	1779035	0.3455
160	LG22	2265503	0.0143
12537	LG22	2287224	0.0326
19384	LG22	2473590	0.0076
15948	LG22	2521856	0.0871
9184	LG22	2675465	0.2269
3780	LG22	2810555	0.5722
8530	LG22	3244164	0.0174
951	LG22	3422278	0.1433
10150	LG22	3525998	0.0122
23351	LG22	3637554	0.7648
24664	LG22	3891485	0.2309
18318	LG22	3971952	0.0303
6566	LG22	4033916	0.0052
15841	LG22	4037240	0.0991
23950	LG22	4037329	0.0079
11469	LG22	4116742	0.217
6318	LG22	4155074	0.2397
5273	LG22	4266854	0.0253
6617	LG22	4318361	9e-04
6388	LG22	4388180	0.277
23060	LG22	4424955	0.0649
17512	LG22	4444450	0.136
15098	LG22	4547122	0.0518
5016	LG22	4547210	0.0617
23441	LG22	4571253	0.0153
16577	LG22	4572970	0.0212
22905	LG22	4615278	0.0439
18331	LG22	4794432	0.0012
16037	LG22	4808953	0.0077
13608	LG22	4982979	0.0183
5516	LG22	5381422	0.3983
19050	LG22	5557857	0.0587
11367	LG22	5685661	0.0758
6306	LG22	5816842	0.0697
15267	LG22	5820699	0.1466
24544	LG22	5932831	0.0094
7192	LG22	5979214	0.0392
23152	LG22	6027789	0.0189
613	LG22	6028173	0.0046
17021	LG22	6109204	0.3079
21924	LG22	6202798	0.0301
21148	LG22	6221316	0.0633
5891	LG22	6395073	0.0262
1294	LG22	6705225	0.1053
21084	LG22	7012706	0.3729
20242	LG22	7133742	0.1719
4404	LG22	7532382	0.0138
18881	LG22	7620032	0.0156
14466	LG22	7681962	0.0121
20466	LG22	7682050	0.0244
2950	LG22	7744666	0.0295
6802	LG22	7924236	0.7756
23922	LG22	8131824	0.1829
4458	LG22	8231118	0.0102
14269	LG22	8484813	0.0124
13712	LG22	8763501	0.069
24742	LG22	8820938	0.0521
4174	LG22	9047081	0.0123
4081	LG22	9230244	0.3913
9418	LG22	9230332	0.0059
17004	LG22	9292673	0.0229
17131	LG22	9318448	0.3699
4039	LG22	9367737	0.0704
20082	LG22	10123107	0.0726
6983	LG22	10201369	0.2565
3413	LG22	10670043	0.0144
25162	LG22	10693061	0.1091
8794	LG22	10702141	0.1445
19286	LG22	10702229	0.0133
5387	LG22	10727070	0.076
20462	LG22	10749043	0.1886
22899	LG22	10850682	0.1246
24986	LG22	10906649	0.1336
23627	LG22	11043718	0.0428
22022	LG22	11180967	-5e-04
22061	LG22	11222389	0.0123
17890	LG22	11257372	0.1868
21537	LG22	11444989	0.3768
1739	LG22	11675953	0.0165
9211	LG22	11875758	0.8248
1253	LG22	11919118	0.011
14171	LG22	12059848	0.0457
23361	LG22	12129202	0.0373
23721	LG22	12306044	0.047
12736	LG22	12325865	0.0174
4775	LG22	12376372	0.0143
13934	LG22	12595462	0.052
2206	LG22	13391318	0.1978
792	LG22	13579970	0.0776
6565	LG22	13653995	0.8538
17600	LG22	13696297	0.1571
13531	LG22	14090530	0.1479
14592	LG22	14345474	0.6165
9610	LG22	14641840	0.1312
20312	LG22	14743419	0.0179
5030	LG22	15046804	0.0295
20835	LG22	15230255	0.0447
8056	LG22	15240992	0.0068
22406	LG22	15374292	0.0293
7206	LG22	16046449	0.5736
22349	LG22	16115335	0.2575
5035	LG22	16170968	0.0858
2554	LG22	16243903	-0.0015
1349	LG22	16461504	0.0377
6989	LG22	16484663	0.0517
2718	LG22	16526905	0.0253
9705	LG22	16598331	0.0185
10316	LG22	16614805	0.1787
11565	LG22	16696270	0.1806
1889	LG22	17138763	0.0625
19502	LG22	17169193	0.1379
7583	LG22	17211593	0.1286
11144	LG22	17277163	0.0026
17615	LG22	17373299	0.0719
16393	LG22	17716788	0.0098
10134	LG22	18177595	0.0177
11611	LG22	18943071	0.4646
8484	LG22	19029332	0.0977
525	LG22	19123984	0.1115
3196	LG22	19156479	5e-04
12937	LG22	19236552	0.0639
11537	LG22	19413456	0.0123
24734	LG22	19495640	0.0055
6913	LG22	19647984	0.0627
12711	LG22	19701486	0.0228
4759	LG22	19809786	0.0062
647	LG22	19872092	-0.002
22364	LG22	19950094	0.0413
20374	LG22	19950182	0.0415
23502	LG22	20045959	0.0186
9275	LG22	20046047	0.0377
16745	LG22	20148987	0.0072
5813	LG22	20191001	0.0131
8289	LG22	20459822	0.2609
14296	LG22	20639374	0.0123
13379	LG22	21235782	0.0305
18065	LG23	23935	0.3206
4539	LG23	192827	0.9613
2382	LG23	570487	0.0444
22328	LG23	688488	0.1033
2947	LG23	939621	0.0864
1939	LG23	947149	0.5842
20486	LG23	1216584	0.0526
22386	LG23	1332557	0.1347
16861	LG23	1366855	0.127
4217	LG23	1421669	0.0258
25365	LG23	1422603	0.0764
17461	LG23	1562639	0.0685
1969	LG23	1571051	0.0094
5776	LG23	1598146	0.0715
22242	LG23	1656399	0.2619
3499	LG23	1731017	0.4889
14115	LG23	1801745	0.0352
23608	LG23	2056660	0.2205
24671	LG23	2294854	0.0135
5673	LG23	2607933	0.0297
2498	LG23	2830661	0.1141
9886	LG23	2904649	0.0346
862	LG23	3032160	0.0454
14710	LG23	3145700	0.0327
6816	LG23	3208908	0.0476
4332	LG23	3521287	0.1311
12568	LG23	3548982	0.0306
9415	LG23	3879604	0.4979
18243	LG23	3883723	0.5168
4599	LG23	4023710	0.0729
14075	LG23	4746307	0.1334
14305	LG23	4802793	0.9527
8554	LG23	4965463	0.0083
5744	LG23	5048977	0.1398
14922	LG23	5120488	0.0404
5431	LG23	5415195	0.0166
22842	LG23	5489707	0.1777
5586	LG23	5729686	0.0404
15780	LG23	5975215	0.9034
24136	LG23	6885062	0.1157
17917	LG23	6910701	0.017
13656	LG23	6939776	0.0406
11343	LG23	6939864	0.1154
8936	LG23	7449359	0.7711
13756	LG23	7751151	0.0606
25244	LG23	7799122	0.058
5633	LG23	7996770	0.0417
6953	LG23	8013738	0.0341
17892	LG23	8025224	0.0197
630	LG23	8025312	0.0212
24265	LG23	8127529	0.0344
12886	LG23	8197999	0.0882
10928	LG23	8351205	0.3973
392	LG23	8351293	0.044
14913	LG23	8352641	0.2168
6080	LG23	8352729	0.311
25016	LG23	8661380	0.0406
13432	LG23	8664423	0.085
15122	LG23	8708221	0.0046
4159	LG23	9262983	0.035
15171	LG23	9283213	0.0193
5437	LG23	9601195	0.0085
5538	LG23	9616094	0.1137
16231	LG23	9724724	0.2642
16517	LG23	9899809	0.854
11675	LG23	9980807	0.0769
15796	LG23	10082796	0.0418
23914	LG23	10085963	0.1885
5662	LG23	10116938	0.4887
22449	LG23	10287740	0.0098
6846	LG23	10359919	0.0528
16180	LG23	10509126	0.0315
7216	LG23	11281788	0.0171
16098	LG23	11428544	0.3847
25526	LG23	11553944	0.062
13620	LG23	11685815	0.0098
24232	LG23	11789069	0.1
10598	LG23	11912700	0.1314
899	LG23	11912788	0.1049
23426	LG23	12507419	0.0051
10319	LG23	12543949	0.0206
12555	LG23	12601838	0.0685
21003	LG23	12820690	0.1023
1407	LG23	12976106	0.2248
15958	LG23	12977353	0.0165
25035	LG23	13028725	0.0709
7697	LG23	13180325	0.2057
23534	LG23	13337311	0.035
16748	LG23	13575352	0.6043
2564	LG23	13632032	0.1898
5570	LG23	13796931	0.1474
14532	LG23	13828739	0.1188
19768	LG23	13992374	0.1205
21786	LG23	14033295	0.0494
13650	LG23	14136677	0.9289
2603	LG23	14392966	0.194
18938	LG23	14589392	0.8118
3238	LG23	14600916	0.0627
11761	LG23	14775625	0.9829
21863	LG23	14840096	0.637
739	LG23	14881136	0.0091
13462	LG23	14995379	0.0241
5310	LG23	15000836	0.0259
21573	LG23	15103569	0.028
25588	LG23	15469782	0.0231
2251	LG23	15597949	0.0464
3814	LG23	16003346	0.3126
14491	LG23	16153727	0.0225
10236	LG23	16472284	0.0285
6638	LG23	16622970	0.0385
12600	LG23	16671202	0.1196
941	LG23	16779334	0.2468
16865	LG23	16865370	0.0205
10498	LG23	16901532	0.0119
23991	LG23	17085654	0.1475
11336	LG23	17114644	0.3323
2985	LG23	17166837	0.1787
671	LG23	17377949	0.0328
5952	LG23	17392054	0.0115
16902	LG23	17396584	0.1013
21798	LG23	17398726	0.1269
12615	LG23	17463133	0.2391
5201	LG23	17880932	-0.0015
5227	LG23	17985491	0.0386
8149	LG23	18211048	0.172
16654	LG23	18467308	0.044
7620	LG23	18579738	0.0026
7283	LG23	18658490	0.0438
12758	LG23	18804744	0.0186
10675	LG23	19071795	-4e-04
3356	LG23	19265074	0.0275
23124	LG23	19544808	0.0413
16157	LG23	19649645	0.1758
23156	LG23	19718731	0.0171
3894	LG23	19738781	0.0099
20083	LG23	19876950	0.6156
15560	LG23	19944389	0.0141
14591	LG23	20521916	0.0917
17971	LG23	20868446	0.0235
10514	LG23	21207956	0.0603
7048	LG23	21266614	0.4924
6329	LG23	21886964	0.0042
12559	LG23	21947173	0.0814
10445	LG23	22081947	0.0169
13960	LG23	22378723	0.0146
13523	LG23	22378811	0.7776
17899	LG23	22636068	0.1636
10820	LG23	22823800	0.0456
22923	LG23	22909679	0.9856
7754	LG23	22966482	0.468
2751	LG23	22985440	0.0171
