Locus
5
54
117
198
220
348
364
367
490
617
735
765
1020
1571
1881
2196
2446
2735
2974
2990
3096
3460
3523
3708
3776
3875
4062
4365
4402
4539
4747
4834
4905
5011
5333
5336
5464
5562
5654
6031
6220
6429
6526
6631
6660
7046
7214
7313
7328
7545
7690
7940
8033
8086
8124
8194
8277
8499
8525
8534
8569
8820
9158
9211
9251
9355
9456
9714
9717
9896
10022
10079
10440
10460
10730
10785
10828
10840
11019
11146
11190
11479
11509
11569
11736
11759
11761
11899
11951
12017
12254
12320
12384
12693
12810
13107
13152
13221
13518
13597
13650
13693
14117
14305
14626
14720
14810
14852
15373
15471
15473
15573
15677
15748
15780
16121
16456
16517
17016
17097
17267
17325
17497
17670
17825
17835
17870
18043
18075
18476
18615
18741
18938
19360
19458
19735
19772
20128
20154
20446
20473
20586
20719
20928
21419
22563
22800
22923
23057
23203
23271
23364
23402
23449
23503
23650
23685
23944
24451
24478
24643
24751
24985
25009
25225
25416
25638