Locus	Fst
23990	0.1393
16074	0.0677
17526	0.3381
23448	0.0580
4025	0.0374
11546	0.1481
11547	0.2091
11548	0.1874
22663	0.1617
23445	0.3646
11385	0.0099
8805	0.0397
5980	0.2970
5987	0.1369
17523	0.3373
24713	0.0268
348	0.9109
19377	0.4395
19371	0.2269
25065	0.0228
12701	0.0611
12705	0.5573
22003	0.2471
22007	0.0326
6797	0.1690
10965	0.0554
6795	0.0462
4736	0.1902
2310	0.2077
23449	0.9028
5851	0.2764
25662	-0.0040
297	0.0854
292	0.3045
3680	0.8535
21107	0.0853
25289	0.2649
25286	0.8703
16490	0.2151
19971	0.0071
13547	0.2950
16709	0.0129
22710	0.1216
16255	0.1502
25444	0.5058
25445	0.9918
25446	0.0466
4836	0.4932
22719	0.0603
22718	0.0082
18188	0.4678
22488	0.1832
11769	0.1112
25594	0.0104
1132	0.1177
11762	0.1496
17252	0.1639
17255	0.0677
20744	0.0963
2446	0.8999
17038	0.8136
24886	0.2430
7861	0.1312
101	0.3683
21613	0.3888
4810	0.5593
11089	0.1781
21290	0.7023
9416	0.4073
11611	0.4720
12122	0.0404
6374	0.1568
12124	0.5459
11618	0.0394
6377	0.2484
20520	0.0715
10414	0.0744
11947	0.1283
11945	0.0356
14134	0.0250
10419	0.1933
14137	0.1003
9630	0.1462
2638	0.0306
16925	-0.0056
14628	0.0269
24871	0.1307
9744	0.0690
93	0.3566
10568	0.3612
9749	0.0716
21437	-0.0067
1995	0.1476
22813	0.2876
1629	0.0397
3208	0.1649
13059	0.0568
13052	0.0278
21251	0.0268
8831	0.2481
18925	0.1771
18703	0.2373
2866	0.0937
14715	0.8016
15661	0.0186
15667	0.4444
7671	0.1930
20259	0.2050
3342	0.6033
5451	0.0513
7077	0.7220
21709	0.0015
21708	0.0353
1753	0.0780
1176	0.4965
15910	0.1074
8165	0.1030
16902	0.0544
23055	0.3863
13941	0.0328
23051	0.0224
5532	0.1904
5538	0.1597
1285	0.1802
14405	0.2643
11162	0.0964
1578	0.5803
7187	0.0086
23619	0.2051
8019	0.3080
23612	0.1069
22954	0.0336
8543	0.4455
23614	0.4978
10761	0.0315
6570	0.3218
7452	0.8657
4380	0.6016
5622	0.4821
23870	-0.0012
8499	0.8294
7698	0.0754
23127	0.0863
23290	0.0507
3832	0.0712
3833	0.0674
18938	0.8557
23478	0.6811
13720	0.1980
10480	0.4849
4032	0.4829
10880	0.0470
11576	0.1462
12878	0.1292
11378	0.0204
11375	0.0381
11376	0.0840
5661	0.0106
19387	0.0147
379	0.0419
6532	0.5986
19360	0.9421
16665	-0.0005
25055	0.0788
391	0.0496
390	0.1593
6147	0.1037
23848	0.0218
6144	0.7638
22013	0.1419
22011	0.0041
23872	0.0345
6926	0.4906
21470	0.0463
13610	0.1436
4720	0.0428
5845	0.1802
25612	0.1878
25615	0.0055
25616	-0.0009
25618	0.0104
11286	0.3211
17629	0.0143
22706	0.1629
16718	0.1472
22701	0.6233
25431	0.3084
19965	0.0666
19967	0.0446
16712	0.4806
25125	0.0832
25436	-0.0009
16179	0.0254
23685	0.6786
12005	-0.0027
20570	0.0621
11591	0.1602
20731	0.8321
9530	0.0004
25545	0.0019
25546	0.0677
7854	0.6078
25542	0.0018
24895	0.0784
21603	0.5926
25522	0.0065
2052	0.6952
4536	0.0673
13441	0.3547
4823	0.1303
21280	0.0111
21933	0.0015
9406	0.3751
21285	0.1813
10620	0.7045
9331	0.0952
20083	0.5815
20082	0.0710
22801	0.0653
23150	0.0245
20649	0.3154
22806	0.0961
10398	0.0615
20646	0.0749
7219	0.0423
21730	0.0009
13196	0.4071
12220	0.1058
10713	0.1526
2694	0.0354
6218	0.0348
19975	0.6679
23883	0.0224
15701	0.1293
6814	0.0987
9755	0.0055
23334	0.0677
10577	0.0043
18934	0.2120
3233	0.0777
7327	0.1255
18931	0.1313
7322	0.0106
3235	0.0999
1617	0.1334
7328	0.7111
5190	0.0191
8847	0.1983
15677	0.6666
18713	0.1034
3351	0.2631
20061	0.1407
20068	0.1754
18629	0.4281
15907	0.0027
6965	0.0713
15903	0.0081
15456	0.0060
18768	0.3514
8155	0.4105
768	0.0526
8150	0.0126
8623	0.0928
18159	0.0406
5508	0.3918
23722	0.0656
14478	0.0526
11113	0.0297
14476	0.0561
546	0.1368
545	0.1221
7193	0.0362
13845	0.5972
23603	0.4599
23608	0.2204
3887	0.5035
16389	0.8593
8020	0.0621
9985	0.0047
8534	0.8662
9980	0.5110
14505	0.1218
14506	0.0390
11023	0.0290
14502	0.2428
6565	0.8407
6567	-0.0010
6560	0.3186
5614	0.0002
10211	0.0050
419	0.0977
7688	0.3773
3827	0.5489
23267	-
22640	0.3333
8449	0.0987
11566	0.1277
13991	0.0814
23845	0.0431
7535	0.2206
367	0.7832
364	0.7702
24772	0.0455
19353	0.1512
19351	0.0347
19608	0.1189
16659	0.1956
20623	0.1103
22029	0.0081
16650	0.0114
22337	0.0023
12726	0.1470
23866	0.5847
4754	0.0093
10980	0.1349
10983	0.1025
25602	0.1326
9967	0.1154
24600	0.1126
5875	0.1787
11293	0.0022
11290	0.3254
25132	0.4122
3750	0.2269
25139	0.0184
3756	0.3187
2196	0.8429
16231	0.1457
19910	0.1086
256	0.6133
25424	0.0040
11741	0.1732
21616	-0.0010
2204	0.0020
12034	0.0615
19735	0.6759
19598	-0.0025
6687	0.1353
18760	0.0798
20899	0.1018
21381	0.1577
25554	0.0094
25552	-0.0013
16343	0.1118
164	0.2018
167	-0.0024
7841	0.6920
13295	0.2286
13650	0.9259
4525	0.2179
4832	0.0412
4522	0.1008
4837	0.0915
12108	0.0977
11638	0.2338
7998	0.0221
2510	0.0927
6199	0.0481
23429	0.2743
2733	-0.0018
10167	0.0769
20091	0.2614
23342	0.1119
20096	0.2601
10160	0.2345
9187	0.0836
9185	0.0768
13180	0.2552
20656	0.0058
10366	0.0468
17746	0.2149
5052	0.4332
5053	0.4946
14889	0.1367
16906	0.0021
16905	0.0126
14881	0.0137
14882	0.3805
1818	0.1505
7206	0.5340
14887	0.3364
12213	0.1309
23094	0.1691
12217	0.0068
12216	0.0326
6225	0.1290
10769	0.0830
6229	-0.0018
1157	0.1087
18892	0.2480
14864	0.0050
21921	0.0822
15841	0.0570
22726	0.0359
25402	0.0012
10504	-0.0083
1973	0.4183
3223	0.0599
13275	0.0688
12127	0.2689
8857	0.0336
805	0.1746
804	0.1483
12920	0.3763
18099	0.6876
15607	0.3607
18092	0.4839
2842	0.3886
14268	0.1745
3325	0.0256
14266	0.0870
14260	0.2154
10184	0.2944
5279	0.1220
18452	0.1433
5516	0.3797
8149	0.1550
18166	0.4754
23078	0.0692
15934	0.7355
8637	0.0426
8143	0.0296
6997	0.0101
8145	-0.0020
1153	0.0437
8630	0.0394
24543	0.0487
15112	0.1146
1553	0.0772
1555	0.1508
11102	0.0375
54	0.9413
11101	0.1121
2995	0.0667
2997	0.6081
8707	0.3863
25426	0.0003
15598	0.1522
56	0.0094
13857	0.2752
24083	0.8110
5607	0.0205
5600	0.0688
8527	0.0609
8526	0.0955
8525	0.4441
12584	0.1067
6519	0.0844
14510	0.0831
15168	0.0382
1393	0.4134
22655	0.1199
3814	0.2901
23494	0.0568
23490	-0.0064
22386	0.1238
22385	0.2699
6424	0.0001
11359	-0.0013
19160	0.2241
12450	0.1728
12458	0.0765
22033	-0.0024
16134	0.0489
16135	0.6352
19340	0.0644
19342	0.0840
23674	0.2926
19294	0.3553
10994	0.1472
23817	0.0900
9976	-0.0149
19761	0.2196
9971	0.1890
25638	-0.0017
25634	-0.0010
9979	0.0056
9978	0.2763
25416	0.8262
25414	0.0249
17359	0.0402
25411	0.0161
25410	0.0046
17606	0.1417
17357	0.1162
24942	0.2342
25419	-0.0009
24941	0.2071
12025	0.0492
12026	0.0174
22729	0.1169
2185	0.2102
227	0.1159
4604	0.0555
2188	0.0866
25389	0.0067
4601	0.1131
23927	0.2410
23926	0.3031
23922	0.1815
23929	0.0721
6693	0.1263
19587	0.3306
6697	0.1003
19581	0.2091
19418	0.1088
154	0.1342
20719	0.8916
21629	-0.0053
25561	0.3280
16823	0.2153
25566	-0.0010
25564	-0.0021
25568	-0.0097
17516	0.0412
16358	0.2015
25091	0.5293
12114	0.7559
12116	0.0766
13462	0.0235
10824	0.1404
4514	0.1412
6187	0.0738
9428	0.6045
6182	0.0059
9421	0.1918
2506	0.0285
17777	0.0311
2726	0.2049
14517	0.1116
5281	0.1110
10172	0.3574
5287	0.1029
7945	0.0846
9192	0.0024
7940	0.3548
22828	0.0014
22824	0.7254
20667	0.1724
22821	0.0433
3782	0.1429
3780	0.5500
8993	0.4072
16911	0.0688
10772	0.0899
9514	0.9064
10828	0.7999
20500	0.0135
6230	0.3484
4998	0.0150
20447	0.0569
20444	0.2311
1547	0.0448
20913	0.1293
11820	0.6582
11823	0.9520
9770	0.0664
10514	0.0474
92	0.4715
18954	0.0933
9284	0.1212
18959	0.0922
13240	0.0581
813	0.0959
815	0.4656
18770	0.0599
2856	0.3070
1490	0.0640
10207	0.0470
21907	0.1733
19517	0.2260
1499	0.0624
14213	0.0009
10194	0.0901
5264	0.0455
10199	0.1448
15855	0.0212
21084	0.3665
1122	0.5551
8601	0.6711
6983	0.3020
11136	0.0260
11132	0.1612
15104	0.1645
14329	0.7331
17675	0.5843
17985	0.0231
3023	0.1351
24370	0.0663
24372	0.0081
25468	0.0007
522	0.6023
15585	0.0731
8045	0.5448
13869	0.0200
4195	0.3085
4192	0.0428
5677	0.1573
4354	0.1013
21317	0.0505
8288	0.0217
8289	0.1732
11003	0.2082
14526	0.1903
14524	0.1451
13056	0.1853
9359	0.0858
24287	0.0175
22621	0.2522
22626	0.2024
11346	0.0748
23248	0.0434
15327	0.1598
8196	0.2769
5709	0.0931
24751	0.0760
8195	0.3109
5705	0.0324
12449	0.2036
7559	0.1101
23395	0.1389
24598	0.0367
19628	0.0043
22283	0.0616
13641	0.4303
22284	0.0970
13883	0.0975
6754	0.8654
25628	0.0012
24621	0.1572
9947	0.4106
25620	0.2270
25622	0.0953
25623	0.0021
25624	0.0250
19045	0.2361
19023	0.1557
14243	0.3031
19245	0.0890
9270	0.0020
16743	0.0659
16746	0.0120
16748	0.5870
24971	0.5192
17342	0.5854
24976	0.2430
16219	0.3067
6429	0.8606
25390	0.0013
13509	0.1783
12055	0.0898
12054	-0.0019
2946	0.0365
12058	0.6119
236	0.1957
13504	-0.0001
24232	0.0578
4616	0.0713
20051	0.0540
12693	0.9161
23933	0.0064
2229	0.0138
2227	0.6446
24196	0.1472
20609	0.1733
10836	0.0599
5923	0.1381
10839	0.1859
21875	0.1787
21659	-0.0009
20164	0.1438
21879	0.7045
148	0.0249
21097	0.0101
7823	0.0174
25577	-0.0023
25572	0.5257
25085	0.5796
2081	0.0665
2536	0.1382
17760	0.3017
10699	0.0221
9168	0.0468
7227	0.0818
7950	0.1617
10691	0.0643
10342	0.0063
5071	0.0170
10346	0.3505
1831	0.4656
3798	0.1227
16965	0.0461
2153	0.0758
4989	-0.0009
930	0.4014
2158	0.2747
12277	0.2852
20905	0.0084
10523	0.1397
10520	0.0878
18566	0.7271
10529	0.4508
14667	0.1617
1951	0.7460
22445	0.0768
9704	0.1086
8872	0.0234
8878	0.2089
24114	0.0913
13258	0.2591
18419	0.0787
11905	0.1205
18415	0.0065
821	0.2919
4407	0.8096
4258	0.1211
4400	0.3348
15625	0.0227
12902	0.4939
3309	0.2885
20296	0.2717
5491	0.1436
5258	0.1717
20057	0.2406
21509	0.4690
9389	0.1505
15489	0.0567
2417	0.1878
15482	0.2858
1131	0.0029
15954	0.2464
15139	0.0425
11124	0.0489
12263	0.0511
24562	0.0831
15137	0.0867
15136	0.2479
7781	0.0390
17977	0.1252
7142	0.2864
18743	0.4904
8722	0.0843
13670	0.0053
8726	0.0520
1227	0.1029
8502	0.2611
8504	0.1538
8509	0.0438
23124	0.0201
4183	0.3372
13874	0.0744
23123	0.1073
1228	0.0524
5662	0.5032
6534	0.0668
8295	0.4207
15552	0.7557
5669	0.4967
2883	0.1985
2880	0.1075
11010	0.2954
14532	0.5669
18281	0.0629
25447	0.0396
17885	0.0933
3879	0.4412
19864	0.0331
24982	-0.0020
11337	0.0476
11336	0.3265
23230	0.0521
6403	0.3418
5719	0.0842
6408	0.0239
8181	0.0467
7765	0.1750
17702	0.2533
25630	0.0449
7769	0.1857
24588	0.0322
19329	0.3106
19326	0.1567
4761	0.0225
13652	0.0792
23346	0.0029
22529	0.0238
9306	0.0622
23838	0.0065
13897	0.2064
13895	0.0280
13892	0.5604
19748	0.7746
200	0.1229
16750	0.3855
19255	0.0098
204	0.0941
19926	0.0016
21742	0.2955
25167	0.0320
25162	0.0895
25161	-0.0000
25369	0.0058
25368	0.0056
16599	0.0223
25367	0.0017
25360	0.2900
25362	0.0017
23903	0.1513
21889	0.0018
21886	0.0677
5936	0.0376
7929	0.0159
19630	0.0913
19632	0.0533
10821	0.2611
5939	0.4760
25382	0.0471
21641	0.0000
17575	0.1580
25381	0.0296
22379	0.0189
2094	-0.0014
2096	0.0717
16378	0.0705
25501	0.0059
25500	0.0603
2099	0.4026
3651	0.2030
25507	-0.0023
11663	0.0874
2520	0.0990
2522	0.3406
4495	0.0562
24965	0.0246
16225	-0.0126
4888	0.0774
4889	0.0032
10351	0.5645
10353	0.3973
4880	0.0624
4885	0.0705
25214	0.0376
17151	0.2436
10689	0.0675
10687	0.1464
10684	0.0844
21263	0.0296
25185	0.0674
25187	0.1034
1828	0.4416
25182	0.0027
16971	0.0484
1821	0.5189
928	0.1311
9576	0.1907
17087	0.6964
6252	0.1429
9579	0.1858
10753	0.2791
10754	0.0630
925	0.5177
10530	0.0686
5397	-0.0012
14058	-0.0040
20115	0.2016
13937	0.3650
3471	0.7146
22990	0.1397
11304	0.2271
7364	0.4734
18975	0.0622
18400	0.3578
18613	0.0065
14945	0.0890
12911	0.0525
7027	0.3327
9002	0.1465
9000	0.0419
3311	-0.0027
10226	0.3582
7028	0.1019
20028	0.1210
24034	0.1302
780	0.2496
21519	-0.0019
13135	0.0164
18570	0.0119
18571	0.0880
12403	0.0950
18579	0.1534
15123	0.1057
18194	0.0070
8997	0.4200
17450	0.0546
7798	0.2600
20954	0.0610
3000	-0.0066
7791	0.0936
18352	0.2159
21621	-0.0024
1589	0.0231
21789	0.0645
1582	0.0333
1031	0.1355
12863	0.0018
23138	-0.0018
23136	0.1583
8062	0.0823
15010	0.1168
6520	0.2008
6526	0.0966
23295	0.1778
5650	0.2291
23293	0.0916
14545	0.1945
25560	0.9062
17891	0.0062
15498	0.3759
13791	0.7558
13792	0.0589
4086	0.0012
13796	0.1107
22355	0.1361
22601	0.0012
11325	0.2770
7570	0.0634
7574	0.0797
19138	0.1241
5722	0.1287
6417	-0.0024
15300	0.0436
6410	0.3300
7775	0.2883
14934	0.1646
13607	0.0869
18277	0.1636
8316	0.1413
23351	0.7707
4797	0.0551
5995	0.3145
4154	0.0526
11259	0.2425
24648	0.0444
23271	0.5700
25208	-0.0073
213	0.0848
22771	0.6117
18727	-0.0019
22175	0.1214
11780	-0.0015
25378	0.0206
25372	0.0688
25373	0.0012
6080	0.2860
12675	0.0451
6640	0.0413
10813	0.1418
5906	-0.0023
16164	0.1240
16166	0.1297
16168	0.0221
11723	0.1273
7803	-0.0002
17561	0.1527
21678	0.3313
24825	0.0144
3480	0.2890
25518	-0.0010
13418	0.1100
3642	0.4655
6399	0.8009
21984	0.0402
21986	0.1114
6390	0.0679
19380	0.0525
17367	0.2941
2390	0.2257
2391	0.3081
11479	0.7669
20611	0.8025
2770	0.1253
4894	0.1412
16947	0.0385
16942	0.0691
7975	0.4886
7974	0.5679
7976	0.1891
7971	0.0057
16949	0.6641
1859	0.0332
6263	0.1364
6260	0.1081
9354	0.2221
4411	0.0303
2175	0.3954
17099	0.6181
9543	0.0035
2604	0.0265
9725	0.3436
20928	0.6971
14042	0.1154
20926	0.3607
20920	0.1775
20922	0.2176
21325	0.1448
24136	0.1207
21327	0.0991
1936	0.0472
20107	0.0034
21459	0.0025
20101	0.2659
845	0.0585
3462	0.0566
3460	0.8114
7370	0.2006
22946	0.0216
8890	0.0313
12320	0.8601
21961	0.1414
20237	0.3626
16706	0.0170
20230	0.4203
7017	0.1821
18698	0.1425
5232	0.0960
1737	0.1261
15808	0.3736
18509	0.0062
15805	0.0158
15151	0.3130
25358	0.2113
758	0.1060
3070	0.0476
24345	0.0014
15794	0.1290
6882	0.1878
1590	0.0706
15791	0.7956
6881	0.5593
14311	0.2534
5340	0.8908
1020	0.8497
7163	0.3380
20328	0.0898
604	0.1191
12895	0.1060
23107	0.0166
12892	0.1926
15571	0.6075
8278	-0.0008
8274	0.4988
25681	0.0017
11072	0.0461
14550	0.2697
3107	0.1463
8670	0.3460
5	0.6057
1441	0.0162
8678	0.0181
4092	0.4194
4090	0.2048
23744	0.5697
22348	0.0566
22349	0.1430
22340	0.0130
23587	0.1580
23584	0.0813
485	0.0725
8410	0.0007
11313	0.2906
11310	0.3468
7485	0.0337
15468	0.1398
6462	0.3532
12415	0.1398
19126	0.1353
19493	0.1601
19497	0.3218
6722	0.0015
8305	0.1041
6720	0.0983
23368	0.7588
4782	0.4209
8097	0.1861
15207	0.0857
5825	0.0103
4148	0.1276
8098	0.0459
22188	0.0025
22189	0.4319
9932	0.4134
20154	0.8971
12068	0.1419
25698	0.0169
25348	0.2234
25343	-0.0025
6094	0.4446
25345	0.0345
23967	0.3002
19650	0.0657
5916	0.1616
5913	0.2615
25526	0.0019
25525	0.0011
25524	0.0016
17228	0.5104
17224	0.3337
17221	0.0930
17552	0.4484
25529	-0.0031
17550	0.2835
25533	0.0127
6382	0.0641
16313	0.7696
13424	0.0990
21990	0.2246
21991	0.1126
21996	0.0441
2549	0.0492
11686	0.2029
17311	0.2538
12795	0.3202
5002	0.0364
2769	0.0151
9156	0.0936
10334	0.2408
2762	0.1272
20624	0.4182
2767	0.0031
25237	0.2255
16955	0.1532
16958	0.2541
25238	0.0819
17134	0.1250
6270	0.1234
6279	-0.0033
4421	0.5303
13336	0.1343
6077	0.0656
4959	0.1105
12083	0.7190
20826	0.0298
24167	0.0218
20486	0.0569
20139	0.3684
4083	0.1239
24128	0.4049
21449	0.7826
10024	0.1955
7348	0.0430
13207	0.1863
21683	0.1286
19960	0.0330
22608	0.0884
13209	0.0328
21689	0.0951
20964	0.0652
21803	0.7434
20000	0.5038
7000	0.2741
9027	0.0890
20559	0.1579
21539	0.2316
21535	0.2968
24016	0.0489
24017	0.4800
8936	0.7593
18517	0.1227
22881	0.0633
22883	0.0014
15146	0.0089
15145	0.2476
6890	0.8078
17947	0.0677
7171	0.0595
3066	0.2879
15786	0.0958
15788	0.1884
14492	0.0064
23189	0.8216
1052	0.6150
1054	0.1438
12818	0.0594
1693	0.1695
24888	0.0034
1278	0.1332
4312	0.0051
612	0.1152
616	0.6721
617	0.4327
12881	0.0661
8798	0.0204
11042	0.0053
8242	0.0069
8240	0.5361
24484	0.1436
8245	0.5808
7045	0.0007
24309	0.2306
3116	0.0918
15965	0.0332
8641	0.0491
1306	0.3212
8429	0.1821
23592	0.2319
498	0.0694
11301	0.0456
496	0.1764
490	0.8400
11307	0.7346
5584	0.0414
5580	0.1397
22329	-0.0024
9833	0.0746
6471	0.1416
12406	0.2106
7759	0.6323
24306	0.5616
7755	0.1435
16286	0.1837
3939	0.0819
3931	0.1769
8333	0.1457
8330	0.3379
11273	0.6599
23374	0.0143
6715	0.8455
11278	0.2564
23371	0.1113
24667	0.3701
24664	0.2039
9903	0.1738
19068	0.0447
5693	0.0403
5697	0.2622
3849	0.3239
5699	0.0612
25356	0.1341
25357	0.1198
25350	0.0085
25543	-0.0010
25353	0.0075
22791	0.2705
22153	0.6919
25680	-0.0115
22158	0.0124
6669	0.8815
4040	0.0244
4042	0.8035
12657	0.0320
6667	0.0524
22082	-0.0015
22085	0.1531
22084	0.0381
25671	0.5782
19847	0.0034
16325	0.0480
24808	0.0339
25534	0.0171
3660	0.6098
3662	0.0931
25538	0.0678
16898	0.1662
17230	0.2147
17231	0.8885
19685	0.0353
13430	0.0430
13433	0.3797
4546	0.0012
24307	0.0010
11691	0.3465
10906	0.0693
11459	0.1882
11454	0.2549
24935	0.3880
2371	0.0613
17436	0.5636
21946	-0.0128
3594	0.0704
5035	0.0868
5031	0.2234
1877	0.0477
17128	-0.0004
16430	0.1113
1873	0.8342
25225	0.7831
7915	0.1988
4945	0.6258
2118	0.0229
20835	0.0815
2113	0.2663
21935	0.1583
15927	0.2916
20945	0.0013
9585	0.7151
9235	0.0841
21309	-0.0033
13212	0.2386
14324	0.3221
22961	0.1062
13702	0.0859
24277	0.1000
2752	0.1796
2029	0.4265
12346	0.9374
14798	0.0193
10276	0.0545
10275	0.5396
10477	0.4236
10470	0.2990
20017	0.5008
24068	0.1044
21540	0.2241
22898	0.2367
14803	0.0933
22892	0.0085
18524	0.0393
13100	0.3040
13101	0.2081
22895	0.4963
18656	0.0027
772	0.0463
14379	0.0102
6487	0.3768
15775	0.1422
7109	0.1934
3052	-0.0012
2977	0.4159
15773	0.4584
1047	0.2148
20309	0.0830
18782	0.1000
8255	0.0088
4301	0.0017
8252	0.1402
17941	0.1096
14699	0.1114
18012	0.1379
11052	-0.0028
18015	0.2450
10012	0.1103
8780	-0.0131
14775	0.0663
7615	0.3196
3121	0.0455
7610	0.0460
8658	-0.0015
15995	0.0604
15997	0.0932
15990	0.0494
12437	0.3816
15356	0.0431
6910	0.0269
15352	0.1462
6913	0.0249
13927	0.2012
4234	0.3203
13923	0.6749
23562	0.2866
15197	0.0794
7726	0.0702
3948	0.2020
22563	0.9526
6123	0.0454
3940	0.7205
19475	0.0734
23301	0.0232
24673	0.7416
12506	0.0253
22364	0.0400
5685	0.1628
24478	0.8217
25323	0.2162
25325	0.9960
22789	0.2855
22783	0.2401
6670	0.0425
22419	0.5345
9842	0.0737
23788	0.3207
4058	0.1501
22095	0.2005
5973	0.3133
16151	0.1562
22099	-0.0032
19853	0.1044
19501	0.0780
3619	-0.0048
21820	0.1381
21821	0.0474
21824	0.0017
25032	0.1498
2569	0.2830
2561	-0.0182
18108	0.0747
24920	0.0255
17335	0.2502
11422	0.0852
11425	0.0567
17332	0.0190
10919	0.7124
17117	-0.0018
17442	0.1237
21224	0.0847
21953	0.0189
21950	0.1365
17446	0.5289
10314	0.0962
21958	0.4453
10317	0.0647
25252	0.0488
16422	0.0152
4930	0.0013
4939	0.0095
11734	0.1029
287	0.4585
6054	-0.0025
5114	0.0577
10001	0.6750
20796	0.2394
20795	0.2547
17066	0.2369
9596	0.0401
9590	0.0046
9593	0.7589
20462	0.1508
17597	0.7000
17594	0.0854
3434	0.1041
22955	0.2133
3437	0.0386
4592	0.2376
4596	0.0319
12352	0.0337
14909	0.2614
10263	0.1147
24147	0.1340
899	0.0919
14904	0.0363
14907	0.1089
14906	0.4910
10466	0.0178
18937	0.2278
10462	0.3098
9043	0.0327
21559	0.0650
21550	0.1537
3548	0.4391
11843	0.0327
2965	0.0254
11193	0.0699
18316	-0.0040
18319	0.0695
765	0.5873
17922	0.1853
17643	0.0393
17927	0.0744
6878	0.2205
3043	0.0448
6871	0.1805
25458	0.2966
1078	0.0273
1071	0.5306
22899	0.0974
18223	0.1486
4339	0.0000
23566	0.1509
18007	0.1936
7604	0.1295
24265	0.0387
15986	0.0502
1412	0.0807
1413	0.6104
1414	0.7537
1320	0.5329
9850	0.0819
9855	0.0516
8134	0.3525
4207	0.1739
5562	0.4293
7734	0.0408
3959	0.0738
17362	0.0586
25586	0.0011
22550	0.1720
11212	0.0138
15323	0.0974
15239	0.2071
15234	0.3457
2253	0.0002
12516	0.4066
24446	0.0451
16520	0.0830
25330	0.0015
25334	0.0280
25339	0.0008
6606	0.2012
22130	0.0447
23409	0.2592
13773	0.0721
10855	0.0731
11504	0.4937
4069	0.2325
5781	0.2222
3606	0.0824
5155	0.3159
16183	0.0645
16187	0.0056
16184	0.0606
16633	0.4480
7875	0.3989
12746	0.6644
19990	0.6402
10921	0.0425
19994	0.0976
11436	0.2352
17325	0.8457
17102	0.0325
17105	0.7633
7937	0.1489
10672	0.2515
9452	0.4835
13342	0.0609
13341	0.5217
4457	0.3502
13344	-0.0071
17145	0.0325
13349	0.1097
16987	0.0652
21140	-0.0009
16457	0.0601
1893	0.0035
2135	0.5843
4694	0.4120
6028	0.4322
11725	0.3977
9144	0.0083
24867	0.1300
24866	0.1091
24868	0.1509
20813	0.0575
20144	0.0350
5168	0.2349
14006	0.0769
2647	0.4885
22945	0.1267
9218	0.0462
22947	0.0438
9210	0.0027
22948	0.1655
16851	0.6506
17582	0.3027
12161	0.6150
2007	0.0943
4854	0.2868
4583	0.1409
9076	0.0304
12483	0.1066
11988	0.0223
21187	0.2236
9673	0.0205
9679	0.1073
3550	0.3831
13168	0.0178
10585	0.1026
11850	0.4130
14354	0.0760
2917	0.0921
25046	0.6938
1791	0.0228
1794	0.4798
2073	0.3859
7128	0.1059
7127	0.5356
15756	0.0630
6844	-0.0035
6845	0.1094
5304	0.4737
8789	0.1932
18250	-0.0017
594	0.0745
1081	0.2002
6597	0.4454
24274	0.3070
2607	0.0460
11535	0.0194
18070	0.0572
18073	0.3141
18072	0.0222
12988	0.4720
7638	0.3018
20213	0.0145
17865	0.0011
1406	0.0084
4212	0.0562
1337	0.0055
23099	0.2583
6933	0.6014
9840	0.5609
18101	0.0393
9845	0.0770
8694	-0.0017
8124	0.8819
23095	0.0508
8690	0.5961
8693	0.2252
5776	0.0774
7701	0.0209
5577	0.0241
5576	0.0269
5572	0.0542
7708	0.0436
5570	0.1403
3096	0.8071
644	0.0971
24257	0.1452
23146	0.0770
19022	0.0255
23891	0.0981
15682	0.0881
23895	0.0014
23896	0.0699
22540	0.0058
19183	0.7818
19181	0.4421
24979	0.1576
4100	0.0173
11116	0.0580
23122	0.0718
12568	0.0253
15240	0.0782
12566	0.0668
7416	0.0854
25409	0.0007
3892	0.1157
22430	0.1986
22431	0.1338
25651	-0.0003
25652	0.0009
12622	0.3431
23430	0.0314
6617	0.2689
12624	0.7883
22120	-0.0010
22126	0.1245
10840	0.8427
5953	0.0698
4079	0.0647
13769	0.0128
25391	0.0016
4075	0.0138
13766	0.0502
8898	0.3041
13762	0.0338
19458	0.9096
25395	0.0783
25397	0.0018
3630	0.2475
840	-0.0026
25019	0.2529
12190	0.3929
11400	0.3212
23211	0.2693
6101	0.0092
2672	0.0174
19984	0.0082
13507	0.0840
25273	0.2553
9115	0.0885
16999	0.0708
3708	0.9312
12281	0.0129
1889	0.0612
12283	0.0171
4466	0.2225
16441	0.1013
25479	0.0114
13372	0.0619
21150	0.2430
4668	0.0218
6447	0.3696
13575	0.0904
4667	0.3347
4660	0.3741
4661	0.0389
21800	0.0018
11711	0.2577
11710	0.0492
21804	-0.0002
10061	0.6218
5176	0.0221
3416	0.0152
3417	0.4348
3415	0.1617
22938	0.2502
21370	0.0293
138	0.0062
20770	0.1449
16846	0.1526
16847	0.2406
12373	0.0779
2921	0.2268
4868	0.0877
6322	0.0657
9682	0.7011
9061	0.1926
18607	0.2371
9667	0.1590
17716	0.1476
21576	-0.0040
24057	0.1208
10440	0.9429
10441	0.2362
20517	0.1365
9668	0.1455
20688	0.0093
3560	0.1770
3564	0.2341
13159	0.0022
24194	0.0825
10594	0.1357
10595	0.0875
3193	0.1888
13399	0.3990
2905	0.0490
705	0.0448
700	0.0133
5617	0.0325
20425	0.4874
11882	0.0322
11886	0.0971
20351	0.1242
11889	0.1939
8804	-0.0045
13022	0.1071
1655	0.0599
584	0.0626
8758	0.0608
8759	0.0274
8209	0.2396
8202	0.0261
8203	0.5980
589	0.0755
17875	0.6467
7627	0.0772
3155	0.0669
24206	0.0288
11081	0.3766
11080	0.0217
17879	-0.0015
2830	0.0945
14729	0.1187
20222	0.7584
20229	0.0037
4261	0.0010
23556	0.1763
13975	0.2535
13976	0.2834
25574	-0.0016
9878	0.2982
6924	0.0483
8111	0.0029
9870	0.0808
11154	0.2485
17666	0.0659
5541	0.6859
24510	0.0662
23159	0.3485
8596	0.4506
8597	0.2818
3086	0.2297
23330	0.1743
23331	0.0099
8374	0.0034
22698	0.6624
8370	0.4142
22206	0.0916
22205	0.0405
5894	0.0577
8571	-0.0006
12578	0.0764
12577	0.0816
24428	0.0073
7405	0.0981
22331	0.5655
25318	0.2383
25319	0.0051
22113	0.0486
25648	-0.0010
22446	-0.0015
16055	0.0435
25644	0.0035
16504	0.7974
16502	0.1074
22118	0.0285
22687	0.3948
11521	0.0675
12615	0.1330
22688	0.3410
4009	0.0498
4001	0.4086
3970	0.1430
320	0.0936
3972	0.4971
19425	0.5475
22645	0.0729
324	0.9920
561	0.0949
19429	0.5802
19559	0.0559
19551	0.2403
21016	0.2504
3622	0.1799
19557	0.0017
19884	0.0646
16616	0.0375
18329	0.6526
4716	0.1066
22596	0.2458
4712	0.6865
11417	0.1550
6136	0.1628
25480	-0.0005
10945	0.5457
16292	0.0627
16291	0.1574
14702	0.3805
17479	0.1784
9478	0.6157
16474	0.1243
1593	0.2184
9471	0.5464
9474	0.1100
16277	0.2435
19956	0.3262
16270	0.5033
25460	0.0250
19952	0.0054
24993	0.0680
4472	0.1107
24994	0.2457
24997	0.1988
25469	-0.0006
4679	0.0078
4677	0.0462
24223	0.3445
24222	0.1132
11705	0.0827
11706	0.1123
24220	0.8038
7395	0.3111
21812	0.0039
9275	0.0366
9277	0.2999
2468	0.5825
126	-0.0027
22928	0.0828
17014	0.0375
7957	0.5265
16870	-0.0007
22930	0.4680
2069	0.4192
2798	0.0060
24135	0.5552
6314	0.0791
6315	0.1386
18478	-0.0014
9096	-0.0006
9097	0.0103
18471	0.0464
22025	0.0433
22830	0.1049
10129	0.1382
9308	0.1367
17703	0.1005
17701	-0.0007
9658	0.2440
21583	0.0052
22022	-0.0018
17497	0.2353
13142	0.4900
7244	0.0618
22021	0.0045
17490	0.3017
21744	0.0064
22851	0.0025
13384	0.7392
8968	0.5485
2934	0.1924
11899	0.7276
11895	0.1406
5329	0.1583
1645	0.0682
8817	0.0155
14932	0.0617
13038	0.3958
18908	0.1246
14285	0.0723
14938	0.1067
13036	0.0129
11096	0.0937
8747	0.1329
576	0.5004
7656	0.6825
3166	0.3043
18299	0.0165
3161	0.2583
1162	0.0287
1427	0.0050
5435	0.0482
14731	0.6643
8536	0.3250
735	0.0398
12173	0.6932
8103	0.2873
23526	0.3837
13968	0.0253
13969	0.0463
463	0.0586
9568	0.0701
15392	-0.0042
6480	0.4286
15462	0.1577
9864	0.1631
11146	0.6959
12275	0.3622
18480	0.2456
15265	0.0611
23180	0.0475
5889	0.0162
13813	0.0691
15269	0.1560
8568	0.0408
15066	0.0549
15061	0.4451
15069	0.1094
22328	0.1028
7479	0.6228
3186	0.7361
11299	0.0370
15003	0.0876
25607	0.0001
22104	0.2562
22106	0.0342
19094	0.5742
25672	0.1607
16044	0.0520
19725	0.2850
19720	0.0383
22690	0.0864
20908	0.0010
6631	0.8111
23986	0.0240
11396	0.1929
11395	0.5301
11392	-0.0008
4013	0.2453
4010	0.5466
22215	0.1495
7507	0.1592
19436	-0.0049
22218	0.8882
25070	0.0734
19548	0.1209
16600	0.1168
19541	0.0582
12774	0.5895
12775	0.0861
21829	0.0055
12772	0.2131
6128	0.0806
4706	0.1478
4702	0.1748
23858	0.0524
20514	0.7246
288	0.0729
16280	0.5281
10443	-0.0004
10957	0.6798
10954	0.2174
21175	0.0542
21918	0.7289
25296	0.0025
18806	0.8769
25451	-0.0030
25450	0.0077
264	0.2357
17391	0.6040
24983	0.3127
21120	0.2042
24986	0.0797
2498	0.0768
6017	0.2922
10966	0.1961
13552	0.1610
13551	0.0711
4646	0.1452
19897	0.1857
25585	0.0017
25584	0.0048
17249	0.0439
2258	0.3304
17243	0.0105
7890	0.1177
9260	0.5261
2472	0.2432
5151	0.0544
10737	0.0858
10044	0.1062
10730	0.6157
114	0.2939
23742	0.4094
111	0.0353
22918	0.0172
20753	0.5669
20756	0.1683
4800	0.1956
4801	0.0233
2780	0.0060
16865	0.0027
12394	0.0510
12392	0.0072
16861	0.1119
6305	0.0400
2071	0.6531
6306	0.0696
11609	0.0843
10135	0.0993
10136	0.4216
10137	0.1293
20532	0.2961
20530	0.1260
11954	0.2918
9085	0.0928
11951	0.8793
17731	0.2135
16320	0.0152
21596	0.5435
10421	0.3840
7271	0.4404
22978	0.1709
25658	0.0313
22863	0.1593
3501	0.1234
21750	0.0071
9790	0.0771
20581	0.0597
15893	0.4701
14383	-0.0076
2922	0.0077
2924	0.2823
18604	0.4799
5333	0.8037
20407	0.0760
10553	0.1187
5337	0.0416
18592	0.0929
18594	0.2378
13820	0.0336
1983	0.1977
3218	0.0581
18264	0.5843
15098	0.0479
8778	0.5918
15091	-0.0018
7643	0.3175
14705	0.3064
7646	0.0051
19225	0.0194
12979	0.0145
7648	0.0475
12972	0.0564
12973	0.7090
12971	0.0716
20249	0.1856
7083	0.1050
17909	0.0087
7089	0.4161
3375	0.0366
5423	0.0205
23532	-0.0017
2587	0.0666
8174	0.0877
13959	0.0274
6492	0.0179
5524	0.4858
14413	0.1610
3197	0.0909
48	0.0049
1293	0.0255
1296	0.0042
8393	0.0094
8551	0.0033
15274	0.0242
12557	0.1822
13823	0.0386
8006	0.5261
10641	0.2270
23190	0.0270
4398	0.2235
15077	0.0346
15073	0.1206
5637	0.0283
5744	0.1307
472	0.2893
3195	0.8121
1362	0.5483
3192	0.0988
8486	-0.0008
479	0.0380
