Locus	Fst
3	0.026
5	0.6249
6	0.0303
11	0.0172
16	0.0369
19	0.0231
20	0.0183
24	0.0805
39	0.0493
53	0.0439
54	0.9054
63	0.0229
67	0.0197
75	0.158
86	0.0257
88	0.0185
91	0.0357
92	0.4897
93	0.2581
98	0.0003
101	0.2663
109	0.1495
111	0.0172
117	0.962
121	0.0285
126	-0.0008
139	0.0303
142	0.0029
148	0.0278
160	0.0103
164	0.1766
166	0.0147
167	0.0192
169	0.0002
174	0.0554
183	0.0829
187	0.0371
189	0.0329
192	0.0318
198	0.8067
200	0.0974
206	0.1497
212	0.0107
220	0.7746
221	0.0117
227	0.0734
228	0.0358
232	0.1238
236	0.2408
240	0.2691
244	0.0598
245	0.036
246	0.0143
248	0.0244
253	0.0018
256	0.6727
263	0.1337
265	0.0489
287	0.3418
297	0.0566
298	0.0132
308	0.0236
315	0.2289
331	0.0109
348	0.8839
364	0.6839
367	0.6916
368	0.011
373	0.0074
376	0.0351
377	0.1376
379	-0.0044
380	0.0585
381	0.3892
388	0.0541
391	0.0643
392	0.04
404	0.0181
410	0.1988
411	0.0239
415	0.2532
419	0.3547
420	0.0377
422	0.0088
425	0.2338
440	0.3897
445	0.0723
463	0.0658
472	0.0195
481	0.0515
490	0.7175
494	0.0094
512	-0.0015
514	0.6259
522	0.4301
525	0.0728
528	0.0666
534	0.0033
535	0.0316
541	0.0962
545	0.081
548	0.0503
554	0.017
557	0.0768
561	0.0554
571	0.0717
579	0.049
589	0.0353
592	0.0345
594	0.0466
597	0.0302
605	0.0408
612	0.0711
613	-0.0062
616	0.5151
617	0.842
618	0.1263
630	0.0515
644	0.0582
647	0.004
660	-
663	0.0012
669	0.632
671	0.0161
673	0.0997
691	0.0077
694	0.0143
695	0.034
700	0.0036
705	0.0402
707	0.0197
708	0.0207
716	0.1287
719	0.0605
721	0.3012
730	0.0075
733	0.0128
734	0.0228
735	0.9812
739	0.0133
746	0.0353
752	0.0554
756	0.0253
765	0.4437
766	0.033
768	0.0285
769	0.0114
772	0.0251
780	0.1551
786	0.0117
792	0.067
803	0.0101
805	0.1109
813	0.07
815	0.3389
820	0.1478
825	-0.0002
829	0.043
832	0.0726
844	0.0118
860	0.0373
862	0.0258
885	0.0386
888	0.0709
899	0.0633
901	0.0288
917	0.0322
925	0.3641
926	0.0258
927	0.0051
940	0.0351
941	0.2025
943	0.0442
951	0.0848
952	0.0214
954	0.1454
960	0.04
962	0.0104
964	0.7607
966	0.0364
974	0.0095
982	0.0292
986	0.0151
992	0.0217
1000	0.0212
1002	0.277
1007	0.0099
1017	0.0043
1020	0.7395
1027	0.039
1031	0.0864
1036	0.1765
1037	0.0399
1047	0.1586
1048	0.1939
1052	0.0015
1053	0.0443
1054	0.6023
1059	0.1061
1066	0.0206
1073	0.0646
1078	0.0225
1082	0.0065
1085	0.0355
1089	0.0145
1091	0.0271
1092	0.037
1094	0.2431
1098	0.1364
1104	0.0222
1122	0.4291
1126	0.0196
1138	0.0293
1157	0.0578
1159	0.0169
1160	0.2736
1162	0.0232
1167	-0.0007
1176	0.4066
1190	0.6211
1193	0.0066
1197	0.0873
1201	0.0673
1205	0.0327
1206	0.0273
1218	0.0037
1228	0.0046
1229	0.0634
1253	0.027
1254	0.0598
1258	0.0314
1262	-
1266	0.0336
1275	0.1148
1285	0.1103
1287	0.0324
1294	0.082
1306	0.2389
1311	0.0513
1323	0.1145
1339	0.0581
1345	0.2167
1349	0.0254
1354	0.0162
1372	0.0561
1392	0.1014
1393	0.4298
1407	0.2139
1420	0.0269
1441	0.0279
1451	0.0063
1452	0.0705
1454	0.0243
1463	0.0298
1469	0.0623
1473	0.0606
1474	0.0073
1478	0.0251
1482	0.0254
1490	0.0304
1499	0.0639
1503	0.1986
1504	0.0396
1519	0.0302
1547	0.0556
1555	0.1119
1560	0.2448
1565	0.3442
1567	0.1322
1568	-0.0017
1571	0.8145
1572	-0.0073
1581	0.0051
1582	0.0132
1589	0.0074
1590	0.0337
1592	0.0086
1596	0.0248
1602	0.1008
1617	0.0798
1629	0.0193
1635	0.0379
1638	0.0426
1655	0.0398
1660	0.0165
1689	-0.0014
1693	0.1124
1698	-
1711	0.0056
1712	0.0099
1713	0.0619
1722	0.0137
1729	0.0104
1730	0.0405
1734	0.0249
1737	0.0468
1738	0.1
1739	0.0145
1748	0.0227
1756	0.0292
1770	0.0307
1773	0.1963
1794	0.312
1817	0.0029
1821	0.327
1833	0.0302
1844	0.0536
1845	0.0039
1848	0.1795
1855	0.0152
1858	-0.0045
1859	0.0323
1872	0.1197
1881	0.9878
1889	0.0297
1906	-0.0031
1907	0.1841
1911	0.3142
1926	0.0094
1933	0.6183
1936	0.027
1939	0.4583
1957	0.0623
1961	0.0761
1962	0.0351
1963	0.0275
1968	0.0265
1969	0.0305
1970	0.0319
1975	0.5769
1978	0.0561
1983	0.1342
1995	0.1054
2029	0.4461
2033	0.2892
2038	0.0514
2046	0.1384
2057	0.0288
2058	0.0108
2069	0.3122
2071	0.0423
2075	0.0553
2082	0.0371
2087	0.0633
2100	0.1857
2110	0.052
2118	0.0154
2127	0.0395
2135	0.4195
2148	0.0329
2149	0.0641
2151	0.0193
2153	0.0471
2154	0.0776
2160	0.0832
2175	0.2603
2176	0.0345
2196	0.7605
2204	0.0147
2206	0.1641
2225	0.0672
2227	0.5139
2230	0.0127
2234	0.0805
2251	0.0133
2258	0.2315
2261	0.043
2274	0.1361
2279	0.0608
2309	0.0227
2319	0.3448
2327	0.0028
2329	0.0739
2331	0.0167
2332	0.0469
2334	0.3751
2335	0.0355
2346	0.0638
2349	0.1326
2353	0.0363
2362	0.0662
2366	0.0215
2368	0.2445
2370	0.1706
2371	0.0464
2382	0.0279
2390	0.1995
2399	-
2400	-
2408	0.6879
2417	0.1417
2425	0.6876
2429	0.133
2446	0.8564
2454	0.0568
2455	0.0365
2456	0.0604
2468	0.0859
2491	0.0237
2497	0.0879
2498	0.0486
2506	0.0279
2520	0.0681
2522	0.2485
2539	0.0095
2550	0.1426
2554	-0.0044
2558	0.0445
2564	0.1249
2587	0.0311
2601	0.0793
2603	0.1195
2604	0.0199
2607	0.0363
2621	0.1018
2623	0.029
2646	0.0156
2647	0.3567
2648	0.0317
2672	0.0103
2677	0.0338
2682	0.0425
2690	0.0548
2694	0.0267
2705	0.0131
2706	-
2709	0.0504
2718	0.0651
2733	0.0187
2735	0.8982
2742	0.3367
2751	0.0039
2752	0.1382
2762	0.0846
2769	0.0143
2780	0.0918
2786	0.0543
2792	0.0224
2794	0.0159
2810	0.0463
2813	0.0494
2820	0.0937
2824	0.3706
2826	0.5315
2830	0.071
2843	0.1153
2844	0.0036
2850	0.0401
2851	0.0343
2861	0.0278
2866	0.0363
2874	0.5912
2880	0.0881
2885	0.017
2895	0.0149
2917	0.0412
2922	0.0262
2934	-0.0029
2947	0.0974
2950	0.0026
2966	0.1557
2967	0.1815
2973	0.0841
2974	0.7683
2977	0.0647
2985	0.2034
2990	0.8931
2995	0.0488
2997	0.5607
2998	0.0445
3000	-0.003
3004	0.0662
3015	0.7473
3016	0.0092
3019	0.4335
3023	0.0897
3031	0.0263
3039	0.0097
3043	0.2038
3049	0.0259
3057	0.1045
3061	0.1568
3062	-0.0026
3066	0.1878
3076	0.6101
3086	0.1576
3095	0.0261
3096	0.7752
3102	0.0889
3111	0.0154
3116	0.0905
3120	0.0261
3121	0.0339
3129	0.0358
3132	-0.0003
3138	0.0812
3155	0.0546
3161	0.2135
3172	0.008
3175	-0.0045
3176	-
3186	0.6211
3188	0.027
3193	0.0972
3195	0.719
3196	0.0129
3197	0.0732
3207	0.3582
3223	0.0549
3226	0.296
3228	0.1061
3238	0.031
3244	0.0422
3248	0.0965
3258	0.0228
3261	0.0302
3266	0.027
3280	0.0773
3284	0.1362
3297	0.0592
3298	0.1947
3303	0.013
3304	0.142
3307	0.0936
3308	0.012
3312	0.02
3324	0.0156
3328	0.0183
3331	0.4801
3338	0.0588
3339	0.0387
3341	0.6061
3342	0.4912
3343	0.0416
3348	0.0263
3351	0.2177
3356	0.0305
3362	0.021
3373	0.0293
3375	0.0828
3378	0.0402
3379	0.0348
3381	0.0163
3396	0.5405
3405	0.1389
3406	0.0275
3413	0.0443
3416	0.0646
3417	0.3144
3420	-0.0028
3428	0.0187
3430	0.0377
3434	0.0449
3437	0.0148
3458	0.0162
3460	0.7707
3464	0.0043
3473	0.0365
3480	0.1883
3484	0.0354
3488	0.0509
3499	0.3426
3501	0.0912
3505	0.2045
3523	0.9562
3524	0.0408
3541	0.1442
3547	0.0754
3553	0.0911
3554	0.0142
3561	0.1511
3564	0.1642
3566	0.0372
3577	0.0199
3578	0.0247
3585	0.1625
3594	0.032
3600	0.0422
3601	0.0142
3606	0.1034
3622	0.1165
3623	0.0583
3630	0.1512
3636	-
3639	0.2271
3651	0.2579
3659	0.032
3680	0.7588
3683	0.019
3692	0.033
3694	0.0451
3708	0.8831
3721	0.0503
3728	0.0508
3734	0.0057
3750	0.1448
3753	0.5973
3754	0.0252
3756	0.3053
3761	0.016
3776	0.7852
3780	0.397
3791	0.0196
3794	0.015
3797	0.031
3798	0.1256
3799	0.0336
3814	0.2241
3822	0.2107
3825	0.0376
3827	0.3665
3828	-0.0065
3832	0.059
3833	0.0533
3834	0.0514
3843	0.0645
3849	0.2176
3853	0.1074
3855	0.0905
3865	0.0589
3866	0.0245
3867	0.0447
3875	0.9688
3879	0.0105
3885	0.0531
3886	0.0239
3887	0.3447
3894	-
3900	0.1182
3902	0.2501
3917	-0.0011
3929	0.0076
3931	0.1326
3932	0.0739
3939	0.0721
3940	0.6791
3946	0.0303
3948	0.1507
3952	0.0199
3957	0.01
3960	0.0321
3962	0.0288
3963	-
3972	0.3661
3973	0.3134
3991	0.1687
4000	0.0331
4002	0.0052
4003	0.0036
4004	0.0225
4010	0.3775
4013	0.2051
4016	0.0316
4025	0.0135
4031	0.0264
4032	0.3091
4033	-
4036	0.0519
4039	0.057
4040	0.0608
4045	0.0283
4058	0.0925
4062	0.8193
4065	0.0131
4066	0.0176
4070	0.0563
4079	0.0335
4081	0.278
4083	0.1239
4088	0.0415
4090	0.1895
4092	0.2644
4097	0.0097
4100	0.0149
4103	0.0205
4108	0.0456
4126	0.0207
4132	0.0325
4133	0.7344
4137	0.0482
4140	0.0021
4142	0.1911
4145	0.0524
4146	0.0833
4148	0.0733
4150	0.0114
4154	0.0436
4156	0.0136
4159	0.0125
4162	0.1458
4171	-0.0022
4172	0.0014
4174	0.0127
4176	-0.0062
4185	0.3119
4187	0.0507
4188	0.6842
4191	0.3441
4192	0.0343
4206	0.0172
4207	0.1237
4212	0.0456
4213	0.029
4214	0.0617
4217	0.0034
4226	0.0848
4227	0.0256
4230	0.173
4235	0.0467
4242	0.0437
4244	0.0256
4251	0.4051
4255	0.0803
4257	0.0266
4280	0.0064
4285	0.0125
4301	0.0035
4317	0.203
4330	0.0426
4332	0.0689
4336	0.0523
4344	0.0676
4352	0.003
4361	0.0906
4365	0.9658
4368	0.0853
4371	0.092
4373	0.4548
4380	0.014
4381	0.2007
4383	0.0121
4392	0.0413
4396	0.0381
4398	0.171
4402	0.8594
4404	0.0356
4411	0.0358
4412	0.0411
4413	0.0596
4426	0.0759
4440	0.0838
4442	-0.0008
4452	0.0499
4453	0.2855
4458	0.0233
4459	0.0389
4471	0.0029
4472	0.0875
4473	0.0253
4484	0.0027
4489	0.0904
4491	0.3116
4492	0.084
4494	0.0605
4495	0.0829
4499	0.0065
4507	0.1702
4508	0.1483
4514	0.1149
4522	0.0502
4536	0.032
4539	0.9373
4541	0.5476
4549	0.0338
4550	0.0076
4556	0.041
4557	0.0044
4568	0.2394
4570	0.0493
4572	0.0255
4575	0.0094
4578	-0.0026
4582	0.0244
4588	0.0247
4596	0.042
4599	0.2034
4609	0.3135
4613	0.0386
4615	0.0532
4617	0.0363
4620	0.7025
4629	-
4637	0.0384
4643	0.0216
4644	0.1012
4646	0.1136
4660	0.2648
4661	0.0388
4664	0.2033
4671	0.5804
4689	0.0286
4696	0.0323
4702	0.1194
4711	0.074
4715	0.123
4720	0.0306
4727	0.0023
4729	0.026
4734	0.3036
4739	0.11
4740	0.0317
4744	0.1496
4747	0.9193
4754	0.0089
4759	0.0116
4760	0.0139
4761	0.0251
4766	0.0244
4775	-0.0044
4777	0.0514
4779	0.0883
4782	0.2833
4799	0.0219
4815	0.0145
4818	0.2997
4824	0.0104
4832	0.0292
4834	0.9849
4836	0.3855
4837	0.0368
4841	0.0654
4849	0.1895
4852	0.0183
4856	0.1453
4863	0.034
4878	0.0742
4885	0.0907
4887	0.023
4891	0.2573
4892	0.0515
4893	0.586
4894	0.0337
4898	0.0016
4901	0.073
4905	0.9399
4909	0.0199
4911	0.0187
4939	0.0504
4950	0.2593
4956	0.1139
4958	0.3146
4960	0.0321
4989	0.0056
4998	0.0247
5001	0.0656
5002	0.0145
5003	0.0224
5011	0.5373
5016	0.0456
5023	0.0187
5030	0.0625
5031	0.1508
5035	0.0749
5042	0.2085
5052	0.3037
5060	0.1273
5071	0.0134
5077	0.2598
5079	0.0008
5116	0.0287
5118	0.0225
5124	0.0254
5133	0.0102
5137	0.0043
5148	0.1101
5151	0.0296
5155	0.2827
5169	0.05
5171	0.1987
5174	0.0394
5176	0.0353
5189	0.0311
5196	0.3125
5198	0.0634
5201	0.0139
5203	0.0424
5206	0.0579
5208	-0.0016
5217	0.0984
5227	0.0234
5232	0.0688
5264	0.0174
5273	0.0846
5281	0.1045
5287	0.0567
5288	0.0644
5310	0.0053
5322	0.0178
5333	0.6684
5334	0.0332
5336	0.8971
5337	0.0245
5367	0.0645
5387	0.0524
5396	0.1793
5398	0.0232
5413	0.0184
5417	0.0365
5423	0.0369
5427	0.0311
5431	0.034
5437	-0.0018
5441	-
5442	0.0416
5450	0.0618
5451	0.0403
5452	0.0796
5461	0.0805
5464	0.7553
5465	0.0597
5469	0.0268
5475	0.0888
5476	0.5426
5481	0.0472
5482	0.0182
5491	0.1218
5501	0.0264
5516	0.2569
5520	0.0211
5524	0.3923
5534	0.1631
5538	0.0887
5539	0.0389
5541	0.6536
5560	0.0098
5562	0.4909
5569	0.0286
5570	0.0994
5572	0.0461
5576	0.0064
5577	0.0241
5580	0.6009
5584	0.0228
5586	0.0306
5590	0.049
5594	0.0599
5600	0.0378
5606	0.0303
5610	0.057
5614	-0.0002
5617	0.0464
5622	0.3746
5623	0.1624
5624	0.0289
5632	0.0572
5633	0.0414
5636	0.0498
5637	0.0319
5650	0.1435
5654	0.7744
5662	0.3953
5668	0.1036
5672	0.0387
5673	0.015
5679	0.7438
5685	0.1115
5688	0.1252
5692	0.0178
5697	0.1814
5699	0.0502
5707	0.4234
5711	0.0563
5719	0.019
5722	0.0822
5730	0.4588
5738	0.0254
5739	0.0592
5741	0.0467
5744	0.0687
5746	0.0211
5748	0.033
5753	0.0484
5754	-0.0055
5765	0.083
5766	0.0795
5770	0.007
5775	0.0535
5776	0.0382
5781	0.1677
5804	0.2067
5807	0.0424
5813	-0.0094
5817	0.0173
5819	0.014
5824	0.4343
5834	0.0622
5836	0.0056
5844	0.051
5845	0.167
5851	0.1903
5853	0.0575
5859	0.0299
5882	0.1122
5891	0.0573
5892	0.1205
5894	0.0363
5897	0.0591
5902	0.0208
5923	0.0503
5924	0.0009
5925	-0.0068
5928	0.0127
5930	0.0027
5935	0.0436
5945	0.1235
5946	0.014
5952	0.0011
5962	-0.0021
5966	0.2242
5973	0.198
5980	0.2399
5984	0.2512
5995	0.2515
6026	0.0467
6028	0.3634
6031	0.5297
6033	0.0439
6040	0.0366
6051	0.0377
6065	0.0513
6069	-0.0061
6071	0.0399
6077	0.0286
6080	0.2175
6085	0.5406
6094	0.298
6099	0.0292
6100	0.0307
6112	0.0108
6126	-
6144	0.671
6147	0.0911
6156	0.0215
6157	0.214
6158	0.0927
6182	0.0174
6187	0.0362
6195	0.0519
6203	0.1294
6218	0.02
6220	0.9631
6225	0.0723
6229	0.0182
6230	0.2134
6244	0.0836
6248	0.1772
6259	0.0509
6260	0.0518
6270	0.0424
6274	0.0488
6275	0.0038
6279	0.1065
6292	0.0392
6298	0.0411
6306	0.0641
6312	0.0138
6314	0.0439
6315	0.0882
6318	0.1376
6319	0.0444
6329	0.0091
6333	0.0158
6342	0.0422
6353	0.0564
6357	0.1231
6360	0.0392
6368	0.6133
6377	0.2317
6384	0.0171
6388	0.1936
6390	0.0739
6393	0.0902
6399	0.002
6403	0.22
6408	0.0229
6409	0.0216
6410	0.1324
6417	0.0315
6426	0.7344
6429	0.7864
6431	0.6211
6432	0.2289
6441	0.1308
6443	0.111
6454	0.0245
6458	0.0866
6462	0.2373
6467	0.5587
6484	0.0115
6487	0.1194
6492	0.5172
6498	0.1752
6500	0.1135
6519	0.0401
6520	0.1373
6522	0.0903
6525	0.0707
6526	0.9165
6533	0.002
6534	0.0625
6540	0.0149
6550	0.6997
6554	0.0237
6563	0.0119
6565	0.8009
6566	-
6567	0.0105
6576	0.0394
6583	0.0323
6593	0.0905
6597	0.3399
6602	0.0377
6604	0.0043
6606	0.1559
6608	0.0068
6609	0.2296
6617	-0.0007
6631	0.7649
6635	0.0974
6637	0.009
6638	0.023
6640	0.0469
6652	0.0114
6657	0.0047
6658	0.4005
6660	0.6258
6672	0.0201
6675	0.0191
6677	0.1571
6683	-
6687	0.1037
6690	0.4765
6693	0.0795
6697	0.0834
6701	0.0208
6709	0.611
6721	0.0191
6724	-
6728	0.0036
6729	0.0408
6735	0.0178
6757	0.0185
6768	0.2919
6769	-0.003
6771	0.0854
6773	0.6579
6797	0.105
6801	-0.0018
6802	0.6533
6803	0.0267
6807	0.0381
6810	0.0164
6816	0.0273
6823	0.0255
6833	0.1085
6835	0.0067
6845	0.0404
6846	0.0448
6860	0.1402
6870	0.302
6877	-0.002
6878	0.1721
6882	0.1355
6883	0.024
6886	0.0443
6887	0.0139
6890	0.038
6894	0.0201
6899	0.0492
6910	0.0156
6913	0.0443
6925	0.0433
6926	0.3672
6938	0.0192
6944	0.3374
6947	0.0201
6953	0.0191
6956	0.086
6960	0.0372
6962	0.702
6969	0.2278
6970	0.0611
6971	0.2318
6983	0.2018
6988	0.2392
6989	0.0656
6993	0.02
6995	0.0177
6996	0.0256
7000	0.2682
7023	0.0397
7027	0.2514
7028	0.074
7046	0.759
7048	0.345
7055	0.0338
7058	0.2965
7074	0.0411
7081	0.0275
7083	-
7086	0.1449
7089	0.3082
7092	0.014
7096	0.2674
7104	0.0425
7106	0.0223
7109	0.1641
7117	0.1219
7127	0.3555
7128	0.0477
7132	0.1225
7134	0.0114
7138	0.0161
7139	0.0293
7142	0.2728
7144	0.0241
7146	-
7151	0.0892
7161	0.0183
7164	0.0264
7171	0.0516
7173	0.0562
7183	0.1976
7192	0.0339
7193	0.0295
7203	0.0222
7205	0.2763
7206	0.4219
7209	0.0159
7214	0.9091
7216	0.0246
7223	0.062
7227	0.0522
7230	0.0086
7241	0.1514
7252	0.0592
7271	0.3215
7275	0.0483
7283	0.0283
7286	0.0686
7290	0.0211
7298	0.0175
7299	0.0137
7301	0.0422
7313	0.8831
7314	0.1992
7315	0.1303
7322	0.0071
7326	0.0421
7327	0.1305
7328	0.6503
7332	0.0183
7333	0.0128
7335	0.0542
7341	0.022
7345	0.0384
7366	-
7367	0.5382
7370	0.0968
7384	0.0395
7390	0.626
7391	0.0466
7395	0.0075
7399	0.0725
7412	0.0316
7421	0.0361
7431	0.1128
7433	-
7434	-0.002
7450	0.3757
7453	0.0408
7457	0.1102
7458	0.005
7465	0.0429
7466	0.1098
7479	0.53
7485	0.3601
7489	0.0348
7490	0.0062
7494	0.0362
7498	0.0335
7501	0.0265
7505	0.0286
7509	0.0888
7514	0.0362
7522	0.041
7526	0.0683
7537	0.0075
7545	0.8263
7559	0.0607
7565	0.0463
7570	0.0434
7571	0.0351
7573	0.1402
7574	0.0505
7583	0.0728
7598	0.0167
7603	0.0053
7604	0.0642
7605	0.0607
7610	-0.0009
7620	0.0053
7627	0.0822
7637	0.0338
7643	0.2589
7647	0.0221
7666	0.0013
7674	0.0462
7682	0.0154
7688	0.2714
7690	0.9962
7697	0.1351
7698	0.0594
7703	0.1742
7711	0.0929
7713	0.0048
7715	0.0377
7726	0.0416
7730	0.0224
7731	0.0315
7735	0.0073
7736	0.0286
7747	0.0906
7749	0.1062
7754	0.339
7755	0.1472
7759	0.1824
7763	0.0125
7768	0.0361
7769	0.1756
7775	0.1864
7781	0.0141
7789	0.03
7791	0.0592
7803	0.0095
7806	0.0756
7807	0.4177
7818	0.1166
7823	0.0114
7828	0.6294
7833	0.0367
7847	0.0813
7855	0.2049
7865	0.002
7869	-0.0044
7870	0.5122
7875	0.3337
7879	0.0576
7890	0.0679
7902	0.2953
7907	-
7910	0.0346
7913	0.0272
7915	0.1206
7922	0.0231
7929	0.0371
7940	0.3613
7942	0.0376
7952	0.0731
7953	0.0102
7957	0.3743
7962	0.0167
7974	0.4423
7975	0.3516
7976	0.0509
7988	0.4426
7992	0.0148
8002	0.0256
8016	0.0391
8018	0.0708
8019	0.2452
8023	0.0298
8026	0.0094
8027	0.0534
8033	0.9721
8037	0.0264
8045	0.3914
8046	0.247
8048	0.7028
8055	0.1735
8056	0.0326
8057	0.1045
8058	0.0557
8062	-
8064	0.1097
8067	0.0814
8079	0.013
8086	0.9844
8095	-0.0002
8098	0.0484
8100	0.0218
8103	0.2453
8124	0.849
8126	0.0347
8130	0.1341
8135	0.1104
8148	0.105
8149	0.1521
8150	-0.0004
8152	0.0956
8160	0.0397
8168	0.0846
8183	0.0698
8190	0.2148
8191	0.0281
8192	0.0528
8194	0.9393
8196	0.2515
8198	0.021
8199	0.2063
8204	0.1565
8205	0.1139
8206	0.0486
8208	0.0428
8209	0.1191
8212	0.0522
8217	0.6953
8218	0.0173
8231	0.0107
8241	-0.0019
8242	-0.0004
8246	0.1738
8252	0.094
8260	0.0144
8267	0.0912
8277	0.8132
8278	0.0002
8288	0.0208
8289	0.2054
8295	0.3333
8301	0.0202
8305	0.0349
8312	0.0819
8315	0.0469
8316	0.09
8320	0.0156
8322	0.0287
8327	0.5736
8330	0.2521
8334	0.1385
8336	0.0669
8346	0.0127
8375	0.0775
8388	-0.0062
8389	0.5224
8409	-0.0004
8414	0.0752
8426	0.0237
8427	0.019
8445	0.1682
8448	0.1153
8450	0.0299
8461	0.2307
8465	0.0141
8471	0.4375
8484	0.0635
8486	0.0018
8493	0.0155
8499	0.7911
8507	0.1474
8514	0.036
8517	0.0183
8525	0.4263
8526	0.104
8527	0.0081
8530	0.0153
8534	0.7745
8536	0.2472
8540	0.0095
8547	0.017
8554	0.017
8568	0.0277
8569	0.8231
8572	0.234
8581	0.0517
8586	0.1199
8590	0.4838
8596	0.38
8597	0.0789
8601	0.5301
8603	0.5262
8606	0.0349
8641	0.0403
8642	-
8649	0.0087
8670	0.0565
8671	0.4055
8690	0.426
8693	0.1501
8703	0.0348
8704	0.0874
8724	0.0293
8726	0.0681
8727	0.0564
8743	0.083
8746	0.7956
8747	0.0551
8758	0.0496
8759	0.0018
8769	0.007
8778	0.4692
8788	0.109
8789	0.109
8794	0.0918
8798	0.0166
8803	0.0363
8804	0.0135
8805	0.0378
8808	0.0258
8810	0.0147
8813	0.0832
8815	0.0248
8816	0.0044
8820	0.7799
8827	0.0208
8831	0.1849
8840	0.4088
8842	0.0498
8847	0.1898
8849	0.1216
8867	0.0405
8872	0.0122
8873	0.0125
8885	0.103
8890	0.0471
8898	0.1795
8902	0.0093
8907	0.4569
8915	0.0062
8920	0.0226
8936	0.6505
8943	0.1304
8948	-0.0017
8955	0.2221
8979	0.0277
8997	0.3065
9000	0.0272
9002	0.1075
9008	-0.0002
9043	0.0179
9050	0.03
9054	0.0238
9061	0.0977
9077	0.0227
9079	0.0155
9082	0.0479
9085	0.0737
9091	0.0486
9097	0.0218
9100	0.0458
9102	0.0382
9119	0.3218
9131	0.0092
9134	0.011
9135	0.0215
9144	0.0065
9156	0.0249
9158	0.8347
9159	0.0061
9162	0.0006
9164	0.0138
9165	0.2185
9166	0.4003
9168	0.0806
9174	0.1124
9184	0.1188
9187	0.0207
9190	0.4275
9191	0.0395
9192	-0.007
9203	0.0085
9205	0.3443
9210	-0.0029
9211	0.8061
9213	0.0142
9215	0.0072
9216	0.5946
9218	0.0484
9228	0.0191
9229	0.3092
9247	0.0154
9251	0.7519
9252	0.0469
9274	0.0187
9275	0.033
9277	0.1943
9280	0.0224
9284	0.0828
9289	0.2336
9299	0.0574
9305	0.2126
9308	0.1535
9316	0.0083
9323	0.103
9326	0.4432
9331	0.1051
9347	-0.0014
9350	0.1056
9354	0.1542
9355	0.8137
9359	0.0884
9363	0.0207
9369	0.0026
9378	0.0484
9380	0.0132
9387	0.0174
9393	0.0079
9408	0.0842
9415	0.3729
9418	0.0278
9419	0.4277
9421	0.1205
9434	0.753
9443	0.103
9449	0.1439
9452	0.321
9456	0.8648
9458	0.0161
9461	0.3326
9489	0.0505
9492	0.2474
9497	0.0318
9502	0.2156
9506	0.0026
9530	0.004
9538	0.0338
9545	0.434
9549	0.0575
9563	0.0406
9565	0.0886
9576	0.1545
9579	0.1243
9582	0.0192
9585	0.5692
9590	0.0092
9593	0.0374
9596	0.0148
9604	0.0012
9606	0.0328
9610	0.0565
9611	0.0311
9632	0.005
9640	0.4208
9645	0.0298
9655	0.0195
9658	0.1726
9663	0.0026
9664	0.0089
9667	0.1302
9668	0.11
9673	0.0412
9675	0.0001
9679	0.0741
9681	0.2356
9682	0.5496
9684	0.7179
9691	0.0193
9704	0.1213
9705	0.0438
9714	0.9244
9717	0.9005
9724	0.0376
9726	0.0054
9729	0.0356
9731	0.7523
9738	0.064
9740	0.0302
9741	0.0312
9755	0.0082
9766	0.0048
9770	0.0668
9776	0.0077
9789	0.5389
9800	0.0058
9801	0.1211
9812	0.0171
9813	0.0124
9819	0.0185
9825	0.4421
9833	0.0865
9840	0.435
9845	0.0452
9850	0.0456
9852	0.2449
9853	0.4368
9855	0.0507
9864	0.1103
9865	0.0654
9870	0.0438
9872	0.0147
9878	0.2002
9886	0.0166
9888	0.0241
9894	0.0572
9896	0.8286
9898	0.0034
9922	0.0318
9926	0.0119
9940	0.0131
9941	0.0149
9943	0.068
9964	0.0172
9965	0.0473
9966	0.0225
9967	0.0703
9970	0.0139
9979	0.0042
9980	0.7301
9983	0.0095
9986	0.1674
9987	0.0166
9992	0.0346
9996	0.3884
10006	0.2704
10012	0.1498
10015	0.5605
10017	0.0114
10022	0.8069
10024	0.1433
10029	0.3296
10038	0.0077
10039	0.0035
10045	0.0507
10061	0.5316
10063	0.2945
10068	0.0414
10076	0.028
10079	0.5386
10086	0.0919
10092	0.0265
10113	0.0244
10134	0.0074
10136	0.2802
10138	0.0612
10139	-0.0001
10150	0.0379
10151	0.0855
10153	0.0355
10160	0.1649
10166	0.0125
10172	0.2556
10177	0.0303
10178	-
10181	0.0323
10188	0.0951
10191	0.0132
10198	0.2097
10199	0.1079
10207	0.031
10210	0.0226
10215	0.1678
10217	0.0194
10218	0.001
10222	0.0044
10226	0.2177
10227	0.0069
10232	0.028
10236	0.0112
10240	0.0092
10245	0.0318
10260	0.0617
10263	0.12
10276	0.0682
10284	0.0403
10285	-0.0018
10291	0.2477
10292	0.0168
10295	0.0076
10299	0.0208
10304	0.0169
10306	0.19
10307	-0.0057
10316	0.1012
10319	0.0102
10334	0.1507
10342	0.0311
10350	0.0137
10366	0.0177
10374	0.3405
10380	-
10386	0.0972
10392	0.0238
10396	0.1003
10399	0.0203
10401	0.006
10410	0.0915
10413	0.068
10414	0.044
10421	0.4273
10425	-
10429	0.0483
10431	0.0562
10435	0.0303
10440	0.9124
10441	0.1611
10445	0.0063
10456	0.0542
10460	0.9849
10462	0.2105
10471	0.0228
10475	0.042
10476	0.08
10477	0.2935
10488	0.0668
10495	0.001
10497	0.0449
10498	0.066
10501	0.0373
10514	0.044
10524	0.0327
10529	0.3235
10530	0.0235
10539	0.038
10552	0.1363
10560	0.045
10567	0.0561
10568	0.0287
10576	0.0156
10577	0.0166
10580	0.1821
10585	0.0514
10595	0.0333
10598	0.1034
10620	0.5983
10648	0.0033
10660	0.0226
10662	0.0742
10665	0.0328
10675	0.013
10676	0.024
10685	0.0422
10687	0.0712
10691	0.0097
10698	0.1669
10706	0.211
10711	0.0485
10713	0.0952
10715	-0.0048
10718	0.016
10726	0.1112
10730	0.497
10732	0.0014
10738	0.297
10742	0.0356
10745	0.0172
10752	0.0182
10756	0.1193
10758	0.0335
10760	0.0184
10761	0.0209
10785	0.9436
10799	0.0642
10806	0.2427
10813	0.1058
10820	0.0291
10821	0.1569
10823	0.0043
10828	0.6736
10836	0.0233
10838	0.0201
10839	0.0805
10840	0.7654
10844	0.1139
10848	0.1193
10849	0.0264
10857	0.0428
10860	0.0503
10872	0.0446
10878	0.0053
10882	0.0185
10885	0.0168
10886	0.2501
10894	0.0659
10906	0.0373
10910	0.0258
10913	0.1829
10921	0.0248
10928	0.2381
10933	0.0076
10951	0.3543
10953	0.0298
10954	0.085
10960	0.1448
10965	0.041
10966	0.0929
10978	0.1006
10979	0.0607
10991	0.0528
10995	0.0301
10999	0.2772
11001	0.0437
11003	0.1364
11008	0.1176
11013	0.0086
11018	0.1207
11019	0.6845
11027	0.0773
11048	0.0151
11049	0.0079
11052	0.0141
11054	0.0681
11056	0.0277
11059	0.057
11065	0.021
11069	0.2005
11072	0.0258
11081	0.2639
11090	0.0329
11092	0.1093
11113	0.0257
11115	0.0537
11116	0.0528
11119	-0.0013
11126	0.0353
11129	0.0436
11132	0.117
11133	0.2707
11140	0.3388
11144	0.0082
11146	0.4951
11149	0.0045
11154	0.1793
11162	0.0807
11165	0.0631
11166	0.7132
11170	0.151
11175	0.0734
11176	0.009
11182	0.062
11190	0.9923
11191	0.1569
11209	0.1853
11210	0.0639
11211	0.0247
11214	0.0346
11216	0.0063
11222	-0.0082
11225	0.0453
11234	0.0446
11244	0.0526
11254	0.0015
11257	0.1355
11260	0.0082
11262	0.02
11268	0.0101
11273	0.503
11282	0.0127
11290	0.0418
11299	0.0611
11300	0.0266
11304	0.1754
11307	0.6268
11313	0.2794
11319	0.0202
11325	0.1753
11336	0.2295
11337	0.1108
11343	0.0647
11348	0.0169
11354	0.0111
11367	0.0409
11370	0.0277
11378	0.0275
11386	0.0337
11400	0.1281
11406	0.0788
11408	0.0998
11413	0.0184
11415	0.002
11417	0.0605
11420	0.0828
11422	0.0726
11433	0.0148
11437	0.047
11443	0.0329
11447	0.0217
11454	0.1061
11459	0.0415
11462	0.0102
11469	0.1323
11476	0.0096
11479	0.763
11482	0.3495
11483	0.1234
11486	0.0433
11488	-0.0005
11500	0.0534
11504	0.3734
11505	0.0811
11506	0.0216
11509	0.9686
11520	0.1214
11521	0.0346
11535	0.0348
11537	0.0376
11546	0.096
11552	0.0667
11563	0.0579
11564	0.014
11565	0.1069
11566	0.0877
11569	0.603
11574	0.0159
11576	0.0835
11579	0.0499
11580	0.1554
11591	0.0371
11594	0.147
11609	0.0965
11611	0.3246
11618	0.0577
11627	0.017
11638	0.151
11646	0.0846
11651	0.0102
11663	0.0564
11670	0.1485
11675	0.0296
11686	0.0061
11687	0.0856
11691	0.254
11711	0.1671
11717	0.0814
11722	0.1023
11725	0.2305
11736	0.8427
11738	0.1197
11741	0.1913
11749	0.0624
11759	0.9425
11760	0.0655
11761	0.975
11762	0.0479
11768	0.1117
11770	0.0811
11774	0.0656
11783	0.0087
11789	0.0221
11805	0.1405
11818	0.0261
11841	0.0082
11843	0.0072
11846	0.0326
11848	0.0395
11849	0.0115
11850	0.054
11851	0.0388
11859	0.0342
11860	0.3373
11871	0.0187
11872	0.0658
11878	0.0075
11880	0.0063
11886	0.1186
11889	0.1176
11895	0.0667
11896	0.0131
11899	0.6169
11902	0.0299
11905	0.162
11910	0.0466
11912	0.5997
11926	0.0103
11943	0.0813
11947	0.0928
11951	0.8733
11954	0.1509
11964	0.0823
11978	0.0297
11983	0.08
11988	0.0262
11990	0.1638
11992	0.0056
11994	0.1591
11997	0.0273
12001	0.0212
12017	0.5039
12025	0.0532
12028	0.0686
12036	-
12049	0.0128
12054	0.0021
12055	0.0439
12064	0.0047
12065	0.2376
12068	0.1255
12069	0.0181
12070	0.0167
12082	0.0478
12083	0.5943
12087	0.0634
12099	0.0312
12107	0.0542
12108	0.0708
12116	0.0567
12120	0.2573
12122	0.0632
12123	0.019
12145	0.0023
12155	0.2402
12158	0.0537
12161	0.5342
12182	0.43
12184	-0.0024
12190	0.3021
12194	0.0246
12199	0.0585
12201	0.057
12205	0.0468
12206	0.2052
12213	0.0102
12218	0.0509
12220	0.0753
12233	0.1448
12242	0.0815
12254	0.8592
12255	0.0204
12277	0.3314
12288	0.0456
12291	0.0279
12294	0.424
12295	0.0456
12299	0.0281
12303	0.0484
12309	0.1779
12320	0.828
12322	0.0062
12331	0.17
12332	0.0219
12334	0.0259
12337	0.0402
12352	0.0622
12380	0.0881
12384	0.341
12394	0.0392
12401	0.0597
12403	0.0525
12406	-
12425	0.0386
12430	0.0304
12431	0.0372
12432	0.0582
12434	0.0856
12449	0.1461
12458	0.0927
12474	0.04
12477	0.046
12479	0.0226
12483	0.068
12493	0.035
12506	0.0248
12508	0.0208
12515	0.0636
12516	0.3105
12520	0.0572
12521	0.0066
12534	0.0256
12537	0.0322
12541	0.0459
12544	0.0776
12554	0.0211
12555	0.0723
12559	0.0483
12564	0.0848
12566	0.0405
12567	0.0629
12568	0.0271
12570	0.2761
12578	0.0478
12579	0.0699
12584	0.1659
12600	0.0942
12605	0.0222
12606	0.0152
12615	0.1701
12622	0.2566
12623	0.0818
12636	0.0535
12639	0.0406
12641	-0.0029
12648	0.1653
12649	0.0279
12652	-0.0008
12657	0.0114
12664	0.0031
12668	0.2324
12670	0.4308
12686	0.0267
12693	0.8827
12701	0.0934
12705	0.3394
12707	0.0506
12709	0.016
12711	0.1252
12713	0.0125
12720	0.5236
12721	0.0329
12723	0.0335
12725	0.0215
12726	0.0899
12729	0.0021
12734	0.0346
12736	0.0093
12738	0.1125
12746	0.5747
12747	0.2047
12756	0.0237
12758	0.0065
12762	0.0523
12768	0.0572
12770	0.0235
12771	0.0404
12775	0.0511
12779	0.1296
12793	0.2205
12803	0.0369
12810	0.337
12813	0.0281
12823	0.0025
12824	0.0326
12851	0.0722
12852	0.16
12866	0.0632
12869	0.0093
12877	0.1553
12881	0.0473
12884	0.3496
12886	0.0651
12889	0.1395
12892	0.1156
12895	0.0536
12897	0.0223
12903	0.0118
12916	0.0305
12917	0.0554
12921	0.0249
12922	0.028
12925	0.0195
12937	0.0366
12942	0.006
12945	0.53
12946	0.2234
12948	0.0839
12952	0.0502
12956	0.092
12962	0.0266
12963	0.0055
12971	0.051
12972	0.0106
12979	0.0013
12982	0.1993
12987	0.022
12990	0.0296
12994	0.0256
13010	0.0414
13020	0.0711
13036	0.02
13038	0.289
13041	0.0504
13052	0.0356
13054	0.1923
13063	0.0473
13066	0.0196
13081	0.3784
13082	0.0116
13083	0.0007
13090	0.4923
13100	0.2028
13104	0.0015
13107	0.8228
13124	0.0418
13125	0.0236
13129	0.0337
13135	0.0176
13142	0.3564
13148	0.0951
13152	0.8648
13162	0.1353
13163	0.028
13167	0.0273
13168	0.0369
13176	-0.0018
13180	0.3304
13188	0.0185
13192	0.0608
13196	0.2944
13198	0.085
13207	0.143
13209	0.038
13211	0.0233
13218	0.1949
13221	0.9658
13237	0.0118
13241	0.1372
13242	0.0477
13249	0.0246
13253	0.0202
13258	0.2128
13275	0.0624
13276	0.1556
13279	0.037
13285	0.0282
13286	0.1681
13291	0.116
13295	0.1365
13297	-0.002
13301	0.0369
13304	0.0355
13308	0.0009
13314	0.0859
13316	0.0761
13318	0.0981
13321	0.0555
13322	0.0277
13323	0.0135
13333	0.198
13338	0.0554
13341	0.5987
13345	0.0442
13352	0.0245
13355	0.0045
13369	0.001
13379	0.0476
13384	0.6895
13399	0.292
13406	0.1527
13408	0.0439
13411	0.2505
13418	0.0744
13422	0.0571
13430	0.4782
13432	0.0516
13443	0.0144
13458	-0.0071
13461	0.0086
13462	0.0181
13463	0.0249
13468	0.0692
13476	0.0228
13478	0.0022
13485	0.0241
13486	0.0188
13501	0.0267
13505	0.1431
13506	0.0196
13514	0.0576
13518	0.9088
13521	0.0144
13523	0.6891
13525	0.0345
13531	0.0962
13533	0.0119
13537	0.0417
13544	0.0289
13547	0.224
13552	0.0877
13556	0.5676
13563	0.0569
13574	0.0123
13575	0.0858
13583	0.0975
13597	0.9962
13598	0.0639
13600	0.0171
13607	0.1193
13608	0.0602
13610	0.1024
13620	-0.0009
13626	0.0385
13627	0.0065
13631	0.0508
13641	0.1293
13650	0.8716
13652	0.0813
13656	0.0121
13670	0.0217
13693	0.697
13701	0.0414
13702	0.0414
13712	0.0499
13721	0.0309
13723	0.0088
13724	0.0589
13725	0.1769
13732	0.0539
13738	0.0101
13756	0.042
13762	0.0268
13766	0.0221
13769	0.007
13773	0.0455
13774	0.0105
13791	0.6234
13796	0.0196
13802	0.0302
13813	0.0509
13818	0.1315
13841	0.148
13845	0.437
13846	0.0621
13850	0.0269
13856	0.0197
13857	0.1868
13860	0.0314
13880	0.0222
13881	0.0139
13892	0.0399
13895	0.0606
13902	0.0755
13908	0.0357
13909	0.0383
13911	0.0883
13917	0.437
13923	0.519
13925	0.1612
13934	0.0303
13935	0.2435
13937	0.2459
13940	0.1178
13960	0.0158
13979	0.0752
13980	0.0062
13982	0.0372
13991	0.0453
14006	0.1047
14011	0.5745
14020	0.0039
14032	0.2435
14042	0.0822
14044	0.0926
14045	0.004
14049	0.0558
14059	0.0334
14064	0.0576
14070	0.2378
14075	0.1004
14115	0.0392
14117	0.8204
14122	0.0117
14127	0.0161
14130	0.0202
14131	0.0677
14140	0.0574
14143	0.1248
14153	0.0195
14166	0.2083
14171	0.0236
14174	0.0044
14176	0.0274
14190	0.0364
14199	0.0897
14208	0.015
14213	0.0287
14221	0.0589
14234	0.1625
14236	0.2993
14247	0.0164
14249	0.0314
14260	0.1694
14266	0.0767
14268	0.1489
14269	0.0384
14287	0.0043
14293	0.0008
14296	0.0013
14298	0.1104
14300	0.0383
14305	0.9329
14311	0.1379
14327	0.0569
14329	0.6333
14341	0.0219
14342	0.037
14344	0.2246
14360	0.0066
14364	0.0154
14365	0.0245
14371	0.0028
14379	0.0118
14380	0.0086
14405	0.0959
14421	0.0653
14426	0.0612
14432	0.0157
14448	0.0773
14459	0.4331
14461	0.0758
14466	0.0078
14472	0.0142
14473	0.0376
14474	-0.0055
14475	0.0242
14478	0.0278
14479	-
14491	0.0215
14492	-0.0008
14495	0.0149
14502	0.0822
14505	0.0944
14506	0.0713
14510	0.0671
14514	0.2909
14517	0.0896
14522	0.0557
14526	0.1756
14532	0.0842
14536	0.0128
14537	0.0811
14545	0.162
14546	0.3571
14547	0.0443
14550	0.1602
14554	0.2981
14555	0.0293
14559	0.0062
14572	0.014
14591	0.0528
14592	0.4762
14593	0.0094
14594	0.0975
14596	0.0077
14618	0.012
14620	0.0157
14626	0.3648
14634	0.0193
14635	0.0792
14640	0.07
14641	0.0165
14655	0.0369
14657	0.0329
14659	0.0092
14661	0.0449
14666	0.0985
14667	0.1334
14696	0.0226
14698	0.089
14702	0.3151
14710	0.0319
14714	0.0316
14719	0.0635
14720	0.9625
14727	0.0033
14729	0.1176
14730	0.0561
14740	0.0324
14741	0.0477
14754	0.0759
14755	0.0319
14758	0.01
14760	0.1662
14762	0.0512
14764	0.0084
14765	0.166
14783	-0.0022
14803	0.0133
14804	0.0178
14810	0.796
14814	0.1463
14824	0.0286
14839	0.3021
14852	0.9023
14853	-
14864	0.0005
14869	0.0002
14889	0.0888
14890	0.0749
14897	0.0468
14902	0.0559
14906	0.3667
14909	0.1861
14912	0.0046
14913	0.1568
14920	0.0346
14922	0.02
14924	0.0219
14930	0.0282
14932	0.0531
14934	0.0693
14955	0.13
14968	0.2677
14972	0.0601
14979	0.2216
14990	0.2662
14992	0.0194
14997	0.008
14999	0.004
15002	0.0329
15003	0.0514
15007	-0.0038
15009	0.0356
15010	0.0655
15017	0.294
15024	0.0193
15034	-
15037	0.0619
15039	-0.0073
15052	0.0295
15053	0.0304
15060	0.1232
15061	0.3686
15066	0.0598
15069	0.1022
15086	0.0094
15098	0.0297
15104	0.144
15109	0.0404
15112	0.0688
15113	-
15114	0.1437
15122	-0.0027
15139	0.1258
15140	0.0633
15145	0.1405
15150	0.0513
15165	0.0666
15168	0.021
15171	0.0438
15185	0.0172
15207	0.0695
15212	0.0278
15217	0.0293
15218	0.0198
15229	0.1255
15232	0.0025
15234	0.1433
15235	0.0134
15239	0.1992
15240	0.1605
15242	0.0205
15248	0.0165
15251	0.0587
15256	0.0659
15267	0.0915
15269	0.0685
15274	0.0608
15279	0.0109
15290	-
15293	0.222
15298	-
15300	0.0373
15306	0.0056
15308	0.0725
15311	0.6086
15313	0.0251
15316	0.14
15323	0.0925
15326	0.0988
15327	0.0991
15332	0.0126
15351	0.1207
15354	0.0229
15373	0.7539
15378	0.0335
15382	0.0824
15386	0.0473
15393	0.1927
15398	0.0566
15401	0.0453
15407	0.1206
15411	0.0818
15419	0.0284
15427	0.0646
15432	0.0207
15442	0.0276
15443	0.0536
15456	0.1042
15459	0.0494
15462	0.047
15471	0.5338
15473	0.9455
15474	0.2142
15488	0.0037
15494	0.0574
15507	0.0128
15508	0.0334
15526	0.0463
15527	0.0223
15528	0.3258
15531	0.1453
15536	0.0533
15543	0.0004
15546	0.1893
15548	0.0624
15557	0.2861
15560	-0.0014
15567	0.0286
15568	0.2078
15571	0.4925
15573	0.7891
15586	0.1037
15588	0.1084
15595	0.0693
15598	0.1302
15604	-0.0027
15607	0.2508
15610	0.0993
15614	0.0128
15615	0.7299
15623	0.0107
15639	0.0681
15645	0.0778
15646	0.5528
15650	0.0799
15652	0.0898
15667	0.3044
15675	0.0921
15677	0.5534
15680	0.0231
15701	0.014
15708	0.1922
15713	0.0559
15714	-0.0016
15735	0.246
15748	0.9816
15749	0.0637
15752	0.1288
15754	0.0466
15756	0.049
15763	0.1944
15774	0.0508
15780	0.8892
15788	0.1352
15791	0.6224
15794	0.1154
15796	0.019
15805	0.0454
15806	0.0282
15808	0.2291
15828	0.5155
15829	0.0637
15841	0.1059
15850	0.0343
15855	0.0249
15869	0.036
15872	0.1672
15881	0.0127
15887	0.0085
15903	0.0194
15907	0.6105
15910	0.0766
15925	0.0123
15927	0.1787
15934	0.5703
15948	0.0499
15954	0.2857
15955	0.0377
15958	0.0879
15965	0.021
15968	0.0206
15973	0.0259
15991	0.0406
15997	0.0641
16005	0.0267
16009	0.0674
16011	0.0139
16032	0.2593
16033	0.1222
16035	0.0292
16036	0.0505
16037	0.0066
16039	0.0181
16040	0.0221
16046	0.3604
16053	0.0336
16057	0.4308
16059	0.0284
16062	0.0124
16063	0.0258
16087	0.0486
16089	0.0375
16098	0.2838
16121	0.5492
16127	0.0145
16134	0.0753
16135	0.0329
16141	-
16145	0.0426
16151	0.1244
16153	0.0535
16157	0.1031
16164	0.0714
16165	0.4921
16166	0.0352
16168	0.0304
16173	0.0413
16175	0.0152
16178	0.0302
16179	0.0302
16180	0.0059
16186	0.3989
16187	0.039
16190	0.1437
16205	0.0111
16208	0.0062
16209	0.0303
16211	0.1037
16215	0.05
16218	0.0157
16227	0.0392
16231	0.1581
16233	0.1819
16238	0.022
16245	-0.0016
16257	0.429
16261	0.033
16264	0.0097
16270	0.3576
16277	0.1818
16280	0.4775
16291	0.1269
16292	0.0357
16313	0.0563
16325	0.023
16332	-0.0023
16343	0.0593
16352	0.1799
16354	0.053
16360	0.1906
16369	0.0844
16370	0.0834
16375	0.1573
16384	0.0142
16393	0.0059
16396	0.0241
16410	0.0625
16418	0.0094
16422	0.0272
16425	0.0281
16429	0.2782
16441	0.0682
16456	0.8051
16457	0.0663
16458	0.1275
16474	0.104
16480	0.1399
16482	0.0105
16492	0.0045
16504	0.6827
16517	0.7637
16520	0.0926
16522	0.0094
16535	0.0392
16549	0.0106
16560	0.0258
16563	0.0127
16564	0.0668
16571	0.1386
16573	0.001
16577	0.0304
16580	0.0294
16585	0.1861
16599	0.0244
16612	0.0316
16613	0.0374
16615	0.0118
16616	0.0684
16620	0.738
16621	0.0296
16637	0.0164
16650	0.0681
16654	0.0279
16667	0.4908
16683	0.3678
16690	0.0178
16695	0.0722
16697	0.0204
16698	0.0349
16706	0.0293
16718	0.0819
16742	0.1034
16745	-0.0008
16748	0.4335
16752	0.2181
16766	0.0732
16787	0.0154
16789	0.0055
16790	0.0366
16791	0.0671
16800	0.1972
16803	0.1015
16806	0.1542
16812	0.0092
16814	0.1215
16820	0.2517
16833	0.03
16834	0.2476
16839	0.0369
16846	0.0421
16858	0.0438
16861	0.0887
16865	0.0174
16872	0.0612
16874	0.0316
16880	0.042
16881	0.0134
16891	0.0098
16897	0.0181
16898	0.6404
16902	0.0857
16904	0.0199
16908	0.1317
16911	0.0289
16931	0.0323
16933	0.0867
16934	0.0162
16942	0.0535
16944	0.1051
16947	0.027
16955	0.1112
16963	0.1071
16965	0.0206
16966	-0.0032
16967	0.057
16968	0.3853
16982	0.0247
16989	0.0176
17001	0.1342
17002	0.0127
17004	0.0382
17016	0.9611
17021	0.2201
17036	0.0661
17038	0.7318
17040	0.0263
17046	0.029
17066	0.1643
17070	0.316
17073	0.0513
17074	0.0286
17084	0.0158
17087	0.5626
17097	0.493
17102	0.0403
17104	0.0428
17106	0.0307
17116	0.0665
17118	0.026
17121	0.0278
17128	0.0134
17131	0.2347
17132	0.0544
17134	0.0507
17141	0.0194
17149	0.2153
17165	0.1254
17168	0.0415
17181	0.1207
17182	0.0133
17183	0.103
17185	0.0309
17190	0.0252
17192	0.0816
17216	0.0507
17217	0.0427
17230	0.1315
17237	0.037
17245	0.0115
17252	0.1236
17254	0.0356
17255	0.0473
17256	0.0353
17258	0.0251
17267	0.921
17281	-0.003
17282	0.0229
17298	0.1227
17311	0.1019
17312	0.1217
17318	0.0048
17320	0.2555
17322	0.0675
17325	0.7781
17328	0.06
17329	0.0105
17330	-
17332	0.0329
17335	0.1444
17342	0.4288
17343	0.0194
17347	0.0357
17350	0.0482
17351	0.0051
17355	0.0219
17357	0.151
17363	-0.0075
17368	0.0955
17382	0.0195
17384	0.079
17391	0.4993
17392	0.0131
17399	0.0276
17406	0.0333
17417	0.1795
17428	0.0822
17436	0.5228
17440	0.2784
17442	0.1144
17446	0.0499
17454	0.0131
17461	0.0411
17462	0.1806
17475	0.0303
17480	0.0272
17490	0.1927
17497	0.4545
17512	0.0795
17522	0.023
17523	0.2233
17529	-
17533	0.0586
17549	0.0356
17552	0.3256
17561	0.0857
17578	0.0446
17580	0.0097
17582	0.1994
17586	0.3151
17588	0.0366
17592	0.065
17597	0.5542
17600	0.1039
17606	0.0082
17615	0.0418
17619	0.0755
17624	0.009
17625	0.7586
17629	0.0291
17631	0.0092
17635	0.083
17643	0.0312
17644	0.099
17654	0.0249
17660	0.0809
17666	0.0623
17670	0.4122
17677	0.0292
17683	0.0162
17687	-0.0023
17702	0.1629
17708	0.0682
17709	0.0194
17718	0.0424
17726	0.2455
17737	0.0787
17738	0.0487
17739	0.06
17750	-
17760	0.1727
17779	0.0748
17782	-
17816	0.0053
17825	0.9657
17826	0.081
17835	0.9561
17837	0.0724
17856	0.0423
17860	0.0587
17867	-0.002
17870	0.9017
17875	0.5889
17879	0.0038
17885	0.0224
17890	0.0984
17892	0.0366
17898	0.5747
17899	0.0938
17901	0.0422
17909	0.0045
17912	0.0955
17917	0.0027
17919	0.0266
17923	0.0175
17933	0.0325
17934	0.049
17941	0.1318
17944	0.0019
17947	0.0278
17951	0.0118
17959	0.068
17968	0.1668
17971	0.1485
17973	0.0613
17977	0.0501
17978	0.0328
17985	0.1334
17990	0.1488
17993	0.1168
17999	0.0547
18002	0.0571
18012	0.088
18015	0.1461
18028	0.0362
18043	0.861
18047	0.0381
18049	0.0314
18050	0.0157
18063	0.0226
18065	0.2125
18070	0.0637
18073	0.0204
18075	0.9923
18089	0.0061
18094	0.1871
18099	0.5651
18108	0.1332
18111	0.0492
18120	0.0128
18133	-0.002
18142	0.1344
18149	0.0714
18159	0.0577
18166	0.4935
18186	0.0843
18188	0.3317
18191	0.1355
18193	0.1305
18196	0.6227
18222	0.0734
18236	0.0328
18243	0.4153
18248	0.0133
18249	0.0049
18250	-0.0038
18253	0.0909
18273	0.0673
18276	0.1457
18297	0.0403
18306	0.1084
18308	0.0125
18309	0.0091
18312	0.028
18313	0.0787
18315	0.0356
18318	0.0276
18319	0.0545
18322	0.1585
18328	-0.0037
18330	0.233
18331	0.0276
18337	-
18355	0.0905
18366	0.0648
18398	0.4204
18401	0.0742
18404	0.2446
18415	0.0129
18434	0.1733
18438	0.0672
18467	0.0126
18471	0.0748
18476	0.9473
18478	0.0562
18480	0.0309
18482	-
18502	0.0287
18508	0.158
18512	0.0237
18514	0.3263
18517	0.1212
18523	0.0336
18524	0.0325
18528	0.3265
18534	0.0454
18535	0.0312
18553	0.0881
18558	0.0812
18566	0.6852
18571	0.0609
18577	0.0174
18579	0.0998
18581	0.2917
18583	0.023
18586	0.0083
18590	0.0265
18591	0.0087
18594	0.1656
18599	0.0956
18615	0.8586
18619	0.077
18621	0.0103
18628	0.0468
18629	0.2679
18633	0.116
18637	0.0312
18641	0.03
18648	0.0245
18651	0.1055
18659	-0.0063
18662	0.019
18678	0.1091
18686	-
18687	0.039
18694	0.0251
18698	0.0855
18702	0.1071
18703	0.1497
18704	0.438
18715	0.0127
18726	0.0421
18733	0.0023
18741	0.9888
18743	0.2275
18754	0.0132
18757	0.0233
18760	0.0383
18762	0.0111
18770	0.0478
18780	0.2642
18782	0.0555
18792	0.3348
18793	0.0698
18796	0.0006
18804	-0.0004
18808	0.0161
18821	0.3017
18822	0.0451
18830	0.0221
18835	0.2403
18840	0.0565
18841	0.1494
18858	0.0319
18879	0.0183
18881	0.0101
18887	0.1263
18889	0.0075
18900	0.0161
18906	0.045
18915	0.0361
18923	0.2874
18925	0.0926
18934	0.138
18938	0.6848
18947	0.0369
18975	0.0425
18979	0.3002
18990	0.1267
18994	0.2619
19011	0.1532
19014	0.2241
19020	0.024
19021	0.0134
19022	0.0444
19023	0.1858
19031	0.0222
19035	0.0183
19037	0.5174
19039	0.0003
19045	0.1586
19046	0.0273
19050	0.0353
19061	0.0651
19066	0.2827
19069	0.2829
19070	0.004
19076	0.0017
19081	0.2563
19083	0.0342
19088	0.0672
19094	0.5526
19098	0.0245
19107	0.1213
19118	0.0167
19126	0.1483
19138	0.1768
19141	0.0265
19146	0.1902
19158	0.1466
19165	0.0206
19170	0.0048
19174	0.0505
19181	0.5095
19183	0.7611
19193	0.1043
19194	0.077
19199	0.0111
19201	0.0131
19219	0.0645
19222	0.1655
19228	-0.0025
19231	-0.004
19232	0.0017
19235	0.0654
19241	0.5563
19255	0.0053
19263	0.0172
19269	0.0359
19275	0.4138
19286	0.0077
19294	0.0232
19304	0.5498
19310	0.1034
19324	0.037
19329	0.1889
19340	0.0407
19342	0.0859
19351	0.0403
19360	0.8958
19371	0.1537
19372	0.0047
19384	0.0163
19391	0.1146
19393	0.1705
19408	0.0588
19425	0.3887
19437	0.0572
19438	0.0762
19441	0.0399
19450	0.1076
19458	0.8765
19466	0.0656
19475	0.1398
19478	0.0543
19502	0.0909
19509	0.0775
19513	0.0505
19520	0.0691
19522	0.0144
19526	0.0484
19528	0.025
19537	0.0201
19541	0.0442
19543	0.0071
19551	0.276
19554	0.1555
19559	0.0394
19564	-0.0022
19587	0.3134
19592	0.2425
19598	0.0191
19608	0.0681
19616	0.1308
19626	0.2257
19630	0.0222
19632	0.2907
19633	0.0191
19641	0.0121
19650	0.0628
19651	0.0341
19660	-
19666	0.0573
19679	0.188
19682	0.0581
19683	0.1218
19685	0.0176
19689	0.1273
19712	0.0395
19716	0.0882
19718	0.7459
19720	0.0365
19725	0.1933
19729	0.1305
19731	0.0187
19735	0.6551
19739	0.0405
19740	0.0193
19742	0.0252
19750	0.1479
19752	0.0399
19756	0.0239
19758	0.0413
19761	0.1631
19765	0.086
19768	0.0838
19772	0.9629
19784	0.1153
19785	0.0987
19821	0.065
19829	0.0456
19830	0.0289
19853	0.1374
19854	0.261
19856	0.0842
19864	0.1113
19867	0.0481
19879	0.0206
19881	0.0358
19884	0.058
19885	0.1452
19890	0.0302
19899	0.0229
19900	0.0577
19904	0.0627
19910	0.0708
19918	0.3525
19923	0.0367
19928	0.1321
19937	0.1663
19940	0.0635
19943	0.0342
19956	0.2387
19964	0.0201
19965	0.0359
19971	-0.0039
19975	0.5733
19990	0.5063
19994	0.0588
19995	0.0386
19996	0.0119
20017	0.3357
20021	0.0277
20023	0.0225
20028	0.0127
20036	0.1745
20042	-0.0025
20056	0.0379
20057	0.2021
20061	0.107
20068	0.1489
20070	0.0051
20078	0.1201
20081	0.075
20082	0.0575
20083	0.5169
20085	0.0515
20091	0.0412
20101	0.1646
20117	0.0125
20125	0.0732
20128	0.8681
20130	0.0175
20140	0.15
20144	0.07
20148	0.0261
20154	0.858
20158	0.0541
20163	0.0245
20186	0.0161
20195	0.4347
20197	0.0288
20198	0.0046
20215	0.0056
20222	0.6499
20230	0.4979
20232	0.2333
20239	0.0847
20242	0.1208
20245	0.2442
20248	0.0785
20249	0.1795
20255	0.0837
20257	0.007
20259	0.0426
20263	0.0479
20265	0.0387
20270	0.0817
20284	0.0087
20285	0.0139
20295	0.346
20312	0.0282
20321	0.0723
20336	0.007
20337	0.1068
20343	0.0096
20351	0.0905
20354	0.0028
20364	0.033
20372	0.0529
20373	0.0363
20374	0.0276
20381	0.0161
20382	0.1841
20384	-
20385	0.0132
20395	0.1296
20399	0.2088
20400	0.0764
20402	0.0238
20413	0.0322
20419	0.0138
20424	0.0456
20425	0.3672
20437	0.0705
20444	0.0102
20446	0.7885
20449	0.0084
20452	0.0115
20462	0.1034
20465	0.0239
20466	0.0256
20472	0.2952
20473	0.8795
20486	0.0227
20490	0.0434
20500	0.0194
20501	0.0156
20517	0.0968
20522	0.0374
20525	0.0299
20526	0.2048
20530	0.0151
20532	0.1875
20543	0.0079
20544	0.0307
20546	0.0495
20551	0.0317
20552	0.2701
20559	0.1163
20561	0.0182
20568	0.0463
20570	0.0375
20572	0.0138
20573	0.0269
20574	0.5868
20578	0.0844
20586	0.8985
20588	0.0609
20593	0.0259
20604	0.0255
20609	0.1106
20612	0.0969
20624	0.3735
20625	0.0301
20649	0.0164
20664	0.023
20666	0.1623
20670	0.1856
20672	0.7237
20681	0.0345
20688	0.0138
20689	0.0404
20691	0.1992
20699	0.0291
20705	0.2675
20706	0.0088
20714	0.038
20715	0.05
20719	0.7977
20726	0.0342
20732	0.2938
20735	0.0007
20742	0.0973
20744	0.0585
20748	0.0256
20753	0.4416
20756	0.1028
20760	0.0295
20770	0.0909
20781	0.0176
20791	0.0189
20794	0.0412
20795	0.1899
20796	0.1837
20798	0.0391
20810	0.1505
20835	0.0216
20837	0.5998
20859	0.3726
20867	0.0487
20885	0.017
20890	0.0088
20895	0.015
20898	0.0437
20908	0.0187
20920	0.1346
20923	0.5036
20926	0.2198
20928	0.6237
20929	0.1842
20937	0.0167
20945	0.0541
20964	0.0454
20990	0.4109
20997	0.0187
21003	0.0428
21007	0.0318
21016	0.1916
21028	0.0686
21046	0.3936
21060	0.0389
21061	0.0537
21070	-
21071	0.0476
21073	0.0148
21078	0.1023
21084	0.2659
21089	0.0463
21092	0.0134
21097	0.0112
21100	0.0303
21106	0.0474
21107	0.0534
21118	0.0861
21119	0.0281
21120	0.2212
21148	0.1514
21152	0.0471
21174	0.0358
21185	0.0281
21202	0.0481
21204	0.0442
21239	0.014
21244	0.0539
21256	0.0759
21277	0.2611
21289	0.105
21290	0.5901
21296	0.6293
21302	0.0806
21313	0.0015
21317	0.0355
21327	0.1466
21335	0.0826
21336	0.0299
21339	0.0094
21360	0.2399
21376	0.0792
21377	0.0726
21383	0.0408
21402	0.0112
21403	0.4035
21411	0.0332
21419	0.8844
21433	0.0115
21453	0.1587
21454	0.0959
21470	0.0591
21482	0.1281
21488	0.013
21492	0.2314
21509	0.0199
21518	0.2002
21531	0.0372
21537	0.2653
21539	0.1471
21540	0.0821
21546	0.0502
21554	0.0209
21558	0.1385
21559	0.0393
21572	0.1232
21573	0.0186
21583	0.033
21590	0.3991
21596	0.3716
21600	-0.0016
21611	0.0106
21613	0.2704
21614	0.2606
21624	0.0332
21625	0.0017
21633	0.3717
21647	0.0236
21649	0.0817
21653	0.167
21666	0.0858
21671	0.4779
21681	0.0363
21683	0.0702
21686	0.4807
21699	0.0245
21704	0.4109
21720	0.015
21721	0.0072
21723	0.0723
21726	0.0639
21732	0.0086
21738	0.027
21748	0.698
21762	0.019
21772	0.0783
21779	0.0189
21785	0.0284
21786	0.0242
21788	-0.0032
21789	0.0296
21798	0.0815
21800	0.037
21801	0.0092
21802	0.1927
21807	0.6058
21821	0.0293
21826	0.0209
21827	0.0144
21829	0.6249
21833	0.3136
21844	0.0202
21851	0.0447
21863	0.5012
21866	0.0369
21870	-
21874	0.7393
21884	0.0202
21896	0.0075
21905	-0.0041
21907	0.1081
21920	0.0816
21921	0.0496
21924	0.0337
21934	0.4389
21961	0.1675
21971	0.6078
21989	0.0755
21996	0.0604
21999	-0.0027
22001	0.0022
22011	0.0188
22014	0.043
22020	0.258
22022	0.0146
22034	0.0156
22035	0.0142
22061	0.0012
22068	0.3257
22084	0.0277
22085	0.1335
22087	0.006
22092	0.03
22104	0.2094
22126	0.0238
22129	0.0341
22131	0.1444
22145	0.1277
22166	0.6267
22206	0.2544
22240	0.0131
22242	0.1984
22246	0.0246
22261	0.0972
22270	0.0297
22276	0.0346
22282	0.0434
22284	0.0753
22286	0.0303
22295	0.1109
22303	0.0122
22304	0.0142
22306	0.0098
22323	0.1507
22324	0.108
22328	0.0677
22330	0.0224
22331	0.4369
22332	0.1258
22336	0.0123
22340	0.0282
22348	0.0463
22349	0.1738
22355	0.0783
22364	0.0313
22373	0.69
22376	0.1342
22386	0.0907
22392	0.0132
22396	0.0239
22406	0.0215
22407	0.0492
22408	-
22409	0.0191
22410	0.0826
22423	0.02
22430	0.2118
22431	0.0802
22434	0.0475
22436	0.0231
22437	0.0357
22445	0.084
22449	-
22476	0.0266
22488	0.1002
22508	0.0219
22526	0.7689
22530	0.4938
22539	0.0115
22541	0.147
22563	0.9109
22595	0.1892
22596	0.1677
22597	0.0309
22615	0.0277
22621	0.1758
22626	0.1457
22637	0.1938
22640	0.2283
22648	0.0644
22653	0.01
22655	0.1247
22657	0.182
22677	0.0382
22679	0.0592
22687	0.2897
22688	0.2139
22689	0.0348
22690	0.0789
22694	0.0489
22698	0.0481
22699	0.027
22705	0.092
22707	0.0324
22710	0.1142
22719	0.0199
22728	0.061
22729	0.0015
22737	0.0695
22739	0.0673
22753	0.0635
22761	0.0314
22771	0.4663
22783	0.169
22788	0.5238
22789	0.2457
22790	-
22791	0.1335
22794	0.3011
22800	0.9415
22806	0.2382
22813	0.1967
22824	0.6547
22830	0.0529
22839	0.0209
22842	0.1063
22851	0.0013
22858	0.0128
22862	0.0322
22863	0.14
22868	0.0137
22873	0.0408
22889	0.2557
22892	0.0884
22895	0.3444
22898	0.2079
22899	0.2224
22900	0.0981
22905	0.012
22908	0.051
22913	0.6357
22918	0.0833
22921	0.4468
22922	0.0123
22923	0.98
22930	0.3715
22931	0.0109
22937	0.1284
22941	0.1476
22947	0.0362
22950	0.2496
22954	0.0347
22955	0.2401
22961	0.0581
22978	0.6673
22983	0.0289
22984	0.0281
22989	0.03
22992	0.0322
22999	0.2023
23000	0.0311
23001	0.0024
23009	0.085
23014	0.1031
23018	0.3423
23026	0.4487
23029	0.5655
23055	0.3047
23057	0.9441
23060	0.0328
23066	0.1075
23076	0.0282
23079	0.0327
23082	0.0348
23093	0.012
23094	0.0982
23095	0.0297
23099	0.2363
23100	0.0012
23111	0.0607
23112	0.2894
23115	0.0178
23124	0.0568
23136	0.1003
23143	0.0388
23146	0.0281
23148	0.0439
23150	0.021
23152	0.0361
23156	0.0127
23159	0.278
23168	0.0596
23178	0.1955
23180	0.0654
23182	0.0182
23189	0.0114
23190	0.016
23191	0.0506
23193	0.0338
23201	0.0184
23203	0.8553
23211	0.1672
23214	0.3564
23215	0.043
23232	0.01
23233	0.6204
23248	0.0249
23252	0.0023
23258	0.0639
23271	0.4105
23272	0.0629
23278	0.0499
23279	0.0611
23293	0.0521
23308	0.0158
23313	0.0413
23321	0.0667
23331	0.0298
23333	-
23334	0.0514
23336	0.0324
23345	0.0124
23346	0.0084
23351	0.6291
23354	0.0341
23361	0.0401
23364	0.8436
23368	0.6902
23371	0.0701
23374	0.0859
23389	0.0235
23395	0.1002
23402	0.7683
23412	0.0156
23413	0.1013
23416	0.0964
23421	0.0144
23422	0.0277
23426	0.051
23427	0.0579
23429	0.2334
23432	0.0247
23441	0.0383
23445	0.2362
23448	0.0302
23449	0.8624
23451	0.0269
23457	-0.0038
23467	0.0854
23475	0.0292
23482	0.0566
23486	0.0592
23487	0.0976
23493	0.015
23494	0.03
23500	0.014
23502	0.0607
23503	0.4452
23508	0.022
23511	0.0137
23520	0.098
23528	0.0683
23529	0.0598
23534	0.0132
23544	0.016
23549	0.0233
23550	0.0504
23556	0.0974
23562	0.2478
23563	0.2356
23564	0.0274
23575	0.0048
23580	0.2831
23584	0.0668
23587	0.1041
23590	0.029
23592	0.1418
23593	0.0186
23595	0.0411
23608	0.1119
23613	0.0156
23615	0.3352
23617	0.0037
23618	0.0032
23624	0.0368
23626	0.0037
23627	0.0173
23633	0.0238
23643	0.0262
23645	-0.0035
23649	0.1324
23650	0.9035
23685	0.5141
23694	0.5555
23705	0.0644
23706	0.0466
23709	0.0551
23717	0.1213
23721	0.0347
23723	0.1104
23724	0.0281
23727	0.7439
23728	0.1049
23732	0.0485
23740	0.0319
23747	0.0127
23748	0.0459
23753	0.0252
23758	0.1657
23765	0.0221
23776	-0.003
23785	0.0479
23788	0.208
23792	0.6555
23795	0.0181
23817	0.0412
23824	0.0024
23827	0.0249
23836	-0.0005
23838	0.0362
23840	0.0394
23845	0.0447
23847	0.0446
23848	0.0136
23858	0.0545
23863	0.3039
23870	0.0123
23879	0.0417
23883	0.0093
23884	0.1356
23886	0.0104
23891	0.1026
23903	0.098
23908	0.1657
23914	0.1191
23915	0.0335
23917	0.0594
23920	0.1634
23922	0.1159
23924	0.0642
23927	0.1428
23929	0.1052
23935	0.032
23940	0.0369
23944	0.7958
23947	0.0361
23950	0.0242
23964	0.0176
23974	0.0294
23977	0.0146
23980	0.0373
23986	-0.0029
23990	0.0928
23991	0.116
23992	0.4226
23999	0.0566
24003	0.0018
24005	0.033
24009	0.0729
24025	-0.0021
24028	0.0206
24029	0.0247
24031	0.0211
24036	0.0104
24062	0.1682
24071	0.0594
24077	0.0197
24080	0.0492
24082	0.0123
24083	0.7235
24089	0.1647
24090	0.0483
24098	0.0353
24101	0.0767
24115	0.0295
24117	0.0093
24124	0.0484
24135	0.4136
24136	0.0854
24147	0.1372
24148	0.0517
24153	0.0622
24158	0.0256
24167	0.0504
24168	0.0169
24178	0.0456
24194	0.0331
24196	0.1183
24219	0.1764
24222	0.1577
24226	0.1431
24232	0.0622
24253	-0.0048
24265	0.0236
24267	0.0907
24270	0.0232
24274	0.2241
24277	0.051
24279	0.0609
24284	0.0331
24287	0.0059
24288	0.0221
24292	0.01
24307	0.0161
24309	0.1314
24334	0.0464
24342	0.2818
24348	0.0289
24370	0.0404
24371	0.0378
24372	-0.0051
24384	0.0492
24389	0.0165
24400	0.0882
24402	0.3579
24407	0.0698
24409	0.0176
24414	0.0344
24415	0.0227
24421	0.018
24433	0.055
24436	0.0907
24440	0.0199
24444	0.0191
24451	0.9885
24454	0.005
24464	0.0188
24467	0.7019
24470	0.0365
24471	0.0476
24478	0.729
24483	0.0128
24484	0.1042
24485	0.1295
24504	-0.0048
24510	0.051
24517	0.0091
24528	0.0644
24543	0.0299
24544	0.0207
24554	0.0285
24586	0.0313
24591	0.0691
24597	0.0213
24600	0.0915
24606	0.017
24634	0.0134
24642	0.0189
24643	0.9411
24646	0.0546
24659	0.0394
24663	0.0341
24664	0.1776
24665	0.2931
24671	0.013
24673	0.6349
24680	0.7157
24683	0.2063
24684	0.025
24691	0.0172
24698	-
24734	0.002
24740	0.0458
24742	0.0225
24751	0.8091
24759	-
24772	0.0437
24774	0.0935
24779	0.1148
24790	0.0492
24796	0.0387
24801	0.0262
24808	0.0235
24824	0.0693
24825	0.0255
24833	0.0303
24840	0.0042
24841	0.0341
24858	0.0445
24866	0.0744
24867	0.0829
24868	0.0166
24874	0.0051
24876	0.0356
24886	0.2362
24891	0.0213
24895	0.0583
24910	-0.0069
24920	0.0204
24921	0.0183
24928	0.0507
24934	0.0405
24935	0.2964
24936	0.0069
24940	0.2598
24941	0.1271
24954	0.0535
24955	0.1079
24957	0.0623
24966	0.0318
24976	0.1467
24979	0.1062
24980	-0.0014
24985	0.7031
24986	0.0781
24987	0.1469
24989	0.0205
24990	0.0258
24993	0.0409
24994	0.1431
24999	0.0042
25009	0.9809
25016	0.0493
25025	0.0077
25028	0.6125
25032	0.0749
25035	0.0335
25037	0.0127
25046	0.081
25048	0.0211
25052	0.0173
25059	0.1291
25060	0.0236
25063	0.0172
25065	0.0358
25087	0.0054
25090	0.0265
25091	0.3399
25095	0.0239
25102	-
25103	0.0298
25114	-0.0012
25129	0.0083
25130	0.2167
25135	0.0438
25139	0.0117
25143	0.0417
25151	0.0438
25161	0.0211
25162	0.0852
25164	0.0048
25170	0.7239
25187	0.0587
25199	0.0307
25204	0.0554
25205	0.0553
25208	0.0204
25214	0.0277
25225	0.6339
25240	-
25241	0.681
25244	0.0281
25250	0.6956
25252	0.0169
25269	0.0755
25271	0.0651
25273	0.1421
25277	0.0484
25284	0.0293
25286	0.0128
25289	0.1501
25293	0.5374
25296	0.0028
25297	0.0633
25306	0.0099
25322	0.0276
25323	0.2552
25334	0.3944
25357	0.1244
25365	0.0481
25366	0.0183
25368	0.0272
25372	0.0518
25378	0.0162
25396	0.0068
25411	0.009
25416	0.779
25444	0.467
25446	0.0309
25450	0.0066
25478	0.0014
25479	0.0145
25483	0.5553
25511	0.0451
25516	0.0177
25526	0.0356
25538	0.0708
25554	0.0256
25555	0.1301
25561	0.2685
25567	0.0066
25588	0.0248
25593	0.0666
25620	0.0297
25622	0.0675
25624	0.1073
25630	0.0189
25631	0.0488
25638	0.5311
25641	0.0377
25649	0.0758
25650	0.0104