Locus	Fst
19718	0.8460
23990	0.1501
14478	0.0620
23992	0.5117
19712	0.0173
19716	0.0817
21633	0.5068
23448	0.0579
4025	0.0151
11546	0.1507
13732	0.0873
25250	0.8098
23441	0.0166
166	0.0319
13738	0.0293
11386	0.0318
18243	0.5281
17522	0.0361
5980	0.3746
16238	0.0403
5984	0.3285
10894	0.0907
22261	0.1726
7514	0.0002
19158	0.2203
19408	0.0556
25624	0.1561
348	0.9327
3991	0.2706
13597	0.9840
25060	0.0151
19371	0.2124
19372	0.0118
24840	0.0088
14296	0.0120
22999	0.2533
12701	0.1195
12705	0.4896
6156	0.0065
6157	0.3098
6158	0.1474
6797	0.1657
10965	0.0511
13600	-0.0012
13607	0.0830
4734	0.3134
2319	0.4894
4739	0.1541
8305	0.0441
23848	0.0344
23449	0.8979
5851	0.2923
298	0.0331
5853	0.0620
297	0.0891
5859	0.0269
17654	0.0386
21100	0.0318
24941	0.2174
3680	0.8559
3776	0.8585
19752	0.0760
15958	0.0162
22983	0.0626
25284	0.0456
23364	0.9100
4834	0.9752
12962	0.0221
19971	0.0020
13547	0.3253
16257	0.5440
21999	0.0094
19975	0.6594
17382	0.0305
25114	0.0135
12108	0.1092
22719	0.0564
17384	0.1152
18188	0.4644
23368	0.7984
15526	0.0627
7992	0.0102
12017	0.6417
15527	0.0561
22488	0.1815
17258	0.0205
15528	0.4252
11768	0.1670
16384	0.0323
11762	0.0729
11760	0.0703
2261	0.0755
17254	0.0199
17255	0.0862
17256	0.0391
20744	0.0992
2446	0.9080
17036	0.1029
17038	0.8275
9252	0.0726
10706	0.3223
9251	0.8269
22908	0.1125
7865	-0.0019
109	0.2640
24886	0.2535
22900	0.0143
21614	0.3654
12430	0.0240
101	0.3627
21611	0.0239
22905	0.0410
7869	0.0014
5824	0.6098
2046	0.2600
4815	0.0327
15536	0.1006
4818	0.4465
16814	0.0321
21290	0.6972
23627	0.0505
21924	0.0294
9415	0.5059
21921	0.0502
11262	0.0184
9418	0.0052
9419	0.5664
12123	0.0257
12122	0.1023
22541	0.2105
11618	0.0766
6377	0.3595
20522	0.0139
10414	0.0755
10413	0.0663
11126	0.0123
20526	0.2908
10410	0.0184
14130	0.0363
11947	0.1425
11943	0.1243
10386	0.1628
24089	0.2611
19758	0.0796
19391	0.1599
10380	0.0075
24083	0.8170
9323	0.1441
9632	0.0094
8098	0.0860
9326	0.5785
8943	0.0382
13338	0.0661
21721	0.0005
8948	0.0175
21723	0.0536
9347	-0.0003
21726	0.1450
24659	0.0881
12233	0.0610
6203	0.1643
18065	0.3246
2682	0.0515
14626	0.5051
14620	0.0353
20593	0.0172
6807	0.0098
15714	0.0095
6802	0.7688
6803	0.0205
6801	0.0009
98	0.0096
10560	0.0393
9740	0.0330
9741	0.0549
91	0.0284
93	0.3919
92	0.6413
20413	0.0558
3207	0.4924
10092	0.0291
1995	0.1568
13935	0.3229
22813	0.3228
1629	0.0363
5189	0.0164
19393	0.2448
24158	0.0360
21540	0.1782
21704	0.5460
13052	0.0391
8831	0.2640
17977	0.0907
13054	0.3039
18703	0.2378
2861	0.0324
20791	0.0170
2866	0.1057
18704	0.5944
554	0.0239
557	0.1169
9228	0.0302
14710	0.0321
14247	0.0413
12948	0.0862
14714	0.0354
17973	0.0916
12942	0.0142
7674	0.0875
15667	0.4351
12946	0.3294
12945	0.6823
14249	0.0126
24740	0.0929
3348	0.0561
20259	0.0460
3342	0.6100
1190	0.7632
1193	0.0106
3341	0.7395
20257	0.0208
1197	0.1409
20255	0.1022
18637	0.0206
18633	0.0371
1756	0.0147
11415	0.0074
13333	0.0566
1176	0.5105
12493	0.0211
8160	0.0268
15443	0.0981
15442	0.0770
6970	0.0141
6971	0.3808
4251	0.4907
23057	0.9678
8168	0.1563
4255	0.0454
23502	0.0182
4257	0.0418
23500	0.0151
18149	0.0659
18073	0.0623
5534	0.2641
5539	0.0458
5538	0.1116
24528	0.1213
24742	0.0487
1285	0.1723
12068	0.1781
1287	0.0093
11165	0.0953
11166	0.8073
24253	0.0148
11162	0.1353
514	0.7400
8086	0.9874
19785	0.0591
1572	0.0089
1571	0.8828
7183	0.2616
8769	0.0258
18328	-0.0016
16789	0.0202
12707	0.0972
8389	0.6642
8388	0.0073
23747	0.0246
12709	0.0227
18075	0.9873
10232	0.0220
8019	0.3136
8018	0.1188
23613	0.0317
8016	0.0439
8547	0.0266
22954	0.0374
23617	0.0074
8540	0.0207
23615	0.4823
7457	0.1901
6576	0.0740
7453	0.0053
7450	0.5273
4383	0.0201
4381	0.2974
4380	0.0216
5623	0.2572
5622	0.4966
7458	0.0198
12065	0.3454
8493	0.0119
404	0.0460
7690	0.9965
23870	0.0123
15796	0.0376
2033	0.3797
8499	0.8379
7698	0.1062
3834	0.0944
23475	0.0103
3832	0.1003
3833	0.0683
18938	0.8039
22476	0.0193
4031	0.0349
10885	0.0564
4033	0.0090
4032	0.4772
13724	-0.0021
1229	0.0870
10882	0.0298
4036	0.1056
4039	0.0690
11576	0.1498
11574	0.0247
23279	0.0768
23278	0.0749
16375	0.1957
12218	0.0798
11378	0.0204
15788	0.2093
10960	0.1680
19384	0.0074
11370	0.0520
20867	0.0073
379	0.0164
22270	0.0317
7526	0.1136
19522	0.0164
19146	0.1978
15003	0.0900
373	0.0041
377	0.2259
376	0.0341
14909	0.2671
13608	0.0154
16667	0.6349
19360	0.9482
14864	0.0072
23964	0.0359
392	0.0434
391	0.0987
12711	0.0239
6147	0.1432
6144	0.7684
22011	0.0054
22014	0.0188
2309	0.0323
5668	0.1411
4729	0.0633
21470	0.0970
10978	0.1403
10979	0.0721
4727	0.0153
13610	0.1660
4720	0.0491
23082	0.0685
5845	0.2642
5844	0.0821
16062	0.0320
16063	0.0390
19304	0.6559
11282	0.0071
13917	0.5823
17625	0.8615
17624	0.0167
17629	0.0688
21118	0.0357
21119	0.0512
16482	0.0044
2880	0.1045
16480	0.2158
4620	0.8183
244	0.0514
13533	0.0189
246	0.0072
240	0.3937
13537	0.0153
19964	0.0344
4629	0.0059
248	0.0132
23457	0.0103
2274	0.1792
23685	0.6783
2279	0.0721
11759	0.9559
12001	0.0358
11594	0.2043
24196	0.1956
11591	-0.0015
25059	0.1775
14536	0.0132
20885	0.0030
20732	0.3620
20735	0.0160
9538	0.0230
2455	0.0454
2454	0.0641
2456	0.0991
23427	0.0458
9247	0.0250
9530	0.0009
17282	0.0445
17281	0.0193
14532	0.1159
7855	0.3244
13286	0.0964
13285	0.0423
174	0.0411
24976	0.2395
17999	0.0786
17533	0.1023
23146	0.0517
20578	0.0486
4539	0.9598
2057	0.0345
23159	0.3869
2058	0.0351
4824	0.0194
21106	0.0142
3694	0.0648
13443	0.0139
14166	0.2818
25286	0.0261
6368	0.7349
11627	0.0234
7988	0.5558
6360	0.0083
23014	0.1907
10153	0.0732
10150	0.0120
10151	0.1239
9331	0.0902
20085	0.0874
20083	0.6142
20082	0.0720
20081	0.1031
24833	0.0722
22800	0.9628
3524	0.0747
21559	0.0578
20649	0.0302
3523	0.9462
10396	0.1666
22806	0.3434
10399	0.0328
16492	0.0221
22753	0.0230
3228	0.1168
13544	0.0230
16934	0.0251
13198	0.1711
16933	0.1334
16931	0.0491
14897	0.0411
13192	0.0957
7214	0.9435
13196	0.4314
7216	0.0165
14890	0.1088
10715	0.0117
10711	0.0991
12220	0.1115
10713	0.1608
2694	0.0414
10718	0.0238
12668	0.3188
2690	0.0720
15708	0.2836
18594	0.2568
1602	0.0343
14655	0.0456
14657	0.0410
23883	0.0127
14659	0.0053
6810	0.0336
16245	0.0121
15872	0.2039
6816	0.0443
25444	0.5191
9755	0.0074
23333	0.0074
16313	0.0966
23334	0.0756
10576	0.0180
10577	0.0133
20465	0.0191
25446	0.0506
20395	0.1847
17909	0.0146
18934	0.2253
13066	0.0474
7326	0.0667
7327	0.1390
1968	0.0413
1969	0.0075
7322	0.0086
1617	0.1394
3238	0.0595
5196	0.4178
7328	0.7201
1961	0.0778
1962	-0.0000
1963	0.0570
8849	0.1964
21060	0.0253
8840	0.5508
8842	0.0740
23765	0.0162
8847	0.2143
15675	0.0197
12956	0.1456
15677	0.6699
12952	0.0074
2874	0.7248
18715	0.0121
11848	0.0057
20265	0.0525
3356	0.0274
3351	0.3173
23886	0.0165
17835	0.9677
7666	0.0123
20061	0.1535
5442	0.0614
5441	0.0005
25241	0.7977
20068	0.2203
18535	0.0587
15373	0.8387
18628	0.0512
18629	0.4191
18821	0.4272
6960	0.0005
6962	0.7965
15903	0.0046
15456	0.1608
6969	0.3379
15459	0.0884
4536	0.0684
8152	0.1765
768	0.0548
8150	0.0089
769	0.0072
23884	0.2243
24554	0.0223
17726	0.2982
23721	0.0516
5501	0.0472
11119	0.0061
1547	0.0501
691	0.0395
12606	0.0429
694	0.0368
695	0.0245
23727	0.8434
11113	0.0397
14472	0.0151
11115	0.0750
14474	0.0033
11116	0.0625
541	0.1445
545	0.1321
7193	0.0364
7192	0.0431
548	0.1060
21377	0.1297
13841	0.2546
15313	0.0220
13845	0.6130
20895	0.0394
13846	0.1060
23608	0.1941
12578	0.0947
23432	0.0447
12579	0.0818
15298	0.0066
17318	0.0359
8530	0.0165
8023	0.0244
8026	0.0278
8027	0.0612
8536	0.3417
12823	0.0171
14505	0.1501
10215	0.3036
11027	0.0977
11761	0.9822
14502	0.1018
6565	0.8605
5610	0.0267
6566	0.0049
5617	0.0725
6563	0.0217
15053	0.0445
415	0.3672
410	0.2968
411	0.0482
14268	0.2184
419	0.4751
7688	0.3849
3827	0.5633
3825	0.0332
3822	0.3415
23467	0.0958
5001	0.0148
3828	0.0074
8445	0.2413
20215	0.0250
15239	0.2558
8183	0.0958
11563	0.0768
8448	0.1218
11565	0.1827
11566	0.1525
22396	0.0278
24586	0.0326
4280	0.0262
23845	0.0661
20742	0.0985
4285	0.0325
11367	0.0773
24779	0.0314
23753	0.0256
19564	-0.0020
368	0.0346
24910	-0.0016
367	0.7817
364	0.7697
19170	0.0184
22242	0.2600
19174	0.0478
25048	0.0403
19351	0.0672
24751	0.8811
19608	0.1178
22020	0.3833
20748	0.0109
16127	0.0388
16654	0.0383
16121	0.6617
25046	0.1043
16650	-0.0006
380	0.0812
381	0.5198
12729	0.0099
388	0.0700
12726	0.1359
12725	0.0354
12723	0.0524
12721	0.0739
12720	0.6591
4759	0.0070
18792	0.4695
19286	0.0149
4754	0.0052
6771	0.1003
6773	0.7719
9964	0.0134
9965	0.0613
9966	0.0314
9967	0.1232
24600	0.1227
11290	0.0785
22330	0.0347
23840	0.0322
16955	0.1552
25135	0.0323
17631	0.0306
25130	0.2580
17635	0.1060
19821	0.0994
3750	0.2237
3753	0.7065
15546	0.2876
3754	0.0395
21289	0.2110
3756	0.4378
13523	0.7778
13521	0.0305
4637	0.0034
2196	0.8378
13525	0.0593
16231	0.2606
253	0.0109
16233	0.2532
256	0.7578
23650	0.9462
11741	0.1724
2204	0.0026
2206	0.1888
11749	0.0805
25649	0.0841
15471	0.6649
12036	0.0072
19735	0.6884
19598	-0.0007
11580	0.2262
6683	0.0113
6687	0.1415
20890	0.0187
2429	0.2189
19088	0.0186
20726	0.0099
18222	0.0146
6270	0.0927
9502	0.3050
9506	0.0141
2425	0.8052
25554	0.0093
1848	0.2759
16833	0.0296
169	0.0133
16343	0.1162
17529	0.0087
164	0.2175
13291	0.1975
7847	0.0481
167	0.0020
160	0.0185
13295	0.2358
16839	0.1053
13297	0.0036
12107	0.0881
6357	0.0954
19094	0.7146
6353	0.0080
13458	0.0061
23836	0.0023
3683	0.0085
4832	0.0377
4522	0.1031
4837	0.0968
4836	0.5293
6195	0.0968
24371	0.0218
11638	0.2551
18583	0.0276
9434	0.8518
23429	0.3416
2735	0.9224
16812	0.0095
9610	0.1208
2733	0.0001
10166	0.0361
11488	0.0282
17070	0.4159
22131	0.2012
10160	0.2387
21204	0.0187
9187	0.0537
9184	0.2203
21256	0.1134
13180	0.3299
22295	0.0819
10366	-0.0018
13188	0.0160
23426	0.0049
5052	0.4416
25638	0.6652
25641	0.0724
14889	0.1516
7209	0.0376
1817	0.0214
16904	0.0003
7203	0.0359
16908	0.2166
7206	0.5674
7205	0.3428
10761	0.0285
10760	0.0175
6220	0.9724
23422	0.0402
6225	0.1370
6229	0.0197
1157	0.1170
20384	0.0067
20385	0.0411
14640	0.0651
14641	0.0236
20381	0.0341
20382	0.2824
1098	0.2362
15841	0.0987
11611	0.4583
23891	0.1389
14869	0.0034
9766	0.0163
12120	0.3867
10501	0.0284
20473	0.9312
24370	0.0703
7335	0.0769
7333	0.0187
7332	0.0120
18947	0.0481
1978	0.0188
1975	0.7061
3226	0.2233
3223	0.0632
1970	0.0097
11964	0.1162
13275	0.0774
18434	0.2306
23792	0.7841
803	0.0173
18438	0.0841
20374	0.0401
805	0.2097
13279	0.0028
12921	0.0092
18099	0.6928
12922	0.0319
12925	0.0177
15604	0.0094
15607	0.3747
18760	0.0843
2844	0.0029
18762	0.0091
2843	0.2059
18586	0.0063
18094	0.2783
5476	0.6999
10217	0.0497
5475	0.1176
3324	0.0134
10210	0.0450
24400	0.1083
3328	0.0300
14517	0.1487
14266	0.0965
14260	0.2191
10218	0.0236
20525	0.0465
7058	0.4112
10181	0.0771
1770	0.0522
1773	0.2966
5273	0.0260
9896	0.8809
20078	0.0569
7055	0.0656
14131	0.0797
18015	0.2539
15112	0.1148
24606	0.0296
8149	0.1667
8148	0.1078
23079	0.0622
1159	0.0099
20239	0.0249
15934	0.7307
6995	0.0109
6996	0.0224
23076	0.0388
16563	0.0112
6993	0.0046
24543	0.0485
18366	0.0989
24544	0.0090
15114	0.2184
15113	0.0048
5516	0.3838
2998	0.0421
23544	-0.0008
1555	0.1590
3039	0.0015
17990	0.2046
2990	0.9170
54	0.9399
14461	0.1082
14466	0.0118
2995	0.0698
53	0.0815
2997	0.6522
8703	0.0468
535	0.0488
534	0.0016
15595	0.1282
8704	0.1868
15598	0.1921
19031	0.0378
17040	0.0255
8037	0.0204
13856	0.0434
13857	0.2840
8033	0.9815
24267	0.1247
10029	0.3900
3031	0.0520
5137	0.0208
5606	0.0153
5600	0.0643
24082	0.0105
12851	0.1191
9992	0.0515
8527	-0.0015
8526	0.0951
8525	0.4893
9996	0.5254
6519	0.0865
14514	0.1476
20130	0.0247
14510	0.1013
10022	0.8824
15024	0.0459
19928	0.2158
15168	0.0416
420	0.0594
422	0.0267
1393	0.5724
1392	0.1619
23643	0.0068
21686	0.5821
22657	0.1154
3814	0.3199
22653	0.0176
24683	0.3203
17497	0.5668
23493	0.0075
19554	0.2063
23252	0.0201
23709	0.0281
8450	0.0004
23705	0.0334
19021	0.0197
23258	0.1189
22386	0.1381
21613	0.3881
22978	0.7700
17141	0.0217
19165	0.0231
6426	0.8139
15332	0.0027
24409	0.0374
23001	0.0147
18858	0.0072
13980	0.0171
6429	0.8710
13982	0.0071
11354	0.0305
24384	0.0716
19020	0.0350
23389	0.0204
19685	0.0364
7545	0.8788
22034	0.0250
22035	0.0193
17298	0.1752
16134	0.1190
16135	0.0770
19340	0.0646
13850	0.0143
19342	0.1258
12738	0.0902
19023	0.2383
10227	0.0303
12734	0.0612
12736	0.0165
25366	0.0375
6769	0.0165
6768	0.4580
13670	0.0321
4740	0.0074
4747	0.9222
23817	0.0958
4744	0.2255
19761	0.2190
9970	-0.0017
19768	0.1298
16009	0.1210
24117	0.0005
9979	0.0068
25630	0.0343
14405	0.2100
25416	0.8679
25143	0.0500
25411	0.0119
4715	0.0537
17355	0.0168
17606	-0.0015
17357	0.1661
17351	0.0167
13627	0.0248
24940	0.1355
17600	0.1523
12025	0.0542
12768	0.0372
22728	0.0985
22729	0.0196
228	0.0210
227	0.1102
22597	0.0442
19900	0.0118
13063	0.0206
12028	0.0957
16227	0.0726
221	0.0157
4711	0.1194
23094	0.1730
23927	0.2486
23920	0.2134
23922	0.1855
23929	0.1089
20706	0.0146
21789	0.0789
6693	0.1332
19587	0.4293
6690	0.6005
6697	0.1228
9855	0.0469
21624	0.0618
21625	-0.0009
20719	0.8878
24389	0.0269
20715	0.0897
20714	0.0452
16820	0.3448
16354	0.0533
16352	0.2696
19830	0.0594
8135	0.1829
15869	0.0549
15462	0.0718
7833	0.0525
23991	0.1436
21419	0.9336
25091	0.5255
6342	0.0779
12116	0.0838
13463	0.0330
8130	0.2480
13461	0.0154
14269	0.0121
4514	0.1386
6187	0.0689
6182	0.0101
23534	0.0356
9421	0.2020
2506	0.0263
12584	0.0723
17192	0.1379
11646	0.0161
10178	0.0051
5288	0.1161
9350	0.1627
9604	0.0041
9355	0.8818
9354	0.2571
5281	0.1207
15713	0.0747
9359	0.0650
10821	0.2394
5287	0.1072
10177	0.0171
9191	0.0438
9190	0.5604
21244	0.0095
9192	0.0014
7940	0.5011
7942	0.0119
10374	0.4793
22824	0.7425
5042	0.3051
20664	0.0186
3780	0.5654
14006	0.1280
8997	0.4458
21785	0.0501
6956	0.0376
20500	0.0110
6248	0.2741
10567	0.0308
12206	0.3252
6230	0.3336
4998	0.0311
20419	0.0265
14853	0.0072
14852	0.9459
20444	0.0118
18889	0.0214
18558	0.1405
20609	0.1735
15639	0.1267
18887	0.2023
15052	0.0524
20449	0.0333
14075	0.1355
20689	0.0111
9776	0.0298
9770	0.0685
10514	0.0553
21863	0.6381
3258	0.0246
8867	0.0108
7301	0.0518
9289	0.3341
9284	0.1273
24178	0.0347
24167	0.0319
13081	0.5400
9280	0.0398
13083	-0.0018
13082	-0.0005
11910	0.0695
13241	0.2006
11912	0.7351
17252	0.1626
13249	0.0234
813	0.1002
815	0.4866
20091	0.0052
15610	0.1585
21649	0.1239
12937	0.0602
15614	0.0319
15615	0.8437
2851	0.0465
2850	0.0705
18770	0.0610
17440	0.2909
1490	0.0825
10207	0.0567
3331	0.6061
7046	0.8533
5465	0.0644
5464	0.8241
5469	0.0049
1499	0.0459
3339	0.0103
3338	0.1031
7048	0.5035
21539	0.2419
20042	0.0051
5264	0.0352
21433	0.0235
10191	0.0371
425	0.3749
10198	0.2959
10199	0.1704
18398	0.5469
15855	0.0252
15850	0.0514
1258	0.0477
23940	0.0802
19294	0.0318
4575	0.0283
19199	0.0372
6989	0.0485
6988	0.3667
8603	0.6667
1122	0.5673
8601	0.6655
6983	0.2434
1126	0.0181
14327	0.0734
11133	0.3936
11132	0.1580
15109	0.0067
15104	0.2401
14329	0.7621
24993	0.0662
14459	0.5364
20859	0.5058
14696	0.0370
17985	0.1998
3023	0.1328
14698	0.0796
2985	0.1807
24372	0.0091
525	0.1162
15586	0.1473
522	0.5909
23494	0.0753
15588	0.1645
1017	0.0138
528	0.1244
18089	0.0289
9299	0.0824
8517	0.0234
8514	0.0459
14506	0.1086
8045	0.5377
8046	0.3620
8048	0.8047
4192	0.0445
4191	0.4628
18923	0.3831
5672	0.0633
5673	0.0305
11008	0.1368
5679	0.8041
25102	0.0053
21317	0.0619
4352	0.0334
8289	0.2595
11003	0.2113
14522	0.0334
11001	0.0885
15039	-0.0020
14526	0.2569
6500	0.1729
15037	0.1065
15034	0.0088
11433	0.0174
24288	0.0230
23066	0.1742
23060	0.0615
18925	0.1730
15217	0.0471
24284	0.0680
24287	0.0225
22621	0.2658
24643	0.9666
14122	0.0100
18702	0.1937
21829	0.7485
23487	0.1132
23482	0.0752
17121	0.0059
8461	0.3488
23248	0.0546
8465	0.0148
22737	0.1028
23717	0.1499
11348	0.0200
8192	0.0745
15327	0.1576
8190	0.3658
8191	0.0120
8196	0.3603
6432	0.1209
6431	0.7249
11260	0.0211
8198	0.0199
5707	0.5269
24759	0.0067
12449	0.2072
7559	0.1111
24591	0.0902
23395	0.1346
21003	0.1042
20056	0.0703
25516	0.0304
19626	0.2968
4777	0.0892
4775	0.0157
21313	0.0173
17087	0.6996
13641	0.1688
22284	0.0914
22530	0.6729
4779	0.1443
4174	0.0119
17944	-0.0003
4176	-0.0001
22240	0.0277
13881	0.0213
4171	0.0157
4172	0.0160
3062	0.0028
14839	0.3828
6757	0.0228
5819	0.0095
9940	0.0259
9941	0.0013
16039	0.0301
15235	0.0190
16037	0.0051
16036	0.0119
16035	0.0542
5813	0.0130
16033	0.2016
16032	0.3515
18662	0.0382
5817	0.0344
19937	0.2295
17619	0.1284
16215	0.0608
16742	0.1863
16745	0.0029
16211	0.0273
10342	0.0490
16748	0.5878
17342	0.5939
17343	0.0213
12458	0.1369
6899	0.0599
16585	0.2572
12055	0.0970
12054	-0.0011
25396	0.0306
14492	0.0058
9274	0.0332
236	0.2886
4615	0.0817
13505	0.2212
232	0.1876
9275	0.0399
23935	0.0155
12693	0.9236
2227	0.6513
2225	0.0299
18337	0.0200
5924	0.0120
5925	0.0111
10836	0.0600
5923	0.0731
5928	0.0192
10838	0.0546
21874	0.8127
21653	0.2899
20163	0.0347
142	0.0240
21870	0.0049
2468	0.1469
19241	0.6330
24444	0.0392
20705	0.0818
148	0.0273
21097	0.0167
4507	0.1591
7828	0.7536
21092	0.0349
7823	0.0213
16369	0.1402
13478	0.0125
4508	0.1638
23412	0.0249
16690	0.0279
16697	0.0183
16695	0.1204
22923	0.9870
2082	0.0098
19310	0.1685
16698	0.0469
2087	0.1057
5450	0.0167
2539	0.0036
5451	0.0561
17181	0.2185
17182	0.0184
11651	0.0029
5452	0.1032
17760	0.3136
20670	0.2188
20672	0.8366
9369	0.0089
2718	0.0244
9363	0.0201
7957	0.5123
10698	0.2316
7223	0.1119
5079	-0.0017
7953	0.0206
7952	0.1464
7227	0.0984
9164	0.0251
9165	0.3419
9166	0.5117
5071	0.0140
5077	0.3796
9162	0.0036
1833	0.0468
17406	0.0602
3799	0.0348
3798	0.1766
3794	0.0417
3797	0.0465
3791	0.0013
16967	0.0508
16966	0.0077
2154	0.0750
19616	0.2196
9563	0.0625
2151	0.0341
2400	0.0072
2153	0.0780
4989	0.0005
10745	0.0193
23999	0.0240
6244	0.1299
10742	0.0744
2408	0.7775
20452	0.0229
10524	0.0312
24665	0.3786
5387	0.0734
14661	0.0197
18566	0.7928
10529	0.4561
14667	0.1882
1957	0.0869
22839	0.0381
14064	0.0159
9704	0.1394
9705	0.0160
14992	0.0526
8873	0.0005
3248	0.1636
12852	0.1222
14997	0.0228
7315	0.2002
7314	0.2723
14999	0.0060
24115	0.0080
7313	0.9328
3244	0.0099
11902	0.0221
22373	0.7305
829	0.0580
12303	0.0367
11905	0.1982
825	-0.0023
23402	0.8569
18415	0.0054
12309	0.2896
820	0.1918
13253	-0.0006
12636	0.0757
12903	0.0184
12380	0.0699
1482	0.0442
14208	0.0354
10236	0.0286
3308	0.0334
3307	0.1581
3304	0.1401
20295	0.5076
3303	0.0218
15910	0.1122
1713	0.0995
1712	0.0217
1711	0.0140
9387	0.0325
9380	0.0190
792	0.0773
14190	0.0474
12889	0.2455
21509	0.0235
24028	0.0224
12886	0.0845
18108	0.2317
15829	0.0783
15828	0.6439
10568	0.0392
17084	0.0245
5946	0.0420
1138	0.0527
12145	0.0191
23503	0.6101
18186	0.1301
15955	0.0936
15954	0.3856
617	0.9147
15139	0.2176
23795	0.0530
9864	0.1613
7789	0.0081
14448	0.1418
11129	0.0095
21402	0.0545
24664	0.2406
10752	0.0297
7781	0.0304
3019	0.5940
17978	0.0232
7144	0.0282
7146	0.0051
10999	0.3768
3016	0.0163
13712	0.0639
7142	0.3738
3015	0.8146
21120	0.2718
18743	0.3747
926	0.0441
18741	0.9876
1007	0.0109
512	0.0032
1002	0.3486
8727	0.0142
1000	0.0140
12877	0.2648
4188	0.7870
10995	0.0790
8057	0.0940
8056	0.0097
8055	0.2110
23124	0.0429
8058	0.0387
4185	0.4008
4187	0.0965
1228	0.0217
15007	0.0094
5662	0.4830
6534	0.0864
8295	0.4271
6533	0.0262
13620	0.0119
4344	0.1229
15009	0.0825
18478	0.0007
19641	0.0254
7498	0.0571
15567	0.0496
11018	0.0198
11019	0.7871
22830	0.1076
2885	0.0539
8794	0.1494
7490	0.0269
14537	0.0618
7494	0.0627
11013	0.0192
18028	0.0385
24292	0.0137
23018	0.3737
11048	0.0304
17885	0.0494
22539	0.0241
3879	0.0164
18476	0.9675
22001	0.0175
22637	0.1411
22286	0.0092
14764	0.0336
16005	0.0494
3875	0.9568
23728	0.1861
15507	0.0223
11337	0.1864
11336	0.3356
23723	0.1686
23233	0.7308
23232	0.0193
8471	0.5811
23724	0.0082
11	0.0510
6403	0.3560
15311	0.6984
7565	0.0593
12477	0.0928
15316	0.2414
5719	0.0332
16	0.0233
19	0.0255
6408	0.0310
6409	0.0144
5711	0.0192
21403	0.5621
25631	0.0520
7763	0.0188
9986	0.2877
17702	0.2617
7768	0.0700
7769	0.1961
15207	0.1089
3900	0.1916
3902	0.3715
19324	0.0022
9943	0.1267
4761	0.0405
4760	0.0339
13652	0.0860
23346	0.0013
13656	0.0397
4766	0.0073
22526	0.8350
11486	0.0688
11483	0.2096
11482	0.4203
23838	0.0041
13895	0.0536
13892	0.0059
4162	0.2291
25063	0.0233
23029	0.7059
11244	0.0105
21277	0.3426
21583	0.0192
19039	0.0099
19740	0.0312
19037	0.6912
19742	0.0143
19035	0.0021
5807	0.0241
17718	0.0095
5804	0.3217
16752	0.2264
200	0.1164
15623	0.0308
19255	0.0139
16205	0.0041
206	0.2437
16208	0.0116
16209	0.0409
25164	-0.0007
18881	0.0158
25162	0.1040
25161	-0.0011
17350	0.0073
20699	0.0444
25368	0.0196
25365	0.0781
16599	0.0555
17168	0.0660
12049	0.0315
24987	0.0620
23903	0.1559
17490	0.2911
12686	0.0202
18822	0.0673
22166	0.7469
2230	0.0159
23908	0.2597
21884	0.0275
2234	0.0874
24646	0.1183
18879	-0.0011
5935	0.0507
19630	0.0344
10823	0.0298
10820	0.0500
5930	0.0281
10828	0.8070
16186	0.5126
17826	0.0496
19829	0.0562
19965	0.0678
21647	0.0142
3499	0.4775
17578	0.0164
4609	0.4553
7818	0.1696
4570	0.0965
4572	0.0352
21084	0.3668
3659	0.0441
18733	-0.0017
13406	0.2223
4578	0.0016
13408	0.0435
24985	0.7997
22851	0.0068
16370	0.1541
3651	0.2986
17825	0.9681
19441	0.0541
21681	0.0302
11990	0.0775
13514	0.1087
11663	0.0898
2520	0.1082
2522	0.3506
13384	0.7878
20399	0.3184
16683	0.5184
21748	0.7779
24966	0.0648
19904	0.1095
11462	0.0142
9277	0.2885
220	0.8662
11469	0.2177
22858	0.0028
9378	0.0499
2709	0.0730
5060	0.2235
23924	0.1050
2705	0.0263
23272	0.0961
2706	0.0050
4885	0.0723
4887	0.0090
7962	0.0098
25214	0.0380
25065	0.0301
9174	0.1380
10687	0.1297
10685	0.0634
25187	0.1043
13318	0.2002
4404	0.0154
13314	0.1488
13316	0.1237
1821	0.4891
4402	0.9069
10758	0.0295
6259	0.0997
12474	0.0866
9576	0.1906
2417	0.1901
12824	0.0692
9579	0.1917
925	0.5363
2149	0.0859
2148	0.0054
10530	0.0508
18619	0.1420
20937	0.0263
5396	0.3241
14236	0.3565
10539	0.0119
5398	0.0517
11805	0.2700
5748	0.0517
14059	0.0500
14234	0.2292
1926	0.0274
20117	0.0464
9717	0.9438
13937	0.3829
9714	0.9378
832	0.1393
18979	0.4492
22992	0.0431
3473	0.0485
8885	0.1614
24101	0.1121
18975	0.0950
7366	0.0036
7367	0.6870
3	0.0160
13221	0.9787
18401	0.1283
18404	0.3236
19994	0.0979
5586	0.0399
18994	0.3950
7074	0.0209
18990	0.1646
21335	0.1294
12479	0.0243
12916	0.0182
12917	0.1221
7023	0.0455
7027	0.3678
9002	0.1429
2353	0.0561
24414	0.0546
10226	0.3555
3312	0.0138
5482	0.0573
5481	0.1015
9008	0.0002
24036	0.0359
20028	0.0356
786	0.0202
780	0.2397
1729	0.0207
20021	0.0388
20023	0.0372
1722	0.0320
21518	0.0947
17325	0.8582
13135	0.0173
18577	0.0115
18571	0.0913
12403	0.0967
19228	0.0110
18579	0.1376
20756	0.1725
15948	0.0844
5624	0.0382
15122	0.0037
18196	0.7633
9000	0.0345
18193	0.1862
18191	0.1770
3004	0.1099
63	0.0205
3000	0.0145
10076	0.0433
67	0.0323
7791	0.1169
17104	0.0488
11896	0.0276
22626	0.2620
20337	0.1388
1589	0.0229
17454	-0.0020
17968	0.1692
1582	0.0474
1581	0.0372
20561	0.0265
7151	0.1266
1372	0.0411
18754	0.0204
10222	0.0060
18757	0.0475
1031	0.1465
1036	0.2674
1037	0.0135
630	0.0208
23649	0.1743
12866	0.0889
23136	0.1629
8067	0.0376
1218	0.0105
927	0.0052
8062	0.0072
23645	-0.0013
7485	0.4739
6520	0.2033
6522	0.1282
6525	0.0100
9452	0.4352
6526	0.9455
4373	0.5301
5654	0.8495
4371	0.1486
7489	0.0456
5650	0.2229
11069	0.3042
16458	0.1456
2895	0.0245
23293	0.0856
24031	0.0138
11065	0.0536
25561	0.3238
14547	0.0902
14546	0.5184
1454	0.0429
1104	0.0177
17899	0.1641
1451	0.0010
1452	0.0843
17892	0.0195
25567	0.0077
17890	0.1913
23009	0.0879
10188	0.1901
13791	0.7578
4081	0.3957
4083	0.2084
23732	0.0781
13796	0.0486
4088	0.0514
3867	0.0874
3866	0.0288
3865	0.1032
8409	-0.0017
15927	0.2951
11325	0.2854
25240	0.0049
7571	0.0444
7570	0.0745
7573	0.1962
3734	0.0456
15308	-0.0009
7574	0.0810
19138	0.2244
5722	0.1288
21202	0.0431
6417	-0.0016
20070	0.0020
15300	0.0364
6410	0.2111
9812	0.0164
9813	0.0272
7775	0.3006
13762	0.0388
13038	0.4158
3917	0.0118
8315	0.0929
8316	0.1449
13468	0.1336
23824	0.0188
4799	0.0201
8312	0.1167
23351	0.7648
21971	0.6803
5836	0.0236
5995	0.3274
4150	0.0116
4156	0.0186
25095	0.0245
4154	0.0592
13721	0.0471
11257	0.1612
11254	0.0090
4159	0.0368
10886	0.3487
18900	0.0347
13506	0.0423
7028	0.1087
13723	0.0101
13462	0.0272
23271	0.5724
9922	0.0094
24642	0.0266
9926	0.0210
13725	0.2856
19263	0.0185
212	0.0302
11579	0.0469
22771	0.6225
8218	0.0235
25170	0.8137
16766	0.0961
19269	0.0506
22679	0.0974
20573	0.0461
25378	0.0225
11783	0.0119
16564	0.1098
6085	0.6853
25372	0.0631
11789	0.0375
6080	0.3089
12070	0.0312
23914	0.1871
23915	0.0569
23917	0.0048
6640	0.0397
12670	0.5588
5902	0.0219
17217	0.0473
16165	0.5854
16164	0.1308
15086	0.0417
16168	0.0274
19881	0.0375
3488	0.0231
7803	-0.0004
17561	0.1542
7807	0.5448
7806	0.0503
24825	0.0143
3480	0.2766
3484	0.0265
20472	0.4038
13411	0.1353
21078	0.1422
24663	0.0476
13418	0.1185
4568	0.3988
21071	0.0765
19864	0.0358
19867	0.0509
2550	0.2269
6399	0.0095
2554	-0.0013
11675	0.0706
2558	0.0593
6393	0.0800
6390	0.0631
18297	-0.0010
11476	0.0366
19069	0.3357
14300	-0.0017
2390	0.2360
17363	0.0027
17190	0.0149
17368	0.1169
2399	0.0116
20612	0.1175
5011	0.6703
4898	0.0207
13940	0.1105
14305	0.9486
5016	0.0684
4893	0.7297
4892	0.0512
4891	0.3797
17782	0.0118
4894	0.0564
16947	0.0187
20929	0.2628
16944	0.1506
16410	0.0877
25277	0.0147
18355	0.1325
7975	0.4968
7974	0.5877
9492	0.3563
7976	0.0607
16418	0.0178
9144	0.0073
9497	0.0220
1858	0.0177
7522	0.0614
12255	0.0411
12254	0.9238
6260	0.1145
13304	0.0142
9606	0.0104
4413	0.0970
4412	0.0477
4411	0.0402
13301	0.0298
6065	0.0420
13598	0.0051
2176	0.0611
17097	0.6674
15382	0.0257
2175	0.3807
22276	0.0043
917	0.0108
9545	0.4480
12099	0.0418
6069	0.0022
21107	0.0891
4960	0.0409
2604	0.0241
14045	0.0031
9724	0.0259
2607	0.0585
20928	0.7436
2601	0.0866
14042	0.1191
2603	0.1898
20926	0.3535
20920	0.2032
14049	0.0760
14824	0.0244
9729	0.0217
3261	0.0183
24136	0.1130
21327	0.2135
20336	-0.0018
10039	0.0136
1936	0.0522
10785	0.9627
3266	0.0139
5124	0.0466
1939	0.5992
20101	0.2632
3464	0.0219
22984	0.0545
20574	0.7002
3460	0.8534
22989	0.0288
7370	0.1672
21699	0.0517
8890	0.0329
12322	0.0036
12320	0.8708
20586	0.9403
20588	0.0902
19141	0.0530
10292	0.0151
11926	0.0094
22941	0.2377
14221	0.0237
14955	0.0191
7230	0.0219
16902	0.0980
20232	0.3150
21360	0.3082
1739	0.0160
1738	0.1613
13237	0.0245
18694	0.0283
24005	0.0069
1730	0.0174
5232	0.0974
20036	0.2150
1734	0.0385
1737	0.0741
20666	0.2696
13124	0.1046
13125	0.0210
15808	0.3742
15806	0.0489
15805	0.0199
17073	0.0825
11818	0.0055
18142	0.1847
13129	0.0804
752	0.0594
756	0.0255
17428	0.1392
25052	-0.0013
6886	0.1116
6887	0.0143
1596	0.0326
6882	0.1866
1590	0.0636
3076	0.7580
1592	0.0318
18322	0.2261
2950	0.0268
14311	0.2198
1027	0.0279
1020	0.8511
12713	0.0273
17951	0.0244
7161	0.0470
7164	0.0256
4365	0.9714
24029	0.0133
4361	0.1491
1205	0.0235
12897	0.0093
1206	0.0437
1201	0.1223
4368	0.0100
12892	0.1985
15573	0.8665
15571	0.6195
8278	-0.0009
8277	0.8939
14559	0.0163
11072	0.0506
14550	0.2527
22707	0.0462
3102	0.0690
14555	0.0432
8671	0.5030
8670	0.0947
5	0.6861
1441	0.0109
12869	0.0244
8064	0.1669
20923	0.6450
4092	0.4312
23215	0.0626
4090	0.2763
4097	0.0242
22348	0.0597
22349	0.2594
19126	0.1567
22615	0.0325
22340	0.0162
23587	0.1683
23584	0.0853
5730	0.6116
11319	0.0263
12205	0.0845
5739	0.0014
5738	0.0198
481	0.0183
8414	0.1193
15010	0.1273
6462	0.3795
12201	0.0529
9801	0.0276
7583	0.1263
18120	0.0109
7747	0.1398
22640	0.3629
18166	0.6402
7749	0.1805
14044	0.1502
23879	0.0481
15543	0.0137
14174	0.0180
8724	0.0369
24153	0.0940
20446	0.8583
3929	0.0050
22508	0.0312
23977	0.0237
6721	0.0419
12158	0.0422
8301	0.0408
6724	0.0029
6729	0.0806
6728	0.0076
4782	0.4193
11886	0.1183
19014	0.3677
8095	0.0031
8267	0.1175
12521	0.0102
4148	0.1378
23694	0.7047
4145	0.0676
8260	0.0281
24634	0.0195
4146	0.1067
4140	-0.0003
4142	0.2610
14912	0.0105
3855	0.0141
21851	0.0247
3853	0.1936
22085	0.1715
8726	0.0773
14426	0.0726
19275	0.5744
18553	0.0889
6099	0.0192
12069	0.0231
19784	0.1326
16577	0.0233
9079	0.0360
12064	-0.0011
6094	0.4485
16571	0.1970
10350	0.0340
11300	0.0318
6658	0.5406
6657	-0.0007
12664	0.0020
6652	0.0279
16173	0.0680
19650	0.0637
19651	0.0496
15548	0.0605
16141	0.0027
16175	0.0362
10806	0.3604
16179	0.0275
20990	0.5825
14596	0.0213
198	0.8835
21844	0.0294
14545	0.2023
17552	0.4537
21666	0.1501
192	0.0357
6384	0.0308
19879	0.0200
4556	0.0345
4557	0.0136
6388	0.2756
4550	-0.0018
21061	0.0460
15494	0.0549
21996	0.0997
19513	0.0891
11687	0.1553
11686	0.0193
17898	0.7016
14070	0.3534
11443	0.0323
2382	0.0436
11447	0.0289
17237	0.0121
12793	0.2932
24801	0.0503
20544	-0.0016
5003	0.0263
5002	0.0314
2769	0.0205
9156	0.0307
3585	0.2305
10334	0.2439
2762	0.1390
20625	0.0224
20624	0.5016
9159	-0.0009
9158	0.9003
22899	0.1222
9489	0.0588
12213	0.0287
14924	0.0473
17131	0.3704
24168	0.0214
7902	0.3648
17132	0.0846
17134	0.0656
11304	0.2396
7907	0.0038
245	0.0419
12242	0.1323
901	0.0140
6275	0.0185
6274	0.0475
16790	0.0141
16791	0.0958
6279	0.1697
4426	0.0823
25129	0.0160
1845	-0.0017
1844	0.1059
6077	0.0715
12087	0.1004
4958	0.4867
22705	0.0912
12082	0.0532
12083	0.7293
6071	0.0594
4950	0.3444
4956	0.1669
2160	0.1553
9731	0.8251
14032	0.3475
16718	0.1587
9738	0.0176
20486	0.0544
21336	0.0022
13430	0.5678
7345	0.0116
3298	0.3341
10799	0.0208
7341	0.0253
1906	-0.0021
1907	0.2438
10024	0.2073
3297	0.0278
5133	0.0076
24232	0.0970
21339	0.0165
13207	0.1929
21683	0.1287
11859	0.0195
3458	0.0476
21596	0.5439
13209	0.0329
17512	0.1193
22355	0.1373
6	0.0436
12334	0.0348
20964	0.0753
12337	0.0712
12331	0.2738
12332	0.0533
15907	0.7350
14968	0.3980
14783	-0.0017
14920	0.0066
13162	0.2154
20551	0.0028
13163	0.0501
7000	0.2523
10240	0.0171
20559	0.1599
14140	0.1046
14143	0.1768
10245	0.0119
18686	0.0024
18687	0.0612
23182	0.0398
21537	0.3753
5227	0.0404
21531	0.0526
21732	0.0309
18512	0.0101
11860	0.4578
8936	0.7671
14814	0.2528
18517	0.2151
18514	0.4263
14810	0.8690
15557	0.3975
20604	0.0291
15140	0.0949
12813	0.0420
746	0.0241
15145	0.2424
22423	0.0370
15780	0.9082
6890	0.0455
3061	0.1741
17947	0.0640
7171	0.0903
3066	0.3040
7173	0.0369
2947	0.0876
14360	0.0096
14491	0.0245
18331	0.0000
14365	0.0302
14364	0.0150
14495	0.0470
20312	0.0178
1052	0.0308
1053	0.0095
1054	0.7071
16393	0.0095
1059	0.1872
1693	0.2138
16396	0.0170
20425	0.4946
1698	0.0071
618	0.2256
18678	0.1418
4317	0.2709
612	0.1215
613	0.0046
12884	0.5077
616	0.6846
1275	0.0100
12881	0.0735
8798	0.0181
15568	0.2573
14594	0.1790
24936	0.0419
8242	0.0005
15061	0.4594
24485	0.1946
8241	0.0005
8246	0.2712
11049	0.0031
9819	0.0413
14765	0.2596
5461	0.1221
14760	0.2023
14762	0.0926
3116	0.0917
21046	0.5379
3111	0.0577
2371	0.0662
1473	0.1147
15965	0.0343
1474	0.0277
8649	0.0084
15968	0.0150
10172	0.3603
1478	0.0395
8642	0.0074
15306	0.0255
23026	0.5367
8641	0.0632
8426	0.0367
8427	0.0252
1306	0.3276
23203	0.9102
17919	0.0598
19853	0.1719
23758	0.2373
22376	0.1777
23590	0.0003
5741	0.0943
23592	0.2171
23593	0.0479
5744	0.1340
23595	0.0551
5746	0.0350
15752	0.1373
494	0.0257
13934	0.0511
4226	0.1092
4227	0.0560
490	0.8417
14213	-0.0003
11307	0.7341
24	0.0164
5584	0.0426
20	0.0227
5580	0.7156
7598	0.0363
22739	0.1160
9833	0.1338
12401	0.0346
12406	0.0073
24796	0.0170
17912	0.0918
23115	0.0042
21492	0.2693
7759	0.3101
23111	0.1016
23112	0.4022
7755	0.2094
7754	0.4673
15754	0.0767
18698	0.1415
20125	0.1343
13773	0.0719
10304	0.0557
3939	0.1183
19466	0.0695
3931	0.2010
22892	0.1412
3932	0.1185
8330	0.3964
8336	0.0810
21239	0.0200
8334	0.2098
11273	0.6635
23374	0.1231
23371	0.1172
19061	0.0608
12537	0.0349
12534	0.0281
22323	0.0944
15212	0.0230
21866	0.0911
19066	0.3081
17417	0.2262
22324	0.1578
4132	0.0360
4133	0.8260
17128	0.0001
15218	0.0300
4137	0.0836
5692	0.0282
24464	0.0194
3843	0.0357
5697	0.2705
3849	0.3346
5699	0.0637
13626	0.0089
25357	0.1366
19201	0.0280
22794	0.4258
22791	0.2050
22790	0.0047
16098	0.3835
16549	0.0292
22409	0.0109
22408	0.0072
24895	0.0888
22104	0.3287
22407	0.0550
15973	0.0555
25479	0.0088
4045	0.0110
13756	0.0610
4040	0.0592
12652	0.0104
6660	0.7581
12657	0.0325
18253	0.1213
23974	0.0223
24891	0.0097
10878	0.0232
17870	0.9441
21600	0.0088
22087	0.0174
19666	0.0119
5962	0.0034
10872	0.0062
5966	0.3352
19660	0.0028
16891	0.0157
17549	0.0419
16325	0.0460
24808	0.0299
16897	0.0240
25538	0.0469
16898	0.7603
21833	0.3566
23847	0.0651
17230	0.2210
4549	0.0573
20321	0.0907
22930	0.5161
19720	0.0390
19683	0.1982
19682	0.0691
4541	0.7099
13432	0.0862
19689	0.2218
19329	0.2974
24307	0.0069
23354	0.0151
11691	0.3692
13258	0.2686
10906	0.0662
11459	0.0861
16803	0.0236
11454	0.1714
22694	0.0039
24935	0.4056
24934	0.0666
2370	0.2939
3692	0.0804
6735	0.0388
17436	0.6744
3594	0.0528
10307	0.0100
10306	0.2715
5035	0.0904
8231	-0.0005
5030	0.0291
5031	0.2325
12600	0.1151
8507	0.2544
6593	0.1030
1872	0.1350
13321	0.1253
13322	0.0340
13323	0.0258
7913	0.0651
25225	0.7764
7910	0.0149
7915	0.1977
1082	0.0214
974	-0.0008
15531	0.0414
23986	-0.0013
2118	0.0266
183	0.1302
6040	0.0584
19750	0.2210
187	0.0141
15925	0.0116
2110	0.1009
21934	0.5795
189	0.0100
19923	0.0483
20837	0.7214
2623	0.0313
14020	0.0099
2621	0.1506
17046	0.0569
8606	0.0379
20835	0.0446
20128	0.8800
5834	0.0910
20945	0.0186
9582	0.0447
10620	0.7313
9585	0.7214
1911	0.3666
10012	0.1117
19739	0.0702
3284	0.2026
10017	0.0300
10015	0.6526
3280	0.1238
13211	0.0541
9408	0.1013
13218	0.2962
860	0.0930
22937	0.2133
862	0.0499
22961	0.1093
13702	0.0843
2752	0.2013
2751	0.0161
10497	0.0813
10495	0.0135
2029	0.5661
10276	0.0627
9393	0.0337
14979	0.3388
885	0.0247
10401	0.0284
888	0.1413
18236	0.0567
14972	0.1074
10475	0.0587
5217	0.0855
10477	0.4283
10476	0.1538
10471	0.0268
20543	0.0408
20017	0.4966
9050	0.0146
24090	0.0667
9054	0.0230
14153	0.0327
9886	0.0337
14592	0.6105
24062	0.2553
21546	0.0450
11872	0.1013
22898	0.2154
11871	0.0335
14804	0.0441
8920	0.0237
13104	0.0101
11878	0.0264
13107	0.8959
13100	0.2952
18830	0.0481
19437	0.0433
18306	0.1297
20552	0.2644
18651	0.1239
772	0.0474
24098	0.0077
18659	0.0074
15171	0.0189
18308	0.0112
75	0.0905
14379	0.0085
7104	0.0114
17934	0.0502
7106	0.0388
2973	0.0827
14371	0.0146
6860	0.1768
2977	0.0941
2974	0.8683
20424	0.0929
1047	0.1987
5367	0.0852
23706	0.0652
21302	0.0411
5413	0.0066
10392	0.0335
1689	0.0049
18782	0.0878
18780	0.3408
19990	0.6549
4301	0.0022
669	0.7555
8252	0.1574
17941	0.2077
1262	0.0053
663	0.0077
1266	0.0845
660	0.0074
18012	0.1638
8789	0.2072
8788	0.1351
11054	0.0985
11056	0.0389
17750	0.0102
11059	0.0781
24471	0.0487
3129	0.0075
15680	0.0247
3120	0.0420
3121	0.0600
7610	-0.0004
23944	0.8818
1469	0.1167
23000	0.0601
15997	0.0967
15991	0.0697
1463	0.0256
15748	0.9877
19541	0.0754
1311	0.0074
17923	0.0275
21738	0.0433
5753	0.0073
15427	0.0848
12434	0.0769
6910	0.0313
6443	0.1796
12431	0.0663
6913	0.0604
23564	0.0162
4235	0.0302
13925	0.2770
13923	0.6669
23563	0.3637
4230	0.2482
5590	0.0515
5594	0.1007
20997	0.0165
12520	0.0987
23150	0.0231
18840	0.0550
18841	0.1835
23168	0.0571
20908	-0.0001
7726	0.0776
3948	0.2300
22563	0.9501
19478	0.0364
13693	0.7595
3940	0.7273
19475	0.1441
315	0.3033
6709	0.7161
23308	0.0358
6701	0.0243
8327	0.7198
8320	0.0363
8322	0.0141
24671	0.0133
19070	0.0219
24673	0.7436
19076	0.0145
12506	0.0318
23827	0.0389
15229	0.1941
12508	0.0094
4126	0.0180
16560	0.0107
7434	0.0051
19765	0.0841
7431	0.1904
24470	0.0639
7433	0.0072
5685	0.1826
24478	0.8351
17183	0.1729
22873	0.0534
25323	0.3266
19219	0.0974
22788	0.6893
22789	0.2949
10498	0.0116
22783	0.2393
6675	0.0400
6677	0.2177
16089	0.0559
12641	-0.0019
23413	0.1616
6672	0.0359
22145	0.0953
13860	0.0183
12648	0.2759
12649	0.0316
22410	0.0503
23785	0.0514
20285	0.0260
23549	0.0141
4058	0.1593
22092	0.0060
19679	0.2993
5973	0.3335
16151	0.1525
10860	0.0428
6218	0.0325
16157	0.1688
16332	0.0083
16881	0.0218
19502	0.1462
13242	0.0543
19856	0.1240
21821	0.0537
21826	0.0308
21827	0.0200
15293	0.2945
19509	0.0339
8126	0.0526
25035	0.0700
23618	0.0255
25037	0.0111
23093	0.0201
25032	0.1491
16145	0.0383
10813	0.1453
23156	0.0167
16522	0.0072
13880	0.0384
23095	0.0545
15290	0.0098
2564	0.2016
8690	0.5891
24928	0.0474
8288	0.0306
10910	0.0136
2368	0.3386
24080	0.0304
2366	0.0354
17335	0.2531
11422	0.1051
2362	0.1270
17330	0.0073
7290	0.0399
10319	0.0185
9131	0.0334
17442	0.1982
7922	0.0195
9135	0.0371
9134	0.0208
7298	0.0399
7299	0.0198
5023	0.0152
16166	0.0513
10316	0.1758
7929	0.0238
4440	0.0862
4442	0.0077
13352	0.0232
3728	0.1120
16429	0.3825
16425	0.0177
25252	0.0535
3721	0.0560
16422	0.0128
964	0.8536
20546	0.0184
966	0.0158
13650	0.9294
960	0.0103
962	0.0264
6298	0.0609
4939	0.0520
6292	0.0770
4689	0.0507
11736	0.8782
10954	0.1070
23633	0.0464
2100	0.2742
6051	0.0096
11738	0.1945
10006	0.3798
5116	0.0303
20154	0.9006
20158	0.0112
5118	0.0344
14011	0.6611
20796	0.2588
20795	0.2546
20794	0.0074
17066	0.2683
9229	0.3834
8955	0.3131
9596	0.0258
9590	-0.0020
9593	0.0840
20798	0.0270
21383	0.0582
17592	0.0560
20462	0.1849
17597	0.6918
3430	0.0136
22950	0.3397
3434	0.0988
22955	0.3657
3437	0.0331
10488	0.0212
2742	0.4837
4596	0.0291
4849	0.2861
24824	0.1072
12352	0.0491
15150	0.0051
4599	0.0749
4841	0.0137
2038	0.0850
10260	0.0046
14572	0.0138
10263	0.1186
24147	0.2181
21411	0.0345
899	0.0988
14902	0.0189
14906	0.5048
5201	-0.0012
20572	0.0253
5203	0.0807
20570	0.0741
10462	0.3132
21671	0.5886
10460	0.9859
5206	0.1096
9043	0.0440
5208	0.0199
11992	0.0051
11994	0.2474
11997	0.0491
5198	0.0692
17399	0.0379
21558	0.2094
3547	0.1077
3541	0.1702
24071	0.0254
24077	0.0265
21554	0.0286
24989	0.0320
24467	0.8092
11849	-0.0007
8915	0.0170
11846	0.0420
11843	0.0238
10086	0.1137
11841	0.0262
13176	0.0088
11191	0.2236
11190	0.9894
2967	0.3079
2966	0.1234
14342	0.0142
14341	-0.0018
18641	0.0610
18318	0.0277
18319	0.0752
19046	0.0316
766	0.0351
15165	0.0469
18648	0.0224
765	0.5881
3049	0.0434
17643	0.0347
7117	0.2050
24148	0.0481
6878	0.2280
6877	0.0121
3043	0.3177
15763	0.3350
6870	0.3799
18796	0.0064
25511	0.0583
1078	0.0254
18793	0.0564
19045	0.2447
20373	0.0479
20372	0.0877
1073	0.0823
21070	0.0051
23486	0.0192
14803	0.0012
17149	0.2062
21073	0.0276
15488	0.0276
19183	0.8576
25016	0.0403
20490	0.0345
17644	0.1735
18534	0.0105
1094	0.3367
11670	0.1780
1091	0.0512
1092	0.0050
4336	0.0482
18528	0.4669
4332	0.1205
671	0.0320
4330	0.0180
673	0.1050
18835	0.3589
15508	0.0202
3132	0.0137
13774	0.0033
3138	0.0222
18002	0.0164
14741	0.0489
14740	0.0736
17856	0.0387
18523	0.0763
7605	0.1098
7604	0.1033
7603	0.0356
24265	0.0377
21989	0.0935
13552	0.1509
22895	0.4918
1323	0.1876
22677	0.0527
11343	0.1165
23776	-0.0018
9850	0.0797
9852	0.3691
9853	0.5798
15432	0.0338
6454	0.0576
5766	0.0926
6458	0.1021
13911	0.0354
5765	0.0992
4206	0.0254
4207	0.2086
15185	0.0247
5569	0.0249
19772	0.9579
5560	0.0007
5562	0.5491
11222	0.0046
1254	0.1134
1253	0.0087
7731	0.0274
7730	0.0165
7736	0.0180
7735	0.0189
23148	0.0938
308	0.0473
15326	0.1498
22406	0.0293
23345	0.0072
15248	0.0413
3952	0.0455
19193	0.1826
3957	0.0113
19194	0.0999
11210	0.1130
11211	0.0298
11216	0.0121
18309	0.0118
11214	0.0113
25588	0.0207
23313	0.0753
15323	0.1230
24219	0.2831
3343	0.0648
8194	0.9572
15234	0.2333
12515	0.1059
12516	0.4188
17933	0.0571
15232	-0.0015
19899	0.0286
15701	0.0227
24440	0.0274
7890	0.1149
7421	0.0610
19118	0.0206
20263	0.0790
11479	0.8197
16520	0.1459
8199	0.3820
25334	0.4982
12564	0.1188
23950	0.0070
6602	0.0361
6604	0.0058
6606	0.2319
7109	0.2542
6608	0.0105
6609	0.3060
24691	0.0261
4062	0.8900
5945	0.1761
4066	0.0232
17021	0.3121
4065	0.0298
11506	0.0311
11504	0.5038
11505	0.1030
24597	0.0118
11500	0.0565
982	0.0021
5781	0.2756
17837	0.1422
3601	0.0333
3600	0.0425
19537	0.0350
3606	0.0748
986	0.0225
14618	0.0259
16180	0.0333
16187	0.0568
13276	0.2286
25028	0.7653
16637	0.0303
12184	0.0122
12182	0.5882
24436	0.1353
22889	0.3524
12747	0.2707
12746	0.7120
25204	0.0688
6112	0.0159
24451	0.9876
17328	0.0679
17329	0.0187
10921	0.0444
25205	0.0602
19995	0.0641
19222	0.2710
19996	0.0003
17320	0.3677
111	0.0415
17322	0.1173
10928	0.3933
11437	0.0491
16942	0.0815
7283	0.0520
17102	0.0112
1048	0.2893
9458	0.0438
7286	0.1104
17106	0.0487
21788	0.0157
21786	0.0484
9456	0.9179
22918	0.0154
9102	0.0432
10676	0.0116
9100	0.0117
4453	0.3973
4452	0.0912
16989	0.0392
13341	0.7384
21148	0.0665
13345	0.0593
16982	0.0236
4459	0.0347
4458	0.0101
16457	0.0866
16456	0.8814
12299	0.0278
2135	0.5872
4696	0.0443
951	0.1384
12291	0.0296
952	0.0390
954	0.2394
12295	0.0544
12294	0.5479
6028	0.4542
17216	0.0608
11725	0.3903
11722	0.0526
25208	0.0140
24867	0.1509
24866	0.0965
20810	0.2324
24868	0.0221
23451	0.0087
6026	0.0569
2648	0.0028
20140	0.1131
20144	0.0807
1859	0.0454
10079	0.6690
5169	0.0220
20148	0.0206
16787	0.0270
2646	0.0335
2647	0.4994
20781	0.0088
9218	0.0543
22947	0.0768
16178	0.0440
17074	0.0512
9213	0.0147
9210	0.0117
9211	0.8259
9216	0.7144
9215	0.0305
3428	0.0279
17588	0.0697
13308	0.0078
22282	0.0463
14934	0.0489
17586	0.4224
3420	0.0005
17580	0.0248
16858	0.0468
17582	0.2777
13422	0.0641
22129	0.0230
12161	0.6224
4588	0.0455
6333	0.0391
4856	0.1205
25090	0.0184
4852	0.0337
4582	0.0057
13902	0.1253
9077	0.0335
14176	0.0228
10299	0.0417
14171	0.0481
12483	0.1157
10295	0.0182
14913	0.2324
10291	0.4093
1855	0.0324
9675	0.0005
11988	0.0281
20568	0.0687
10456	0.0261
9673	0.0679
11983	0.1282
25199	0.0559
9679	0.1112
25555	0.1690
24680	0.8095
3554	0.0119
3553	0.0504
21762	0.0350
10580	0.2829
13168	0.0215
10585	0.1007
18621	-0.0016
23511	0.0297
11850	0.1107
11851	0.0268
8907	0.6199
13167	0.0472
8902	0.0209
11182	0.0692
719	0.1076
2917	0.0982
716	0.1618
9549	0.0866
1794	0.4662
24309	0.2386
18047	0.0485
7128	0.1109
19633	0.0193
17917	0.0157
7127	0.5058
6846	0.0501
15756	0.0738
6845	0.1023
22655	0.1539
25025	0.0057
11052	-0.0007
20364	0.0259
1066	0.0243
18250	-0.0016
13518	0.9391
18159	0.0864
13010	0.0625
1660	0.0232
9726	0.0012
1085	0.0542
592	0.0382
594	0.0748
597	0.0480
6597	0.4595
18524	0.0278
1089	0.0109
12987	0.0419
24277	0.1052
24270	0.0230
12982	0.2957
22868	0.0330
2824	0.5067
18070	0.0582
2826	0.6327
18330	0.3841
2820	0.1468
14593	0.0132
14591	0.0864
5417	0.0044
14758	0.0154
3381	0.0223
14754	0.0236
14755	0.0545
17860	0.0629
17867	-0.0017
7637	0.0369
23201	0.0359
20284	-0.0023
18467	0.0246
19450	0.1741
1407	0.2426
4214	0.0899
4217	0.0283
1339	0.0965
4213	0.0605
4212	0.0542
11951	0.9213
440	0.5167
13908	0.0065
13909	0.0404
445	0.1258
10139	0.0031
23099	0.2653
25620	0.0629
15401	0.0610
9840	0.5752
15407	0.1781
9845	0.0815
19756	0.0230
5770	0.0084
6938	0.0141
8124	0.9008
5775	0.0779
2497	0.1073
8693	0.2321
5776	0.0789
1933	0.7215
39	0.0627
7703	0.2667
5577	0.0368
5576	0.0236
5572	0.0533
24194	0.0640
5570	0.1539
18312	0.0442
21454	0.1645
3096	0.8218
644	0.0980
647	-0.0021
3095	0.0477
21453	0.2011
19022	0.0492
23143	0.0394
14473	0.0120
10038	0.0132
14719	0.0062
24484	0.1630
23321	0.0511
24334	0.0311
14475	0.0516
19181	0.6077
331	0.0066
24979	0.1567
3057	0.1929
18313	0.1245
4100	0.0323
4103	0.0211
25151	0.0550
4108	0.0704
11225	0.0271
25289	0.2627
8346	0.0148
12568	0.0344
17738	0.0572
22761	0.0311
19050	0.0584
15240	0.2419
15242	0.0165
10756	0.2063
12567	0.0641
12566	0.0705
7412	0.0089
22303	0.0002
22306	0.0361
22304	0.0343
17347	0.0587
24454	-0.0007
24415	0.0443
21028	0.1015
3894	0.0096
22434	0.0809
22436	0.0436
22437	0.0544
22430	0.2459
22431	0.1431
16535	0.0435
25306	0.0137
18315	0.0635
25650	0.0377
17615	0.0696
12622	0.4065
12623	0.0468
844	0.0095
6617	0.0020
1635	0.0895
16218	0.0231
22126	0.0312
10840	0.8487
5952	0.0126
4079	0.0590
13769	0.0131
10675	0.0005
10848	0.2165
10849	0.0283
13766	0.0451
8898	0.3083
11537	0.0096
4070	0.0176
11535	0.0286
15279	0.0175
3962	0.0217
3963	0.0089
3960	0.0069
22862	0.0529
19458	0.9358
23562	0.2853
8079	0.0355
19528	0.0255
3639	0.3142
3636	0.0041
19526	0.0660
16580	0.0493
19520	0.0987
3630	0.2419
12199	0.0639
13501	0.0073
12190	0.3878
24483	0.0005
12194	0.0413
4613	0.0183
16620	0.8162
16621	0.0464
11406	0.0141
2346	0.0405
14479	0.0038
12758	0.0197
9691	0.0227
12756	0.0548
16190	0.2358
24274	0.2881
2349	0.0143
6100	0.0395
19231	0.0069
19232	0.0181
4617	0.0701
22022	-0.0011
21296	0.7643
10933	0.0052
9119	0.4582
25273	0.2264
9449	0.0641
17993	0.1942
15652	0.0934
9443	0.1199
17462	0.2832
17461	0.0695
3708	0.9339
1889	0.0551
22246	-0.0018
16441	0.1177
12288	0.0472
17660	0.0210
1881	0.9889
23508	0.0142
9825	0.6176
2127	0.0648
4664	0.3156
13574	0.0232
11400	0.0500
4660	0.3714
943	0.0481
940	0.0104
4911	0.0388
21800	0.0240
21801	-0.0008
11711	0.2553
15354	0.0152
11717	0.1381
17267	0.9468
21807	0.7098
6033	0.0789
6031	0.6115
12432	0.0320
9205	0.4514
10063	0.4317
5171	0.3021
10061	0.6365
5176	0.0501
9203	0.0413
5174	0.0038
10068	0.0679
5754	0.0048
21488	0.0331
3416	0.1148
3417	0.4512
3413	0.0141
20270	0.0566
9987	0.0259
17001	0.2480
139	0.0376
11408	0.1849
21376	0.1502
17004	0.0188
7384	0.0150
16846	0.0379
25593	0.0468
8534	0.8567
14932	0.0727
9983	0.0307
10665	0.0648
10660	0.0118
9980	0.8235
10662	0.1159
9681	0.2453
4863	0.0564
9682	0.7016
13485	0.0334
9684	0.8092
6329	0.0040
13486	0.0234
9061	0.2056
18482	0.0065
14380	0.0079
16806	0.0221
10284	0.0603
10285	-0.0016
9667	0.1989
21572	0.1425
9664	0.0267
9663	0.0080
10445	0.0165
21720	0.0230
10440	0.9397
10113	0.0292
20517	0.1728
9668	0.1664
18804	-0.0020
20688	0.0090
10732	-0.0007
3561	0.1307
3566	0.0500
13152	0.9111
3564	0.2498
20402	0.0619
20681	0.0247
10839	0.1267
18808	-0.0018
21779	0.0322
4484	0.0137
8979	0.0505
20400	0.1086
10595	0.0818
10598	0.1411
13399	0.4145
6567	0.0061
21798	0.1257
708	0.0415
705	0.0552
707	0.0305
700	0.0131
15749	0.0755
12639	0.0093
7139	0.0457
7138	0.0235
88	0.0369
11880	0.0230
5614	0.0026
20351	0.1381
17901	0.0822
11889	0.2057
7132	0.1548
86	0.0147
7134	0.0186
20195	0.5402
20197	0.0303
25271	0.0214
19632	0.3829
5310	0.0254
20198	0.0071
8804	0.0131
8805	0.0433
14293	-0.0019
13020	0.0555
14922	0.0417
23580	0.4356
8803	0.0627
14298	0.1076
18248	0.0257
18249	0.0050
8808	0.0371
20466	0.0253
1655	0.0471
6583	0.0602
24003	0.0186
8758	0.0769
8759	0.0081
8208	0.0637
8209	0.2018
8206	0.0272
8204	0.1906
8205	0.1775
589	0.0795
12990	0.0442
17875	0.7359
7627	0.0724
12994	0.0370
7620	0.0058
3155	0.0747
18063	0.0097
11081	0.3800
17879	-0.0017
2830	0.1473
14729	0.1308
20222	0.7587
3396	0.6761
14720	0.9753
19940	0.1129
13476	0.0675
14727	0.0001
16360	0.2665
15269	0.1343
11978	0.0383
24009	0.0882
1349	0.0393
23556	0.1874
23550	0.0044
13379	0.0297
13979	0.1164
1345	0.2124
15419	0.0232
9878	0.3124
18111	0.0520
6925	0.0850
6926	0.5141
9872	0.0245
15411	0.1031
9870	0.0938
7711	0.1226
11154	0.2458
7713	0.0318
17666	0.0676
7715	0.0726
14432	0.0269
21152	0.0600
24517	0.0310
5541	0.7611
24510	0.0877
19107	0.2082
25478	0.0123
24279	0.0675
1503	0.3353
18502	0.0404
1504	0.0737
8596	0.4502
8597	0.0970
23152	0.0186
3086	0.2408
8590	0.6017
23331	0.0117
8375	0.1285
22698	0.0127
23336	0.0065
22206	0.3080
5891	0.0256
5892	0.2187
5894	0.0695
3946	0.0563
8572	0.3316
5897	0.1055
11234	0.0092
13802	0.0911
3885	0.0043
3887	0.4814
3886	0.0176
11569	0.6744
17779	0.0761
15560	0.0137
12570	0.3854
15251	0.0098
15256	0.1013
13575	0.1155
22648	0.1058
24421	0.0234
22336	0.0269
22332	0.2160
22331	0.5700
16965	0.0426
19083	0.0500
19081	0.2593
25087	0.0130
16059	0.0423
9800	0.0123
17683	0.0151
25009	0.9840
16057	0.5912
16504	0.8104
19731	0.0165
16053	0.0859
4661	0.0424
22687	0.4073
11209	0.3038
11520	0.1780
11521	0.0670
12615	0.2377
941	0.2323
23421	0.0264
22689	0.0441
16706	0.0067
24790	0.0727
15017	0.4506
22392	0.0178
4000	0.0368
11564	0.0296
4002	0.0056
4003	0.0045
4004	0.0165
21802	0.2995
9894	0.0455
24734	0.0031
3973	0.4149
3972	0.5210
19425	0.5486
18049	0.0627
23211	0.2555
24876	0.0383
9898	0.0258
19559	0.0529
22710	0.1286
24874	0.0157
19551	0.3767
21016	0.2878
3623	0.1033
3622	0.1935
13991	0.0828
19885	0.2247
19884	0.0987
22084	0.0366
22061	0.0120
16613	0.0762
16612	0.0074
22068	0.2186
16616	0.0835
16615	0.0111
2331	0.0302
2332	0.0118
11413	0.0271
2334	0.5137
2335	0.0640
22595	0.2731
11417	0.0732
12762	0.0765
17185	0.0167
15794	0.1354
17816	0.0219
25483	0.6409
16292	0.0610
16291	0.1855
6883	0.0469
16474	0.1681
15791	0.7754
25269	0.0443
12979	0.0068
21905	-0.0012
17475	0.0644
21907	0.1678
24999	0.0094
13369	-0.0017
16277	0.2602
19956	0.3385
16270	0.4959
4471	0.0120
17677	0.0442
4473	0.0074
4472	0.1192
24994	0.2357
17670	0.4779
4909	0.0021
22364	0.0393
21482	0.2340
4901	0.0991
12972	0.0078
4905	0.9601
13563	0.0346
4671	0.7142
24222	0.2256
12971	0.1006
24841	0.0262
5688	0.2403
7395	-0.0009
20249	0.1685
24698	0.0094
7391	0.0731
7390	0.7365
5148	0.1660
992	0.0351
24348	0.0185
22445	0.1481
10726	0.1733
7399	0.1388
17959	0.1094
17116	0.0387
22922	0.0421
121	0.0262
22921	0.5372
3405	0.1864
126	-0.0008
3406	0.0275
17016	0.9780
7537	0.0166
20760	0.0687
16872	0.1005
24772	0.0458
16874	0.0123
12384	0.4450
7086	0.2195
4878	0.1200
24774	0.1279
6312	0.0008
2069	0.4468
17165	0.1904
6314	0.0841
6315	0.1414
2792	0.0294
9168	0.0975
6318	0.2511
6319	0.0746
13531	0.1443
3375	0.0773
2794	0.0375
14117	0.8892
14115	0.0328
20245	0.3082
9097	0.0109
18471	0.1429
9091	0.0939
10691	-0.0002
25322	0.0552
9308	0.2152
9655	0.0302
10431	0.0144
9305	0.3074
9658	0.2760
20501	0.0384
10435	0.0322
17708	0.1169
17709	0.0249
11268	0.0118
13142	0.4732
17002	0.0211
3578	0.0376
7241	0.1230
13148	0.1558
3577	0.0207
20691	0.2732
20770	0.1367
4495	0.0927
4494	0.0838
4492	0.1041
4491	0.4119
9789	0.6836
24342	0.3973
15351	0.1953
4499	0.0179
15887	0.0088
6823	0.0348
15735	0.3745
15881	0.0156
16968	0.5562
2934	-0.0018
18615	0.9215
10991	0.0104
20437	0.1063
20343	0.0273
5322	0.0330
11899	0.7345
18581	0.3963
11895	0.1361
6441	0.0900
19011	0.1224
7682	0.0206
20186	0.0165
23947	0.0460
23575	0.0305
24124	0.0735
16800	0.2702
14930	0.0692
8816	0.0095
8815	0.0300
23416	0.1571
8813	0.1086
14287	0.0047
8810	0.0476
18276	0.1137
13036	0.0182
18906	0.0797
18273	0.0119
16963	0.1341
605	0.0843
579	0.0897
18726	0.0675
11090	0.0459
11092	0.1566
18050	0.0327
8747	0.1141
8746	0.8351
571	0.0040
8212	0.1119
8743	0.1242
8217	0.7846
14344	0.1869
15774	0.0757
15645	0.0183
15646	0.7058
12963	0.0137
3161	0.3026
7096	0.3357
1420	0.0198
5431	0.0207
7092	0.0367
5437	0.0080
14730	0.1087
17311	0.1631
20230	0.6427
18508	0.2587
3362	0.0270
16087	0.0119
730	0.0202
733	0.0197
735	0.9913
734	0.0185
739	0.0089
24990	0.0234
9565	0.1621
23520	0.0655
13960	0.0160
23100	0.0097
8100	0.0348
8103	0.3593
23529	0.0792
23528	0.0940
463	0.0794
1354	0.0319
15398	0.0711
15393	0.2518
6953	0.0289
9865	0.0304
6487	0.1772
6484	0.0182
11146	0.6508
11144	0.0044
16573	0.0178
23180	0.0714
11140	0.5120
14421	0.0909
24504	-0.0018
11149	0.0315
1519	0.0371
12277	0.4390
8581	0.0762
21920	0.1037
8586	0.0511
18480	0.0168
17312	0.1707
13818	0.2050
10844	0.1826
23788	0.3206
15267	0.1504
5882	0.1714
12544	0.1336
12810	0.4397
12541	0.0471
23189	0.0260
23863	0.4176
13813	0.0862
8569	0.8970
8568	0.0463
6554	-0.0001
16011	0.0244
15066	0.1048
6550	0.7554
15060	0.0394
15069	0.1121
22328	0.0953
7479	0.6511
3186	0.7388
11299	0.1058
24684	0.0346
24433	0.0836
18133	0.0143
3188	0.0459
22596	0.2547
19098	0.0353
19729	0.1125
16046	0.4678
19725	0.3292
16040	0.0117
16517	0.8578
22690	0.0848
6638	0.0397
11552	0.0738
15002	0.0073
14666	0.1388
6631	0.8576
22699	0.0422
23980	0.0359
6635	0.0725
12605	0.0325
6637	0.0005
11176	0.0382
16153	0.0196
14554	0.3348
4013	0.3002
4010	0.5093
4016	0.0376
7505	0.0227
21573	0.0277
7501	0.0178
19438	0.0911
7509	0.0324
9888	0.0263
17971	0.0208
17523	0.3355
19543	0.0131
25450	0.0085
16911	0.0259
16880	0.0341
21007	0.0591
12775	0.0908
6126	0.0074
12770	0.0370
12771	0.0125
19854	0.4162
12779	0.0687
23178	0.3272
2327	0.0042
4702	0.1867
13631	0.0549
2329	0.1289
23858	0.0931
10441	0.2610
12425	0.0095
24955	0.1473
24954	0.0449
16280	0.6452
10953	0.0574
10951	0.4506
24957	0.0910
287	0.4904
21174	0.0084
3761	0.0095
25297	0.0672
25296	0.0012
14990	0.4072
25293	0.6630
25139	0.0022
263	0.2090
11509	0.9797
16264	0.0161
8872	0.0217
21089	0.0625
19943	0.0159
265	0.0316
16261	0.0624
17391	0.6083
21772	0.1236
24980	-0.0018
17392	0.0164
24986	0.1223
24921	0.0122
25103	0.0468
17480	0.0343
2498	0.1157
7252	0.1136
10966	0.1414
2491	0.0216
4643	0.0382
4646	0.1626
13556	0.7139
4644	0.1179
24858	0.0856
12895	0.1141
19890	0.0525
2258	0.3168
11770	0.1283
17245	0.0182
11774	0.0348
2251	0.0468
13583	0.1818
22931	0.0435
22688	0.3339
10738	0.4095
23740	0.0186
5151	0.0545
5155	0.3947
10045	0.0832
10730	0.6129
7875	0.4469
117	0.9767
23214	0.5105
7870	0.6440
13090	0.6168
19910	0.1263
20753	0.6038
22842	0.1786
22913	0.7457
7879	0.0285
22449	0.0110
2786	0.0961
2780	0.0218
23445	0.3669
16865	0.0214
12394	0.0589
16861	0.1251
21185	0.0598
9461	0.4474
23748	0.0612
12155	0.3026
2071	0.0428
6306	0.0765
11609	0.0858
2075	0.0747
10134	0.0125
10136	0.4285
20532	0.2986
20530	0.0211
14127	0.0170
11954	0.2295
9085	0.1058
10138	0.0579
9082	0.0554
10429	0.0862
17737	0.1033
9645	0.0100
9316	0.0343
17739	0.1052
10421	0.4777
9640	0.5546
21590	0.5152
10425	0.0049
7271	0.4365
19235	0.1122
7275	0.0574
22863	0.1675
3501	0.1408
3505	0.3432
4489	0.0544
2672	-0.0014
2677	0.0619
15274	0.0399
19918	0.4449
12803	0.0546
6833	0.1752
9611	0.0038
6835	0.0274
6894	0.0273
2922	0.0063
25622	0.1042
7697	0.2083
5333	0.7840
18599	0.1462
10552	0.2196
5334	0.0508
5337	0.0416
5336	0.9443
24135	0.5501
18590	0.0205
18591	0.0513
14635	0.1166
14634	0.0303
21896	0.0207
1983	0.2143
1638	0.0755
11313	0.3487
8820	0.8605
8827	0.0380
13041	0.0469
18915	0.0617
25244	0.0573
10913	0.0732
15098	0.0495
24407	0.1028
8778	0.6133
18043	0.9180
20057	0.2775
2810	0.0752
2813	0.0837
15378	0.0663
561	0.0830
7643	0.3853
24920	0.0363
7647	0.0694
14702	0.4543
11420	0.0844
24226	0.2076
3172	-0.0022
3175	0.0087
23361	0.0382
15650	0.1400
3176	0.0073
7081	0.0110
20248	0.1040
7083	0.0111
21961	0.2377
3379	0.0663
3378	0.0517
7089	0.4268
5427	0.0715
20242	0.1779
3373	0.0333
5423	0.0443
17332	0.0271
20354	0.0189
1748	0.0512
721	0.4446
19592	0.3452
4392	0.0432
10857	0.0948
2587	0.0576
15386	0.0763
1167	0.0010
1160	0.3772
1162	0.0341
6492	0.6598
4244	0.0216
4242	0.0806
6498	0.2635
5520	0.0290
5524	0.5269
4396	0.0429
15473	0.9618
6467	0.6407
6947	0.0301
15474	0.3109
6944	0.4660
472	0.0163
11170	0.2302
10648	-0.0022
11175	0.0859
25526	0.0641
17446	0.0941
5491	0.1491
1568	0.0018
20898	0.0267
13701	0.0758
23055	0.4320
1560	0.3088
8484	0.0997
1565	0.5023
1294	0.1072
1567	0.1555
24025	0.0026
14199	0.0780
12554	0.0179
12555	0.0675
8554	0.0156
23626	0.0051
12559	0.0814
23624	0.0225
17118	0.0490
23190	0.0403
23191	0.0651
8002	0.0255
23193	0.0502
4398	0.1997
17687	0.0121
24402	0.4683
6540	0.0235
5636	0.0165
5637	0.0322
5632	0.0809
5633	0.0424
3197	0.1078
3196	-0.0004
3195	0.8311
16834	0.2783
3193	0.1835
8486	0.0030
13355	0.0134
7466	0.1780
7465	0.0895
