PCod Combined data set. batch 8 final filtered genepop. Subsample of aligned loci 2018-03-25 10:29:49
3	75
5	36
6	49
11	49
16	59
19	91
20	88
24	57
39	36
53	84
54	91
63	78
67	28
75	48
86	65
88	61
91	88
92	41
93	56
98	40
101	40
109	73
111	79
117	62
121	62
126	78
139	71
142	91
148	88
160	61
164	55
166	78
167	47
169	76
174	91
183	55
187	52
189	28
192	82
198	50
200	65
206	70
212	71
220	76
221	37
227	47
228	89
232	56
236	29
240	71
244	78
245	66
246	47
248	70
253	78
256	50
263	66
265	28
287	55
297	73
298	35
308	46
315	48
331	54
348	68
364	48
367	29
368	37
373	59
376	68
377	89
379	64
380	51
381	80
388	77
391	49
392	34
404	77
410	60
411	53
415	88
419	59
420	65
422	68
425	88
440	43
445	54
463	77
472	84
481	87
490	42
494	59
512	73
514	78
522	56
525	48
528	85
534	53
535	75
541	28
545	39
548	43
554	63
557	40
561	29
571	34
579	47
589	59
592	62
594	43
597	34
605	85
612	65
613	30
616	42
617	66
618	35
630	79
644	85
647	56
660	41
663	90
669	43
671	70
673	76
691	74
694	47
695	52
700	40
705	76
707	85
708	48
716	59
719	48
721	39
730	60
733	28
734	45
735	70
739	62
746	62
752	70
756	31
765	32
766	64
768	53
769	63
772	85
780	34
786	29
792	76
803	85
805	81
813	74
815	86
820	47
825	91
829	85
832	82
844	47
860	62
862	89
885	35
888	53
899	77
901	90
917	50
925	70
926	29
927	91
940	90
941	65
943	84
951	69
952	76
954	34
960	51
962	65
964	90
966	61
974	81
982	86
986	29
992	35
1000	37
1002	68
1007	79
1017	58
1020	35
1027	35
1031	39
1036	89
1037	64
1047	79
1048	91
1052	84
1053	44
1054	84
1059	71
1066	48
1073	31
1078	82
1082	35
1085	57
1089	36
1091	49
1092	55
1094	91
1098	86
1104	88
1122	82
1126	73
1138	86
1157	35
1159	43
1160	38
1162	33
1167	88
1176	29
1190	32
1193	50
1197	34
1201	47
1205	46
1206	82
1218	29
1228	69
1229	38
1253	90
1254	52
1258	56
1262	62
1266	90
1275	55
1285	49
1287	91
1294	72
1306	48
1311	83
1323	80
1339	67
1345	80
1349	86
1354	69
1372	89
1392	56
1393	44
1407	49
1420	87
1441	81
1451	41
1452	73
1454	89
1463	88
1469	86
1473	85
1474	46
1478	76
1482	91
1490	77
1499	87
1503	87
1504	44
1519	71
1547	68
1555	48
1560	44
1565	85
1567	81
1568	68
1571	90
1572	43
1581	90
1582	43
1589	78
1590	47
1592	71
1596	64
1602	66
1617	39
1629	82
1635	89
1638	73
1655	39
1660	89
1689	33
1693	34
1698	72
1711	32
1712	49
1713	55
1722	35
1729	36
1730	80
1734	75
1737	63
1738	59
1739	74
1748	39
1756	47
1770	63
1773	87
1794	40
1817	70
1821	80
1833	86
1844	48
1845	67
1848	75
1855	28
1858	54
1859	46
1872	74
1881	78
1889	29
1906	56
1907	77
1911	85
1926	81
1933	85
1936	69
1939	44
1957	29
1961	60
1962	65
1963	76
1968	31
1969	57
1970	65
1975	66
1978	31
1983	73
1995	70
2029	74
2033	59
2038	84
2046	86
2057	46
2058	72
2069	41
2071	33
2075	67
2082	38
2087	88
2100	64
2110	46
2118	67
2127	85
2135	88
2148	79
2149	38
2151	73
2153	64
2154	35
2160	85
2175	47
2176	36
2196	52
2204	63
2206	91
2225	74
2227	90
2230	45
2234	54
2251	65
2258	86
2261	53
2274	28
2279	89
2309	69
2319	62
2327	69
2329	65
2331	32
2332	79
2334	75
2335	77
2346	63
2349	51
2353	52
2362	67
2366	51
2368	47
2370	29
2371	47
2382	61
2390	55
2399	46
2400	52
2408	39
2417	73
2425	39
2429	57
2446	50
2454	71
2455	74
2456	40
2468	38
2491	55
2497	89
2498	87
2506	41
2520	62
2522	52
2539	46
2550	72
2554	89
2558	66
2564	64
2587	81
2601	85
2603	46
2604	80
2607	77
2621	80
2623	86
2646	90
2647	80
2648	55
2672	52
2677	77
2682	68
2690	88
2694	85
2705	57
2706	52
2709	58
2718	83
2733	71
2735	76
2742	74
2751	90
2752	28
2762	38
2769	78
2780	54
2786	38
2792	83
2794	88
2810	38
2813	65
2820	60
2824	36
2826	51
2830	85
2843	68
2844	90
2850	85
2851	41
2861	55
2866	89
2874	78
2880	29
2885	91
2895	85
2917	38
2922	46
2934	73
2947	63
2950	90
2966	76
2967	65
2973	81
2974	48
2977	33
2985	78
2990	79
2995	88
2997	63
2998	58
3000	77
3004	87
3015	76
3016	42
3019	82
3023	31
3031	83
3039	57
3043	50
3049	46
3057	79
3061	28
3062	55
3066	87
3076	54
3086	54
3095	80
3096	79
3102	82
3111	90
3116	89
3120	82
3121	80
3129	58
3132	43
3138	45
3155	53
3161	65
3172	29
3175	63
3176	55
3186	73
3188	70
3193	65
3195	89
3196	76
3197	40
3207	79
3223	61
3226	52
3228	64
3238	34
3244	91
3248	32
3258	84
3261	89
3266	37
3280	86
3284	66
3297	90
3298	53
3303	34
3304	87
3307	84
3308	52
3312	62
3324	42
3328	68
3331	30
3338	78
3339	82
3341	58
3342	57
3343	36
3348	46
3351	82
3356	90
3362	83
3373	67
3375	58
3378	60
3379	90
3381	62
3396	46
3405	64
3406	49
3413	58
3416	50
3417	74
3420	91
3428	39
3430	28
3434	47
3437	63
3458	84
3460	56
3464	75
3473	49
3480	84
3484	91
3488	77
3499	78
3501	43
3505	91
3523	34
3524	63
3541	56
3547	66
3553	34
3554	68
3561	73
3564	82
3566	61
3577	28
3578	79
3585	53
3594	89
3600	34
3601	41
3606	36
3622	58
3623	69
3630	84
3636	88
3639	62
3651	86
3659	90
3680	38
3683	85
3692	41
3694	35
3708	57
3721	33
3728	82
3734	80
3750	74
3753	32
3754	66
3756	59
3761	61
3776	57
3780	33
3791	87
3794	78
3797	53
3798	88
3799	66
3814	63
3822	64
3825	84
3827	41
3828	44
3832	59
3833	60
3834	30
3843	75
3849	62
3853	41
3855	78
3865	71
3866	71
3867	83
3875	79
3879	60
3885	54
3886	59
3887	73
3894	59
3900	55
3902	39
3917	49
3929	43
3931	83
3932	54
3939	41
3940	64
3946	51
3948	61
3952	37
3957	67
3960	48
3962	63
3963	85
3972	48
3973	34
3991	53
4000	51
4002	69
4003	46
4004	52
4010	57
4013	34
4016	45
4025	36
4031	86
4032	54
4033	40
4036	90
4039	38
4040	30
4045	60
4058	49
4062	70
4065	79
4066	43
4070	63
4079	78
4081	55
4083	51
4088	41
4090	90
4092	64
4097	76
4100	83
4103	63
4108	38
4126	88
4132	64
4133	67
4137	66
4140	57
4142	52
4145	69
4146	80
4148	78
4150	59
4154	31
4156	46
4159	38
4162	75
4171	39
4172	82
4174	76
4176	76
4185	29
4187	62
4188	69
4191	68
4192	59
4206	37
4207	88
4212	31
4213	66
4214	47
4217	74
4226	66
4227	72
4230	29
4235	65
4242	79
4244	80
4251	41
4255	79
4257	74
4280	35
4285	37
4301	62
4317	34
4330	90
4332	84
4336	79
4344	87
4352	60
4361	47
4365	60
4368	52
4371	90
4373	68
4380	78
4381	87
4383	60
4392	69
4396	52
4398	61
4402	81
4404	46
4411	47
4412	59
4413	86
4426	90
4440	42
4442	46
4452	65
4453	67
4458	82
4459	80
4471	36
4472	47
4473	82
4484	62
4489	82
4491	81
4492	63
4494	62
4495	45
4499	91
4507	36
4508	86
4514	61
4522	65
4536	90
4539	57
4541	45
4549	52
4550	33
4556	80
4557	64
4568	58
4570	57
4572	41
4575	53
4578	76
4582	89
4588	30
4596	53
4599	66
4609	89
4613	32
4615	45
4617	69
4620	80
4629	62
4637	29
4643	47
4644	51
4646	41
4660	88
4661	58
4664	75
4671	56
4689	53
4696	55
4702	37
4711	90
4715	87
4720	40
4727	66
4729	78
4734	49
4739	86
4740	34
4744	82
4747	79
4754	67
4759	37
4760	71
4761	60
4766	85
4775	30
4777	77
4779	76
4782	49
4799	75
4815	74
4818	29
4824	74
4832	30
4834	53
4836	32
4837	34
4841	79
4849	91
4852	54
4856	76
4863	32
4878	36
4885	43
4887	37
4891	34
4892	68
4893	83
4894	58
4898	49
4901	82
4905	55
4909	60
4911	32
4939	42
4950	42
4956	73
4958	56
4960	83
4989	29
4998	74
5001	69
5002	78
5003	86
5011	29
5016	67
5023	48
5030	42
5031	43
5035	84
5042	45
5052	78
5060	85
5071	32
5077	65
5079	75
5116	75
5118	30
5124	51
5133	68
5137	30
5148	74
5151	89
5155	62
5169	30
5171	50
5174	31
5176	53
5189	52
5196	90
5198	89
5201	78
5203	57
5206	38
5208	78
5217	74
5227	52
5232	84
5264	55
5273	82
5281	76
5287	68
5288	70
5310	87
5322	47
5333	31
5334	43
5336	88
5337	80
5367	83
5387	83
5396	89
5398	63
5413	67
5417	48
5423	85
5427	86
5431	34
5437	46
5441	58
5442	70
5450	89
5451	48
5452	57
5461	63
5464	49
5465	81
5469	49
5475	54
5476	35
5481	50
5482	91
5491	29
5501	66
5516	56
5520	29
5524	53
5534	67
5538	91
5539	74
5541	38
5560	58
5562	45
5569	42
5570	80
5572	44
5576	30
5577	67
5580	61
5584	88
5586	86
5590	41
5594	35
5600	60
5606	48
5610	91
5614	83
5617	80
5622	47
5623	32
5624	86
5632	49
5633	80
5636	73
5637	52
5650	32
5654	86
5662	61
5668	75
5672	63
5673	62
5679	36
5685	29
5688	87
5692	63
5697	68
5699	38
5707	76
5711	54
5719	64
5722	74
5730	82
5738	82
5739	51
5741	84
5744	43
5746	57
5748	65
5753	82
5754	72
5765	84
5766	67
5770	90
5775	73
5776	51
5781	51
5804	54
5807	74
5813	49
5817	51
5819	80
5824	49
5834	40
5836	87
5844	53
5845	50
5851	35
5853	91
5859	72
5882	73
5891	63
5892	84
5894	88
5897	35
5902	53
5923	85
5924	91
5925	45
5928	49
5930	36
5935	40
5945	29
5946	56
5952	85
5962	41
5966	58
5973	63
5980	80
5984	73
5995	39
6026	36
6028	46
6031	42
6033	46
6040	71
6051	90
6065	50
6069	78
6071	37
6077	57
6080	49
6085	61
6094	62
6099	41
6100	79
6112	32
6126	83
6144	80
6147	55
6156	84
6157	60
6158	79
6182	75
6187	54
6195	31
6203	88
6218	44
6220	71
6225	50
6229	68
6230	59
6244	67
6248	50
6259	58
6260	44
6270	85
6274	66
6275	59
6279	77
6292	49
6298	55
6306	73
6312	47
6314	77
6315	37
6318	62
6319	49
6329	40
6333	65
6342	29
6353	58
6357	67
6360	31
6368	55
6377	58
6384	58
6388	28
6390	56
6393	29
6399	82
6403	41
6408	86
6409	41
6410	35
6417	77
6426	86
6429	61
6431	59
6432	60
6441	39
6443	83
6454	85
6458	63
6462	74
6467	68
6484	84
6487	81
6492	65
6498	47
6500	75
6519	37
6520	58
6522	79
6525	43
6526	63
6533	77
6534	38
6540	52
6550	76
6554	54
6563	43
6565	44
6566	46
6567	50
6576	55
6583	74
6593	48
6597	84
6602	52
6604	91
6606	83
6608	72
6609	40
6617	71
6631	29
6635	36
6637	63
6638	64
6640	89
6652	50
6657	91
6658	72
6660	52
6672	82
6675	56
6677	66
6683	35
6687	77
6690	52
6693	57
6697	67
6701	56
6709	44
6721	62
6724	34
6728	44
6729	33
6735	73
6757	34
6768	35
6769	72
6771	38
6773	74
6797	36
6801	64
6802	82
6803	41
6807	44
6810	52
6816	71
6823	78
6833	88
6835	58
6845	39
6846	44
6860	76
6870	70
6877	67
6878	82
6882	55
6883	72
6886	44
6887	77
6890	83
6894	58
6899	66
6910	54
6913	32
6925	28
6926	32
6938	37
6944	70
6947	83
6953	46
6956	73
6960	38
6962	43
6969	91
6970	91
6971	55
6983	53
6988	71
6989	73
6993	33
6995	84
6996	90
7000	73
7023	32
7027	81
7028	85
7046	82
7048	61
7055	70
7058	31
7074	44
7081	84
7083	74
7086	30
7089	75
7092	59
7096	84
7104	30
7106	81
7109	47
7117	67
7127	63
7128	68
7132	85
7134	46
7138	87
7139	39
7142	63
7144	74
7146	68
7151	56
7161	68
7164	51
7171	55
7173	66
7183	88
7192	67
7193	58
7203	52
7205	55
7206	46
7209	75
7214	60
7216	35
7223	30
7227	78
7230	43
7241	88
7252	85
7271	32
7275	89
7283	54
7286	64
7290	61
7298	41
7299	47
7301	50
7313	69
7314	35
7315	72
7322	91
7326	65
7327	56
7328	39
7332	80
7333	75
7335	80
7341	67
7345	38
7366	57
7367	63
7370	61
7384	89
7390	38
7391	73
7395	41
7399	44
7412	67
7421	79
7431	79
7433	57
7434	88
7450	31
7453	72
7457	53
7458	83
7465	45
7466	63
7479	31
7485	46
7489	76
7490	84
7494	79
7498	47
7501	37
7505	78
7509	89
7514	90
7522	77
7526	63
7537	53
7545	46
7559	86
7565	46
7570	65
7571	64
7573	38
7574	52
7583	76
7598	90
7603	45
7604	75
7605	40
7610	68
7620	90
7627	35
7637	38
7643	51
7647	91
7666	86
7674	67
7682	90
7688	59
7690	38
7697	35
7698	46
7703	80
7711	81
7713	58
7715	71
7726	74
7730	83
7731	67
7735	38
7736	85
7747	33
7749	60
7754	29
7755	36
7759	46
7763	30
7768	77
7769	76
7775	39
7781	62
7789	91
7791	84
7803	76
7806	50
7807	85
7818	81
7823	79
7828	41
7833	68
7847	79
7855	74
7865	79
7869	59
7870	41
7875	29
7879	28
7890	57
7902	58
7907	37
7910	64
7913	83
7915	45
7922	46
7929	68
7940	62
7942	83
7952	34
7953	37
7957	84
7962	76
7974	36
7975	63
7976	72
7988	46
7992	49
8002	45
8016	76
8018	72
8019	80
8023	56
8026	68
8027	74
8033	75
8037	85
8045	72
8046	84
8048	91
8055	51
8056	84
8057	54
8058	91
8062	73
8064	38
8067	91
8079	83
8086	77
8095	30
8098	88
8100	53
8103	28
8124	33
8126	72
8130	65
8135	77
8148	45
8149	91
8150	34
8152	79
8160	81
8168	76
8183	30
8190	38
8191	90
8192	64
8194	39
8196	88
8198	52
8199	45
8204	48
8205	41
8206	87
8208	57
8209	47
8212	81
8217	47
8218	85
8231	41
8241	29
8242	28
8246	32
8252	76
8260	59
8267	80
8277	67
8278	38
8288	52
8289	59
8295	66
8301	54
8305	42
8312	70
8315	86
8316	73
8320	51
8322	68
8327	33
8330	45
8334	64
8336	60
8346	36
8375	54
8388	35
8389	50
8409	89
8414	44
8426	53
8427	62
8445	76
8448	69
8450	50
8461	74
8465	79
8471	70
8484	54
8486	35
8493	55
8499	62
8507	76
8514	76
8517	55
8525	86
8526	30
8527	71
8530	69
8534	89
8536	56
8540	39
8547	63
8554	34
8568	90
8569	91
8572	68
8581	73
8586	81
8590	88
8596	44
8597	82
8601	60
8603	50
8606	64
8641	48
8642	37
8649	72
8670	88
8671	85
8690	59
8693	71
8703	63
8704	87
8724	60
8726	71
8727	40
8743	91
8746	52
8747	48
8758	62
8759	82
8769	56
8778	32
8788	37
8789	47
8794	32
8798	54
8803	51
8804	51
8805	68
8808	78
8810	84
8813	47
8815	34
8816	61
8820	64
8827	43
8831	82
8840	32
8842	54
8847	86
8849	29
8867	55
8872	88
8873	62
8885	28
8890	67
8898	61
8902	63
8907	61
8915	80
8920	54
8936	51
8943	51
8948	43
8955	34
8979	79
8997	45
9000	35
9002	55
9008	77
9043	45
9050	81
9054	79
9061	67
9077	74
9079	79
9082	73
9085	44
9091	57
9097	89
9100	33
9102	44
9119	36
9131	33
9134	83
9135	64
9144	58
9156	59
9158	70
9159	60
9162	45
9164	37
9165	62
9166	67
9168	58
9174	67
9184	39
9187	88
9190	50
9191	47
9192	71
9203	79
9205	87
9210	32
9211	65
9213	55
9215	76
9216	37
9218	71
9228	60
9229	89
9247	56
9251	31
9252	84
9274	74
9275	59
9277	43
9280	40
9284	49
9289	35
9299	71
9305	65
9308	32
9316	91
9323	85
9326	91
9331	63
9347	41
9350	48
9354	91
9355	49
9359	63
9363	69
9369	73
9378	90
9380	77
9387	59
9393	70
9408	53
9415	41
9418	42
9419	52
9421	74
9434	65
9443	75
9449	47
9452	90
9456	30
9458	73
9461	76
9489	77
9492	67
9497	86
9502	68
9506	84
9530	91
9538	81
9545	72
9549	64
9563	42
9565	79
9576	74
9579	65
9582	82
9585	44
9590	52
9593	54
9596	54
9604	56
9606	48
9610	77
9611	29
9632	90
9640	91
9645	49
9655	40
9658	59
9663	43
9664	35
9667	77
9668	44
9673	88
9675	34
9679	61
9681	71
9682	66
9684	29
9691	42
9704	88
9705	48
9714	35
9717	52
9724	53
9726	80
9729	87
9731	66
9738	31
9740	72
9741	43
9755	40
9766	85
9770	54
9776	86
9789	48
9800	83
9801	74
9812	34
9813	61
9819	59
9825	56
9833	50
9840	88
9845	73
9850	31
9852	84
9853	60
9855	72
9864	31
9865	64
9870	83
9872	90
9878	88
9886	41
9888	88
9894	30
9896	83
9898	88
9922	60
9926	89
9940	91
9941	48
9943	40
9964	72
9965	52
9966	58
9967	43
9970	37
9979	31
9980	67
9983	74
9986	54
9987	66
9992	81
9996	74
10006	90
10012	73
10015	56
10017	66
10022	55
10024	74
10029	40
10038	75
10039	64
10045	74
10061	54
10063	79
10068	77
10076	78
10079	72
10086	28
10092	34
10113	31
10134	89
10136	53
10138	59
10139	43
10150	87
10151	59
10153	73
10160	86
10166	68
10172	28
10177	88
10178	31
10181	80
10188	90
10191	79
10198	64
10199	57
10207	37
10210	76
10215	79
10217	40
10218	37
10222	52
10226	68
10227	89
10232	91
10236	59
10240	37
10245	49
10260	31
10263	54
10276	87
10284	58
10285	38
10291	62
10292	74
10295	35
10299	34
10304	47
10306	65
10307	46
10316	84
10319	63
10334	74
10342	77
10350	57
10366	78
10374	32
10380	37
10386	29
10392	45
10396	90
10399	28
10401	33
10410	83
10413	70
10414	65
10421	35
10425	60
10429	47
10431	68
10435	59
10440	61
10441	90
10445	61
10456	83
10460	54
10462	76
10471	58
10475	38
10476	80
10477	34
10488	53
10495	86
10497	84
10498	65
10501	61
10514	46
10524	90
10529	88
10530	40
10539	41
10552	28
10560	91
10567	75
10568	51
10576	55
10577	87
10580	80
10585	49
10595	82
10598	84
10620	63
10648	58
10660	61
10662	51
10665	88
10675	51
10676	50
10685	49
10687	52
10691	48
10698	76
10706	34
10711	34
10713	85
10715	59
10718	38
10726	61
10730	82
10732	81
10738	48
10742	42
10745	28
10752	41
10756	58
10758	50
10760	61
10761	72
10785	73
10799	86
10806	85
10813	33
10820	36
10821	79
10823	67
10828	61
10836	31
10838	52
10839	47
10840	73
10844	53
10848	90
10849	58
10857	29
10860	82
10872	59
10878	47
10882	47
10885	38
10886	65
10894	40
10906	43
10910	63
10913	90
10921	83
10928	90
10933	54
10951	60
10953	71
10954	68
10960	37
10965	50
10966	41
10978	91
10979	50
10991	53
10995	83
10999	76
11001	39
11003	88
11008	50
11013	49
11018	85
11019	91
11027	40
11048	78
11049	72
11052	86
11054	64
11056	31
11059	30
11065	32
11069	35
11072	67
11081	39
11090	68
11092	61
11113	61
11115	30
11116	61
11119	40
11126	82
11129	29
11132	52
11133	72
11140	28
11144	90
11146	32
11149	89
11154	54
11162	74
11165	84
11166	91
11170	81
11175	62
11176	35
11182	84
11190	87
11191	39
11209	31
11210	68
11211	43
11214	87
11216	65
11222	69
11225	70
11234	72
11244	90
11254	36
11257	46
11260	80
11262	33
11268	77
11273	53
11282	79
11290	34
11299	57
11300	91
11304	43
11307	51
11313	30
11319	78
11325	30
11336	73
11337	55
11343	35
11348	87
11354	81
11367	63
11370	42
11378	33
11386	74
11400	66
11406	43
11408	51
11413	89
11415	86
11417	42
11420	31
11422	44
11433	67
11437	45
11443	87
11447	61
11454	55
11459	76
11462	47
11469	80
11476	35
11479	91
11482	73
11483	64
11486	81
11488	87
11500	48
11504	80
11505	66
11506	49
11509	69
11520	73
11521	42
11535	80
11537	51
11546	83
11552	30
11563	31
11564	71
11565	35
11566	83
11569	29
11574	85
11576	49
11579	41
11580	35
11591	52
11594	39
11609	60
11611	65
11618	63
11627	84
11638	59
11646	45
11651	40
11663	57
11670	58
11675	33
11686	51
11687	81
11691	39
11711	41
11717	32
11722	40
11725	90
11736	75
11738	50
11741	72
11749	63
11759	75
11760	65
11761	60
11762	88
11768	91
11770	43
11774	88
11783	70
11789	53
11805	65
11818	32
11841	31
11843	82
11846	91
11848	76
11849	85
11850	44
11851	80
11859	68
11860	60
11871	53
11872	79
11878	34
11880	35
11886	36
11889	51
11895	82
11896	37
11899	67
11902	65
11905	56
11910	28
11912	28
11926	56
11943	89
11947	74
11951	82
11954	46
11964	48
11978	64
11983	91
11988	77
11990	79
11992	77
11994	87
11997	72
12001	66
12017	58
12025	90
12028	63
12036	84
12049	68
12054	79
12055	74
12064	81
12065	68
12068	61
12069	41
12070	68
12082	77
12083	81
12087	52
12099	67
12107	65
12108	31
12116	58
12120	74
12122	81
12123	56
12145	62
12155	76
12158	56
12161	60
12182	89
12184	55
12190	36
12194	43
12199	41
12201	32
12205	45
12206	91
12213	89
12218	65
12220	36
12233	73
12242	79
12254	48
12255	90
12277	88
12288	34
12291	68
12294	64
12295	31
12299	67
12303	54
12309	67
12320	71
12322	66
12331	56
12332	73
12334	57
12337	38
12352	91
12380	29
12384	74
12394	86
12401	87
12403	62
12406	37
12425	89
12430	90
12431	39
12432	77
12434	70
12449	48
12458	54
12474	88
12477	38
12479	28
12483	49
12493	44
12506	43
12508	85
12515	43
12516	86
12520	45
12521	38
12534	32
12537	53
12541	80
12544	88
12554	58
12555	28
12559	41
12564	38
12566	31
12567	36
12568	39
12570	82
12578	41
12579	31
12584	34
12600	87
12605	42
12606	41
12615	48
12622	87
12623	34
12636	76
12639	84
12641	38
12648	32
12649	56
12652	91
12657	28
12664	51
12668	43
12670	30
12686	65
12693	72
12701	83
12705	51
12707	83
12709	90
12711	44
12713	66
12720	88
12721	69
12723	33
12725	37
12726	51
12729	32
12734	67
12736	28
12738	69
12746	41
12747	73
12756	36
12758	55
12762	73
12768	72
12770	32
12771	72
12775	72
12779	65
12793	90
12803	88
12810	70
12813	45
12823	53
12824	28
12851	42
12852	70
12866	75
12869	41
12877	38
12881	70
12884	55
12886	32
12889	52
12892	46
12895	73
12897	87
12903	53
12916	31
12917	29
12921	90
12922	44
12925	39
12937	82
12942	41
12945	91
12946	56
12948	68
12952	88
12956	89
12962	37
12963	73
12971	34
12972	32
12979	84
12982	79
12987	81
12990	74
12994	64
13010	57
13020	73
13036	55
13038	30
13041	44
13052	38
13054	63
13063	50
13066	50
13081	88
13082	32
13083	60
13090	73
13100	82
13104	71
13107	82
13124	84
13125	81
13129	52
13135	70
13142	87
13148	40
13152	71
13162	59
13163	58
13167	78
13168	62
13176	59
13180	86
13188	43
13192	68
13196	77
13198	51
13207	59
13209	81
13211	69
13218	69
13221	69
13237	67
13241	67
13242	89
13249	62
13253	61
13258	31
13275	82
13276	34
13279	60
13285	81
13286	89
13291	34
13295	86
13297	68
13301	74
13304	33
13308	59
13314	81
13316	78
13318	44
13321	56
13322	45
13323	43
13333	44
13338	36
13341	74
13345	66
13352	44
13355	69
13369	71
13379	44
13384	90
13399	58
13406	30
13408	83
13411	68
13418	35
13422	71
13430	78
13432	41
13443	58
13458	69
13461	41
13462	85
13463	65
13468	91
13476	58
13478	49
13485	49
13486	88
13501	62
13505	86
13506	73
13514	85
13518	85
13521	64
13523	89
13525	71
13531	89
13533	40
13537	59
13544	64
13547	68
13552	90
13556	86
13563	82
13574	70
13575	91
13583	72
13597	35
13598	52
13600	77
13607	76
13608	90
13610	78
13620	39
13626	68
13627	64
13631	43
13641	85
13650	74
13652	73
13656	80
13670	40
13693	54
13701	66
13702	34
13712	51
13721	86
13723	45
13724	29
13725	73
13732	91
13738	67
13756	42
13762	65
13766	57
13769	69
13773	54
13774	83
13791	31
13796	49
13802	39
13813	83
13818	68
13841	46
13845	74
13846	57
13850	62
13856	84
13857	71
13860	72
13880	45
13881	39
13892	91
13895	71
13902	84
13908	70
13909	46
13911	47
13917	31
13923	66
13925	36
13934	55
13935	70
13937	90
13940	31
13960	78
13979	39
13980	49
13982	91
13991	45
14006	56
14011	86
14020	91
14032	75
14042	37
14044	68
14045	50
14049	89
14059	79
14064	83
14070	62
14075	33
14115	41
14117	54
14122	74
14127	67
14130	59
14131	31
14140	72
14143	82
14153	34
14166	88
14171	64
14174	85
14176	85
14190	90
14199	75
14208	40
14213	91
14221	64
14234	91
14236	41
14247	40
14249	66
14260	77
14266	84
14268	77
14269	46
14287	37
14293	50
14296	83
14298	40
14300	53
14305	64
14311	42
14327	79
14329	39
14341	74
14342	70
14344	32
14360	52
14364	62
14365	64
14371	58
14379	31
14380	30
14405	52
14421	43
14426	91
14432	65
14448	46
14459	42
14461	84
14466	68
14472	47
14473	45
14474	74
14475	83
14478	34
14479	74
14491	43
14492	91
14495	31
14502	89
14505	89
14506	91
14510	61
14514	84
14517	80
14522	35
14526	63
14532	90
14536	67
14537	80
14545	36
14546	28
14547	38
14550	52
14554	78
14555	85
14559	64
14572	43
14591	50
14592	73
14593	87
14594	89
14596	74
14618	36
14620	83
14626	69
14634	46
14635	44
14640	29
14641	46
14655	30
14657	75
14659	65
14661	84
14666	85
14667	66
14696	62
14698	30
14702	38
14710	28
14714	66
14719	79
14720	65
14727	89
14729	90
14730	45
14740	63
14741	32
14754	90
14755	80
14758	68
14760	53
14762	75
14764	88
14765	60
14783	44
14803	47
14804	85
14810	81
14814	79
14824	50
14839	58
14852	48
14853	85
14864	28
14869	53
14889	29
14890	76
14897	89
14902	34
14906	76
14909	82
14912	39
14913	38
14920	70
14922	32
14924	50
14930	55
14932	80
14934	49
14955	51
14968	89
14972	58
14979	49
14990	48
14992	38
14997	44
14999	55
15002	31
15003	57
15007	78
15009	31
15010	46
15017	87
15024	34
15034	32
15037	83
15039	89
15052	35
15053	41
15060	81
15061	55
15066	57
15069	87
15086	48
15098	61
15104	35
15109	64
15112	61
15113	83
15114	37
15122	43
15139	91
15140	31
15145	88
15150	60
15165	86
15168	53
15171	58
15185	71
15207	32
15212	74
15217	73
15218	79
15229	36
15232	51
15234	82
15235	32
15239	34
15240	61
15242	86
15248	56
15251	70
15256	82
15267	42
15269	57
15274	32
15279	65
15290	39
15293	30
15298	89
15300	43
15306	56
15308	30
15311	57
15313	33
15316	88
15323	43
15326	58
15327	55
15332	59
15351	37
15354	74
15373	43
15378	55
15382	70
15386	88
15393	58
15398	91
15401	53
15407	91
15411	91
15419	83
15427	49
15432	87
15442	84
15443	44
15456	87
15459	37
15462	87
15471	80
15473	44
15474	35
15488	89
15494	79
15507	44
15508	84
15526	64
15527	90
15528	50
15531	33
15536	64
15543	86
15546	37
15548	81
15557	61
15560	71
15567	66
15568	62
15571	35
15573	81
15586	42
15588	48
15595	70
15598	71
15604	37
15607	50
15610	45
15614	52
15615	75
15623	50
15639	33
15645	79
15646	86
15650	56
15652	51
15667	33
15675	76
15677	86
15680	63
15701	54
15708	90
15713	59
15714	53
15735	82
15748	37
15749	79
15752	61
15754	79
15756	58
15763	64
15774	35
15780	34
15788	61
15791	77
15794	72
15796	43
15805	56
15806	31
15808	61
15828	89
15829	79
15841	58
15850	54
15855	47
15869	36
15872	90
15881	80
15887	79
15903	63
15907	79
15910	40
15925	56
15927	30
15934	88
15948	38
15954	33
15955	33
15958	34
15965	32
15968	73
15973	69
15991	57
15997	57
16005	80
16009	43
16011	36
16032	59
16033	33
16035	61
16036	81
16037	34
16039	61
16040	66
16046	31
16053	75
16057	61
16059	64
16062	57
16063	43
16087	80
16089	36
16098	78
16121	54
16127	82
16134	61
16135	40
16141	39
16145	81
16151	58
16153	61
16157	81
16164	55
16165	77
16166	78
16168	70
16173	80
16175	83
16178	30
16179	64
16180	71
16186	29
16187	71
16190	60
16205	69
16208	87
16209	59
16211	89
16215	64
16218	87
16227	83
16231	67
16233	80
16238	45
16245	77
16257	32
16261	65
16264	67
16270	89
16277	69
16280	87
16291	49
16292	89
16313	91
16325	45
16332	67
16343	35
16352	36
16354	39
16360	34
16369	43
16370	81
16375	82
16384	32
16393	87
16396	68
16410	73
16418	52
16422	62
16425	36
16429	85
16441	59
16456	30
16457	82
16458	82
16474	52
16480	29
16482	43
16492	81
16504	64
16517	67
16520	58
16522	39
16535	85
16549	47
16560	32
16563	58
16564	87
16571	80
16573	72
16577	33
16580	31
16585	40
16599	54
16612	32
16613	34
16615	49
16616	66
16620	53
16621	28
16637	60
16650	83
16654	57
16667	54
16683	57
16690	44
16695	39
16697	38
16698	46
16706	69
16718	55
16742	38
16745	48
16748	47
16752	43
16766	41
16787	42
16789	66
16790	85
16791	47
16800	85
16803	65
16806	33
16812	47
16814	67
16820	46
16833	78
16834	34
16839	87
16846	66
16858	45
16861	65
16865	84
16872	76
16874	81
16880	46
16881	84
16891	82
16897	34
16898	80
16902	67
16904	48
16908	50
16911	74
16931	76
16933	53
16934	75
16942	89
16944	51
16947	78
16955	86
16963	50
16965	75
16966	87
16967	61
16968	34
16982	91
16989	47
17001	56
17002	35
17004	60
17016	46
17021	61
17036	45
17038	31
17040	59
17046	39
17066	86
17070	35
17073	40
17074	74
17084	37
17087	78
17097	62
17102	75
17104	66
17106	82
17116	75
17118	90
17121	73
17128	83
17131	53
17132	49
17134	62
17141	39
17149	29
17165	30
17168	70
17181	91
17182	72
17183	85
17185	72
17190	31
17192	32
17216	81
17217	86
17230	65
17237	83
17245	56
17252	39
17254	47
17255	61
17256	55
17258	63
17267	57
17281	32
17282	62
17298	54
17311	46
17312	68
17318	74
17320	49
17322	88
17325	91
17328	35
17329	78
17330	90
17332	71
17335	85
17342	48
17343	80
17347	86
17350	50
17351	33
17355	67
17357	41
17363	87
17368	85
17382	86
17384	34
17391	85
17392	75
17399	85
17406	47
17417	83
17428	50
17436	89
17440	74
17442	72
17446	50
17454	72
17461	62
17462	56
17475	39
17480	77
17490	81
17497	83
17512	54
17522	91
17523	54
17529	70
17533	47
17549	33
17552	48
17561	41
17578	53
17580	31
17582	87
17586	64
17588	31
17592	36
17597	57
17600	60
17606	90
17615	55
17619	28
17624	82
17625	52
17629	41
17631	77
17635	36
17643	56
17644	91
17654	56
17660	60
17666	29
17670	29
17677	60
17683	38
17687	89
17702	77
17708	84
17709	79
17718	83
17726	58
17737	62
17738	57
17739	42
17750	86
17760	39
17779	73
17782	84
17816	82
17825	50
17826	67
17835	82
17837	29
17856	72
17860	70
17867	91
17870	82
17875	70
17879	62
17885	78
17890	86
17892	83
17898	53
17899	49
17901	45
17909	49
17912	85
17917	85
17919	60
17923	67
17933	51
17934	60
17941	71
17944	29
17947	40
17951	62
17959	73
17968	53
17971	87
17973	58
17977	31
17978	44
17985	77
17990	29
17993	58
17999	80
18002	35
18012	48
18015	72
18028	60
18043	70
18047	64
18049	36
18050	47
18063	85
18065	51
18070	64
18073	68
18075	88
18089	80
18094	89
18099	48
18108	80
18111	29
18120	48
18133	28
18142	62
18149	53
18159	35
18166	40
18186	61
18188	90
18191	39
18193	66
18196	91
18222	61
18236	85
18243	78
18248	74
18249	37
18250	77
18253	90
18273	42
18276	79
18297	30
18306	33
18308	38
18309	46
18312	68
18313	60
18315	80
18318	40
18319	47
18322	37
18328	65
18330	49
18331	91
18337	77
18355	52
18366	49
18398	56
18401	43
18404	31
18415	67
18434	79
18438	45
18467	44
18471	83
18476	33
18478	77
18480	37
18482	28
18502	70
18508	65
18512	86
18514	36
18517	64
18523	73
18524	75
18528	74
18534	48
18535	42
18553	33
18558	76
18566	86
18571	81
18577	79
18579	35
18581	57
18583	91
18586	88
18590	43
18591	38
18594	77
18599	73
18615	90
18619	53
18621	88
18628	87
18629	81
18633	51
18637	62
18641	41
18648	38
18651	77
18659	63
18662	70
18678	42
18686	76
18687	67
18694	71
18698	68
18702	36
18703	73
18704	55
18715	90
18726	50
18733	50
18741	63
18743	83
18754	59
18757	91
18760	37
18762	48
18770	91
18780	74
18782	39
18792	76
18793	33
18796	47
18804	34
18808	44
18821	37
18822	63
18830	46
18835	71
18840	28
18841	76
18858	82
18879	56
18881	83
18887	41
18889	43
18900	40
18906	83
18915	32
18923	62
18925	91
18934	81
18938	79
18947	44
18975	29
18979	56
18990	91
18994	43
19011	50
19014	52
19020	38
19021	76
19022	38
19023	64
19031	64
19035	42
19037	28
19039	89
19045	78
19046	67
19050	56
19061	86
19066	70
19069	81
19070	38
19076	88
19081	57
19083	46
19088	69
19094	49
19098	32
19107	56
19118	81
19126	80
19138	91
19141	66
19146	67
19158	43
19165	62
19170	70
19174	78
19181	79
19183	90
19193	44
19194	69
19199	90
19201	45
19219	81
19222	51
19228	83
19231	58
19232	70
19235	89
19241	70
19255	72
19263	36
19269	52
19275	70
19286	46
19294	31
19304	91
19310	43
19324	32
19329	53
19340	51
19342	49
19351	68
19360	67
19371	44
19372	87
19384	80
19391	75
19393	86
19408	75
19425	39
19437	61
19438	60
19441	39
19450	49
19458	30
19466	54
19475	84
19478	84
19502	50
19509	85
19513	35
19520	38
19522	74
19526	45
19528	70
19537	71
19541	68
19543	69
19551	34
19554	90
19559	68
19564	50
19587	85
19592	76
19598	28
19608	30
19616	35
19626	29
19630	87
19632	74
19633	71
19641	77
19650	65
19651	48
19660	91
19666	79
19679	41
19682	87
19683	30
19685	46
19689	85
19712	89
19716	76
19718	50
19720	40
19725	45
19729	91
19731	53
19735	57
19739	73
19740	91
19742	44
19750	28
19752	73
19756	39
19758	78
19761	37
19765	91
19768	74
19772	39
19784	36
19785	64
19821	43
19829	51
19830	55
19853	90
19854	81
19856	88
19864	79
19867	75
19879	89
19881	69
19884	90
19885	56
19890	85
19899	55
19900	47
19904	77
19910	79
19918	47
19923	86
19928	57
19937	46
19940	45
19943	64
19956	81
19964	73
19965	46
19971	69
19975	77
19990	74
19994	89
19995	90
19996	91
20017	89
20021	68
20023	56
20028	53
20036	57
20042	75
20056	48
20057	72
20061	62
20068	52
20070	33
20078	54
20081	32
20082	54
20083	40
20085	77
20091	36
20101	58
20117	80
20125	75
20128	60
20130	54
20140	39
20144	38
20148	73
20154	72
20158	53
20163	53
20186	89
20195	34
20197	83
20198	46
20215	72
20222	82
20230	54
20232	89
20239	35
20242	58
20245	54
20248	54
20249	50
20255	44
20257	65
20259	88
20263	34
20265	35
20270	89
20284	87
20285	86
20295	36
20312	28
20321	44
20336	79
20337	28
20343	57
20351	28
20354	36
20364	58
20372	78
20373	35
20374	72
20381	65
20382	37
20384	52
20385	69
20395	69
20399	42
20400	59
20402	75
20413	39
20419	57
20424	33
20425	46
20437	35
20444	63
20446	35
20449	53
20452	48
20462	43
20465	81
20466	66
20472	87
20473	75
20486	89
20490	28
20500	53
20501	35
20517	32
20522	80
20525	43
20526	79
20530	56
20532	47
20543	35
20544	89
20546	42
20551	60
20552	60
20559	66
20561	35
20568	56
20570	35
20572	35
20573	64
20574	42
20578	91
20586	75
20588	36
20593	54
20604	78
20609	79
20612	42
20624	60
20625	85
20649	71
20664	88
20666	51
20670	39
20672	73
20681	49
20688	76
20689	88
20691	89
20699	87
20705	78
20706	37
20714	70
20715	33
20719	30
20726	42
20732	56
20735	86
20742	30
20744	32
20748	78
20753	58
20756	87
20760	53
20770	80
20781	76
20791	58
20794	86
20795	76
20796	80
20798	88
20810	76
20835	91
20837	42
20859	64
20867	36
20885	88
20890	34
20895	28
20898	37
20908	32
20920	45
20923	87
20926	90
20928	88
20929	56
20937	84
20945	59
20964	52
20990	48
20997	52
21003	28
21007	41
21016	66
21028	83
21046	87
21060	52
21061	61
21070	72
21071	61
21073	82
21078	35
21084	81
21089	49
21092	64
21097	61
21100	52
21106	58
21107	62
21118	69
21119	51
21120	58
21148	90
21152	61
21174	85
21185	61
21202	56
21204	50
21239	71
21244	64
21256	66
21277	37
21289	41
21290	80
21296	44
21302	39
21313	28
21317	82
21327	46
21335	70
21336	39
21339	32
21360	43
21376	62
21377	87
21383	69
21402	75
21403	62
21411	34
21419	81
21433	86
21453	35
21454	72
21470	85
21482	67
21488	48
21492	83
21509	46
21518	52
21531	55
21537	40
21539	91
21540	43
21546	86
21554	85
21558	79
21559	58
21572	83
21573	42
21583	80
21590	69
21596	52
21600	63
21611	73
21613	41
21614	30
21624	79
21625	80
21633	56
21647	87
21649	39
21653	35
21666	51
21671	32
21681	83
21683	72
21686	40
21699	82
21704	83
21720	36
21721	90
21723	76
21726	71
21732	56
21738	43
21748	28
21762	37
21772	78
21779	74
21785	51
21786	39
21788	86
21789	52
21798	30
21800	47
21801	30
21802	81
21807	77
21821	80
21826	86
21827	62
21829	90
21833	28
21844	32
21851	28
21863	80
21866	72
21870	62
21874	61
21884	47
21896	32
21905	34
21907	30
21920	67
21921	33
21924	40
21934	70
21961	33
21971	88
21989	68
21996	53
21999	85
22001	55
22011	29
22014	79
22020	74
22022	82
22034	44
22035	63
22061	88
22068	80
22084	52
22085	78
22087	31
22092	61
22104	48
22126	46
22129	40
22131	85
22145	87
22166	90
22206	91
22240	69
22242	70
22246	41
22261	78
22270	60
22276	47
22282	57
22284	77
22286	70
22295	75
22303	86
22304	31
22306	75
22323	70
22324	80
22328	91
22330	69
22331	72
22332	59
22336	66
22340	40
22348	49
22349	91
22355	76
22364	83
22373	54
22376	41
22386	80
22392	86
22396	88
22406	77
22407	74
22408	65
22409	36
22410	80
22423	72
22430	73
22431	57
22434	70
22436	85
22437	51
22445	88
22449	55
22476	39
22488	63
22508	43
22526	47
22530	86
22539	33
22541	78
22563	78
22595	73
22596	51
22597	90
22615	30
22621	48
22626	83
22637	61
22640	33
22648	45
22653	89
22655	83
22657	68
22677	56
22679	43
22687	45
22688	52
22689	37
22690	70
22694	91
22698	64
22699	43
22705	68
22707	65
22710	76
22719	90
22728	43
22729	74
22737	32
22739	42
22753	87
22761	86
22771	46
22783	55
22788	50
22789	74
22790	75
22791	91
22794	47
22800	60
22806	40
22813	62
22824	44
22830	60
22839	63
22842	81
22851	64
22858	66
22862	81
22863	82
22868	52
22873	49
22889	86
22892	70
22895	53
22898	87
22899	59
22900	47
22905	85
22908	57
22913	52
22918	71
22921	81
22922	37
22923	53
22930	30
22931	44
22937	74
22941	48
22947	60
22950	56
22954	87
22955	36
22961	84
22978	85
22983	49
22984	33
22989	50
22992	62
22999	56
23000	31
23001	48
23009	56
23014	75
23018	68
23026	49
23029	65
23055	40
23057	90
23060	51
23066	80
23076	57
23079	44
23082	30
23093	82
23094	50
23095	63
23099	52
23100	30
23111	29
23112	71
23115	50
23124	34
23136	82
23143	86
23146	74
23148	68
23150	85
23152	80
23156	84
23159	72
23168	55
23178	35
23180	87
23182	64
23189	45
23190	41
23191	74
23193	42
23201	89
23203	56
23211	59
23214	64
23215	56
23232	57
23233	91
23248	29
23252	32
23258	28
23271	34
23272	37
23278	74
23279	72
23293	64
23308	65
23313	45
23321	72
23331	49
23333	31
23334	68
23336	77
23345	62
23346	64
23351	84
23354	61
23361	82
23364	76
23368	84
23371	62
23374	59
23389	81
23395	74
23402	69
23412	55
23413	74
23416	64
23421	87
23422	56
23426	85
23427	46
23429	46
23432	56
23441	77
23445	80
23448	43
23449	84
23451	38
23457	29
23467	41
23475	41
23482	81
23486	87
23487	55
23493	39
23494	54
23500	91
23502	90
23503	79
23508	74
23511	47
23520	71
23528	64
23529	89
23534	40
23544	91
23549	55
23550	49
23556	35
23562	44
23563	35
23564	86
23575	84
23580	77
23584	51
23587	86
23590	44
23592	38
23593	76
23595	71
23608	63
23613	42
23615	58
23617	70
23618	77
23624	65
23626	65
23627	77
23633	71
23643	40
23645	49
23649	88
23650	52
23685	83
23694	52
23705	50
23706	58
23709	28
23717	72
23721	36
23723	90
23724	46
23727	36
23728	84
23732	70
23740	63
23747	79
23748	49
23753	36
23758	50
23765	77
23776	48
23785	90
23788	46
23792	68
23795	44
23817	75
23824	86
23827	88
23836	40
23838	82
23840	86
23845	75
23847	61
23848	65
23858	62
23863	60
23870	81
23879	38
23883	54
23884	47
23886	81
23891	45
23903	45
23908	77
23914	52
23915	81
23917	41
23920	85
23922	44
23924	53
23927	84
23929	55
23935	74
23940	46
23944	64
23947	76
23950	67
23964	61
23974	40
23977	36
23980	84
23986	50
23990	71
23991	89
23992	46
23999	81
24003	32
24005	53
24009	60
24025	40
24028	83
24029	90
24031	63
24036	48
24062	61
24071	39
24077	28
24080	52
24082	31
24083	62
24089	45
24090	86
24098	44
24101	83
24115	72
24117	86
24124	86
24135	88
24136	82
24147	35
24148	37
24153	72
24158	38
24167	47
24168	71
24178	64
24194	44
24196	62
24219	84
24222	59
24226	64
24232	79
24253	78
24265	91
24267	60
24270	79
24274	62
24277	67
24279	79
24284	74
24287	35
24288	33
24292	65
24307	70
24309	42
24334	75
24342	80
24348	86
24370	28
24371	40
24372	49
24384	59
24389	66
24400	53
24402	81
24407	29
24409	80
24414	56
24415	67
24421	77
24433	68
24436	49
24440	48
24444	42
24451	47
24454	91
24464	89
24467	66
24470	59
24471	87
24478	46
24483	38
24484	40
24485	69
24504	88
24510	84
24517	50
24528	63
24543	65
24544	62
24554	89
24586	64
24591	70
24597	42
24600	56
24606	84
24634	83
24642	53
24643	67
24646	37
24659	40
24663	61
24664	56
24665	39
24671	32
24673	38
24680	34
24683	53
24684	64
24691	76
24698	40
24734	83
24740	73
24742	35
24751	43
24759	47
24772	91
24774	85
24779	29
24790	53
24796	91
24801	65
24808	90
24824	60
24825	58
24833	29
24840	75
24841	28
24858	91
24866	51
24867	55
24868	45
24874	53
24876	69
24886	35
24891	34
24895	81
24910	64
24920	86
24921	37
24928	68
24934	79
24935	75
24936	79
24940	51
24941	91
24954	48
24955	44
24957	40
24966	84
24976	40
24979	39
24980	70
24985	69
24986	70
24987	86
24989	57
24990	39
24993	90
24994	83
24999	73
25009	49
25016	41
25025	77
25028	90
25032	40
25035	39
25037	52
25046	48
25048	59
25052	58
25059	78
25060	86
25063	70
25065	86
25087	60
25090	79
25091	59
25095	29
25102	37
25103	70
25114	57
25129	40
25130	80
25135	90
25139	50
25143	28
25151	54
25161	65
25162	74
25164	31
25170	36
25187	43
25199	64
25204	62
25205	85
25208	44
25214	90
25225	45
25240	77
25241	70
25244	36
25250	29
25252	81
25269	32
25271	28
25273	52
25277	55
25284	68
25286	45
25289	47
25293	70
25296	85
25297	53
25306	84
25322	53
25323	87
25334	51
25357	31
25365	38
25366	64
25368	47
25372	45
25378	64
25396	56
25411	39
25416	62
25444	50
25446	74
25450	62
25478	58
25479	79
25483	34
25511	84
25516	80
25526	28
25538	82
25554	66
25555	32
25561	29
25567	73
25588	29
25593	54
25620	55
25622	82
25624	48
25630	64
25631	43
25638	76
25641	35
25649	59
25650	43