Locus Ho
3 0
5 0.016
6 0
11 0.0041
16 0
19 0.0861
20 0.0632
24 0
39 0.0158
53 0.3632
54 0.0039
63 0
67 0.0661
75 0.2132
86 0.0346
88 0.1192
91 0.075
92 0.0038
93 0.0035
98 0.0121
101 0.4938
109 0.0043
111 0
117 0.0274
121 0.0389
126 0.1482
139 0.0444
142 0
148 0.0081
160 0
164 0
166 0
167 0.0507
169 0.0388
174 0
183 0.2915
187 0.0039
189 0.2742
192 0.0532
198 0.0041
200 0
206 0.0035
212 0.0664
220 0.1921
221 0.1356
227 0.407
228 0
232 0.3464
236 0
240 0
244 0
245 0.1109
246 0.0078
248 0.0301
253 0.0042
256 0
263 0.3723
265 0.0845
287 0.0078
297 0
298 0.0522
308 0.0812
315 0
331 0.0736
348 0.008
364 0
367 0
368 0.0582
373 0.4336
376 0
377 0.4151
379 0
380 0.1507
381 0
388 0
391 0
392 0
404 0
410 0.3627
411 0.0971
415 0.0171
419 0
420 0.1342
422 0.0517
425 0.1146
440 0.0542
445 0.2193
463 0
472 0.0431
481 0.0514
490 0.0078
494 0.0492
512 0.0041
514 0.3085
522 0.0801
525 0.251
528 0.2334
534 0.461
535 0.1034
541 0.3878
545 0.004
548 0.1372
554 0.0322
557 0.2255
561 0
571 0.2631
579 0
589 0
592 0.0834
594 0
597 0.1143
605 0.1641
612 0
613 0.0431
616 0.0079
617 0.0497
618 0.404
630 0
644 0
647 0.0398
660 0
663 0.0052
669 0.415
671 0
673 0.206
691 0.0546
694 0
695 0.0666
700 0.1971
705 0.3748
707 0.0797
708 0.0885
716 0
719 0
721 0.0687
730 0
733 0.0605
734 0
735 0.0193
739 0
746 0.0564
752 0.0757
756 0
765 0.004
766 0.0728
768 0
769 0.2693
772 0.0039
780 0.4838
786 0.0687
792 0
803 0.004
805 0.417
813 0
815 0
820 0
825 0.0215
829 0.143
832 0
844 0.0329
860 0
862 0.1102
885 0.1211
888 0.4887
899 0
901 0.0411
917 0.0283
925 0.2965
926 0.1053
927 0.4386
940 0.0297
941 0
943 0
951 0
952 0
954 0.3548
960 0.0487
962 0
964 0.172
966 0
974 0.1051
982 0.0035
986 0.0589
992 0.0824
1000 0.0432
1002 0.475
1007 0.0168
1017 0.0258
1020 0.1096
1027 0
1031 0.012
1036 0.4311
1037 0
1047 0.4579
1048 0.4655
1052 0.0236
1053 0
1054 0.0036
1059 0.4736
1066 0
1073 0.0645
1078 0.0225
1082 0.0295
1085 0.1465
1089 0.0451
1091 0
1092 0
1094 0.4688
1098 0
1104 0.0552
1122 0.2702
1126 0.0397
1138 0.0082
1157 0
1159 0.0769
1160 0.4881
1162 0
1167 0.004
1176 0
1190 0.0045
1193 0.4774
1197 0.2671
1201 0.2623
1205 0.0605
1206 0.1108
1218 0
1228 0.3784
1229 0
1253 0
1254 0
1258 0.1218
1262 0
1266 0
1275 0
1285 0
1287 0
1294 0
1306 0
1311 0
1323 0.029
1339 0.0036
1345 0.3812
1349 0
1354 0.0698
1372 0.1098
1392 0.2904
1393 0
1407 0.4709
1420 0.0548
1441 0.2299
1451 0.0334
1452 0.2562
1454 0
1463 0
1469 0.3302
1473 0.0601
1474 0
1478 0.0751
1482 0.0865
1490 0.0087
1499 0
1503 0.4774
1504 0.1669
1519 0
1547 0.4792
1555 0
1560 0.4726
1565 0.4787
1567 0
1568 0.0121
1571 0.0035
1572 0
1581 0.0524
1582 0
1589 0
1590 0
1592 0.0734
1596 0
1602 0
1617 0.004
1629 0.3569
1635 0.1527
1638 0
1655 0.3946
1660 0
1689 0.0081
1693 0
1698 0
1711 0
1712 0
1713 0
1722 0
1729 0
1730 0
1734 0
1737 0
1738 0
1739 0.004
1748 0.0737
1756 0.0376
1770 0
1773 0.4677
1794 0.2295
1817 0.0044
1821 0.0344
1833 0.0971
1844 0.1813
1845 0.0538
1848 0.3766
1855 0
1858 0.0158
1859 0.0937
1872 0
1881 0.0079
1889 0
1906 0.0156
1907 0
1911 0.0048
1926 0.0618
1933 0.3069
1936 0
1939 0.4403
1957 0.4002
1961 0
1962 0
1963 0
1968 0
1969 0.02
1970 0
1975 0.2245
1978 0
1983 0
1995 0
2029 0.0042
2033 0.4754
2038 0.1692
2046 0
2057 0.0794
2058 0.0714
2069 0.0081
2071 0
2075 0.1381
2082 0
2087 0.2048
2100 0.4705
2110 0
2118 0.4827
2127 0.1294
2135 0.384
2148 0.1369
2149 0.1957
2151 0.1076
2153 0.0689
2154 0
2160 0
2175 0.4807
2176 0
2196 0.0039
2204 0.3235
2206 0.2917
2225 0
2227 0.004
2230 0.0422
2234 0.1865
2251 0.0895
2258 0.4388
2261 0
2274 0.3532
2279 0
2309 0
2319 0.0038
2327 0.0732
2329 0.2448
2331 0
2332 0.0114
2334 0.4516
2335 0.2562
2346 0.094
2349 0.0545
2353 0.1243
2362 0.215
2366 0.004
2368 0.434
2370 0
2371 0.3399
2382 0
2390 0
2399 0
2400 0
2408 0.3172
2417 0.4499
2425 0.2932
2429 0.3468
2446 0.0117
2454 0.1562
2455 0
2456 0.2326
2468 0.0431
2491 0.0745
2497 0.1282
2498 0.2324
2506 0.4748
2520 0.4697
2522 0
2539 0.2173
2550 0.3187
2554 0.0225
2558 0.1166
2564 0.3163
2587 0.0041
2601 0
2603 0.3931
2604 0.4202
2607 0.1316
2621 0.3152
2623 0
2646 0
2647 0.0078
2648 0
2672 0.2289
2677 0.1459
2682 0.1044
2690 0.1201
2694 0.0383
2705 0
2706 0
2709 0.166
2718 0.0116
2733 0.1914
2735 0.0035
2742 0.5086
2751 0.0188
2752 0
2762 0.0042
2769 0.051
2780 0.1214
2786 0.1451
2792 0
2794 0.0855
2810 0.1624
2813 0
2820 0.2675
2824 0.4477
2826 0.3428
2830 0.0045
2843 0.2962
2844 0.0548
2850 0
2851 0
2861 0
2866 0.0156
2874 0.3852
2880 0
2885 0.0726
2895 0
2917 0.004
2922 0.3759
2934 0.1326
2947 0.1315
2950 0
2966 0.0041
2967 0
2973 0.3814
2974 0.0041
2977 0.3653
2985 0.434
2990 0.0284
2995 0
2997 0.0042
2998 0.0081
3000 0.2243
3004 0.2162
3015 0
3016 0
3019 0.1616
3023 0
3031 0
3039 0.012
3043 0.3917
3049 0.0734
3057 0
3061 0
3062 0.0108
3066 0
3076 0.0116
3086 0
3095 0
3096 0
3102 0.004
3111 0.0865
3116 0.4416
3120 0
3121 0
3129 0
3132 0.0192
3138 0.02
3155 0
3161 0
3172 0.0315
3175 0.0039
3176 0
3186 0.0155
3188 0.1222
3193 0.0197
3195 0.0387
3196 0.1146
3197 0.0916
3207 0.405
3223 0.0041
3226 0.2682
3228 0
3238 0
3244 0
3248 0.1249
3258 0.0732
3261 0.1628
3266 0.136
3280 0.257
3284 0.3742
3297 0.0646
3298 0.4526
3303 0
3304 0.0908
3307 0.3771
3308 0.0633
3312 0
3324 0.0352
3328 0
3331 0.406
3338 0.3767
3339 0
3341 0.39
3342 0
3343 0.1281
3348 0
3351 0.004
3356 0.0609
3362 0.0891
3373 0
3375 0.1826
3378 0.1142
3379 0
3381 0.0614
3396 0.41
3405 0
3406 0.0578
3413 0
3416 0.2449
3417 0.2462
3420 0
3428 0.0706
3430 0.0163
3434 0.3812
3437 0.2303
3458 0.0785
3460 0.0891
3464 0.0308
3473 0
3480 0.3799
3484 0.0498
3488 0
3499 0.0172
3501 0
3505 0.4013
3523 0.0057
3524 0
3541 0.3993
3547 0
3553 0
3554 0.0298
3561 0
3564 0
3566 0.0768
3577 0.0426
3578 0.0898
3585 0.3346
3594 0.0876
3600 0.114
3601 0
3606 0.3323
3622 0
3623 0
3630 0.0039
3636 0
3639 0.0977
3651 0
3659 0.2508
3680 0.0042
3683 0.0463
3692 0.1438
3694 0.3155
3708 0.0041
3721 0.1239
3728 0
3734 0.0051
3750 0
3753 0.3569
3754 0.1017
3756 0
3761 0
3776 0.0782
3780 0.0776
3791 0.0153
3794 0.0035
3797 0.1804
3798 0.0081
3799 0.0046
3814 0
3822 0
3825 0
3827 0.0388
3828 0.0669
3832 0
3833 0.3641
3834 0
3843 0
3849 0.5
3853 0.2607
3855 0.0462
3865 0
3866 0.0561
3867 0.0039
3875 0.024
3879 0
3885 0
3886 0.0472
3887 0.0461
3894 0
3900 0.0113
3902 0.2632
3917 0
3929 0.0826
3931 0.4661
3932 0.2516
3939 0
3940 0.1919
3946 0.1272
3948 0
3952 0.1014
3957 0
3960 0.0231
3962 0.0599
3963 0
3972 0
3973 0.4765
3991 0.3793
4000 0.0941
4002 0.0315
4003 0.0509
4004 0
4010 0.0286
4013 0.3437
4016 0.0762
4025 0.0706
4031 0
4032 0.3959
4033 0
4036 0.2818
4039 0.0433
4040 0.4724
4045 0
4058 0
4062 0.1267
4065 0.0605
4066 0
4070 0.061
4079 0
4081 0.5163
4083 0.0081
4088 0
4090 0
4092 0
4097 0
4100 0.0052
4103 0
4108 0
4126 0
4132 0.3646
4133 0.2122
4137 0.1665
4140 0.0201
4142 0.3707
4145 0
4146 0.1944
4148 0.0995
4150 0
4154 0
4156 0.0271
4159 0.0823
4162 0.3723
4171 0.0041
4172 0
4174 0
4176 0.073
4185 0.4737
4187 0.1722
4188 0
4191 0.4588
4192 0.4697
4206 0
4207 0
4212 0.2575
4213 0
4214 0
4217 0.0365
4226 0.0969
4227 0.0601
4230 0.4127
4235 0.0604
4242 0.187
4244 0.0556
4251 0.4794
4255 0.1003
4257 0.1085
4280 0.0475
4285 0
4301 0.0639
4317 0
4330 0.0469
4332 0
4336 0
4344 0
4352 0.0282
4361 0.3106
4365 0.0118
4368 0
4371 0.2568
4373 0.3373
4380 0.0495
4381 0
4383 0.0554
4392 0
4396 0.0849
4398 0.4019
4402 0.1232
4404 0.0428
4411 0.2706
4412 0.082
4413 0.1988
4426 0.0035
4440 0
4442 0.0041
4452 0.1925
4453 0.5018
4458 0
4459 0
4471 0.0271
4472 0
4473 0.0126
4484 0
4489 0.1336
4491 0.5092
4492 0
4494 0.1787
4495 0
4499 0.004
4507 0.2829
4508 0.3155
4514 0
4522 0
4536 0.3348
4539 0
4541 0.2713
4549 0
4550 0.0139
4556 0.1117
4557 0
4568 0.4209
4570 0.0115
4572 0
4575 0.3332
4578 0.0075
4582 0
4588 0
4596 0.1947
4599 0.2136
4609 0.4292
4613 0
4615 0.2006
4617 0
4620 0.0039
4629 0
4637 0.0078
4643 0.004
4644 0
4646 0
4660 0
4661 0.0876
4664 0.4306
4671 0.2557
4689 0
4696 0.1006
4702 0.0078
4711 0.2758
4715 0.1436
4720 0.2368
4727 0
4729 0
4734 0.4018
4739 0.0346
4740 0
4744 0.401
4747 0.0736
4754 0.2157
4759 0.1032
4760 0
4761 0
4766 0.0078
4775 0.016
4777 0.2692
4779 0.2221
4782 0.4664
4799 0.3841
4815 0
4818 0.4613
4824 0.083
4832 0
4834 0
4836 0
4837 0.0078
4841 0
4849 0
4852 0.0816
4856 0.2367
4863 0
4878 0
4885 0.0311
4887 0.0319
4891 0.4591
4892 0
4893 0.0041
4894 0
4898 0.0201
4901 0.1504
4905 0.0147
4909 0.1367
4911 0.201
4939 0.1063
4950 0.4546
4956 0.3368
4958 0
4960 0.0279
4989 0.1168
4998 0.3391
5001 0.0472
5002 0.4244
5003 0.0713
5011 0
5016 0.0668
5023 0.041
5030 0
5031 0
5035 0.5075
5042 0
5052 0
5060 0.3777
5071 0.2447
5077 0
5079 0.2765
5116 0
5118 0
5124 0.0888
5133 0.008
5137 0.0436
5148 0
5151 0.0154
5155 0.004
5169 0.0954
5171 0
5174 0.1892
5176 0
5189 0.045
5196 0.4685
5198 0.1491
5201 0.4741
5203 0.1252
5206 0.17
5208 0.0351
5217 0.1912
5227 0
5232 0
5264 0
5273 0.0764
5281 0
5287 0
5288 0.5295
5310 0
5322 0.0672
5333 0.0039
5334 0.1185
5336 0.0915
5337 0
5367 0.1558
5387 0.1368
5396 0.417
5398 0.0041
5413 0.1458
5417 0
5423 0
5427 0.1077
5431 0.0043
5437 0.008
5441 0
5442 0.1121
5450 0
5451 0
5452 0.194
5461 0.2656
5464 0.0896
5465 0.1593
5469 0
5475 0.2899
5476 0.402
5481 0.1918
5482 0
5491 0
5501 0.1124
5516 0.0076
5520 0.0469
5524 0.062
5534 0.4025
5538 0.3902
5539 0
5541 0
5560 0.0281
5562 0
5569 0.1232
5570 0.2424
5572 0.4685
5576 0.039
5577 0
5580 0.028
5584 0.0595
5586 0.0843
5590 0
5594 0.2171
5600 0.4174
5606 0.0457
5610 0.0038
5614 0.2824
5617 0
5622 0
5623 0.411
5624 0.0972
5632 0.1612
5633 0.2411
5636 0.0511
5637 0
5650 0
5654 0.0036
5662 0.4513
5668 0
5672 0.1247
5673 0.0744
5679 0.1264
5685 0
5688 0.2104
5692 0.0797
5697 0
5699 0
5707 0.3982
5711 0
5719 0.0773
5722 0
5730 0.0039
5738 0.0343
5739 0.0062
5741 0.1813
5744 0
5746 0.0975
5748 0
5753 0
5754 0.004
5765 0.0585
5766 0
5770 0.0374
5775 0
5776 0.401
5781 0.041
5804 0
5807 0
5813 0
5817 0.0878
5819 0.0311
5824 0.4509
5834 0.2163
5836 0.0475
5844 0.1489
5845 0.0118
5851 0
5853 0
5859 0.1392
5882 0
5891 0.0755
5892 0.3213
5894 0.0036
5897 0.2296
5902 0
5923 0.1687
5924 0
5925 0
5928 0
5930 0.0515
5935 0.1146
5945 0.292
5946 0.0376
5952 0.017
5962 0.3231
5966 0.3719
5973 0.0154
5980 0
5984 0
5995 0
6026 0.1371
6028 0
6031 0.0035
6033 0
6040 0.1585
6051 0
6065 0
6069 0.0121
6071 0.1246
6077 0
6080 0.4505
6085 0.4214
6094 0.3471
6099 0.0578
6100 0.0862
6112 0.0392
6126 0
6144 0.057
6147 0
6156 0
6157 0.4143
6158 0.2547
6182 0.2107
6187 0
6195 0
6203 0.2481
6218 0.545
6220 0.0122
6225 0.0079
6229 0.004
6230 0.0039
6244 0.3019
6248 0
6259 0.1887
6260 0
6270 0
6274 0
6275 0
6279 0
6292 0.1304
6298 0.1428
6306 0
6312 0.1774
6314 0.459
6315 0.0501
6318 0.3255
6319 0
6329 0
6333 0.1085
6342 0
6353 0
6357 0.0039
6360 0
6368 0
6377 0.0726
6384 0.0459
6388 0.3915
6390 0
6393 0.2183
6399 0.0158
6403 0.0078
6408 0
6409 0
6410 0
6417 0.321
6426 0.268
6429 0
6431 0.3065
6432 0.2859
6441 0.3391
6443 0.3079
6454 0
6458 0
6462 0.176
6467 0.139
6484 0.0192
6487 0.3789
6492 0
6498 0
6500 0
6519 0
6520 0.5206
6522 0.004
6525 0
6526 0.0672
6533 0
6534 0
6540 0.0602
6550 0.2928
6554 0.0037
6563 0.0078
6565 0.0885
6566 0
6567 0.0569
6576 0
6583 0
6593 0.158
6597 0.4134
6602 0.0621
6604 0.0262
6606 0
6608 0.061
6609 0.3471
6617 0.4499
6631 0.0496
6635 0
6637 0
6638 0.0913
6640 0.0734
6652 0.0676
6657 0.0048
6658 0.4229
6660 0
6672 0.0963
6675 0.0978
6677 0.382
6683 0
6687 0
6690 0.4889
6693 0
6697 0
6701 0.0565
6709 0.332
6721 0.1016
6724 0
6728 0.0166
6729 0.2032
6735 0.0044
6757 0.0684
6768 0.4818
6769 0.0309
6771 0.3015
6773 0.1054
6797 0
6801 0.0037
6802 0.1392
6803 0.0431
6807 0
6810 0.079
6816 0.004
6823 0
6833 0.3048
6835 0.0344
6845 0.351
6846 0
6860 0.2977
6870 0.452
6877 0.008
6878 0
6882 0.0155
6883 0
6886 0
6887 0.0772
6890 0.2357
6894 0.083
6899 0.1263
6910 0.0475
6913 0
6925 0.1847
6926 0.2905
6938 0.058
6944 0.4556
6947 0.0385
6953 0.0913
6956 0
6960 0
6962 0.1251
6969 0.4812
6970 0
6971 0.5248
6983 0
6988 0.4709
6989 0
6993 0.0247
6995 0.0968
6996 0.0522
7000 0.4298
7023 0.0636
7027 0.0035
7028 0
7046 0.1354
7048 0.4486
7055 0.1543
7058 0
7074 0.1437
7081 0.2222
7083 0
7086 0.3983
7089 0
7092 0.0849
7096 0.4482
7104 0
7106 0.0778
7109 0
7117 0.3005
7127 0.4729
7128 0
7132 0.3077
7134 0.0446
7138 0.0788
7139 0
7142 0
7144 0.0714
7146 0
7151 0.0046
7161 0.0881
7164 0
7171 0.1656
7173 0.2394
7183 0.4377
7192 0.0759
7193 0.212
7203 0
7205 0
7206 0
7209 0.0718
7214 0.0355
7216 0.0675
7223 0.1861
7227 0
7230 0.0081
7241 0.2022
7252 0.1239
7271 0
7275 0
7283 0.1796
7286 0
7290 0
7298 0
7299 0.0431
7301 0.0041
7313 0.0809
7314 0
7315 0
7322 0.1604
7326 0.1147
7327 0
7328 0.0041
7332 0.0311
7333 0
7335 0.1385
7341 0.0035
7345 0
7366 0
7367 0.0035
7370 0
7384 0.0322
7390 0
7391 0.1778
7395 0.2888
7399 0.2288
7412 0.3845
7421 0.008
7431 0.3409
7433 0
7434 0.0097
7450 0.0242
7453 0.0177
7457 0.3425
7458 0.4303
7465 0.1303
7466 0.3694
7479 0.0041
7485 0.0186
7489 0
7490 0.0519
7494 0.1094
7498 0.1119
7501 0.3661
7505 0.055
7509 0.3766
7514 0
7522 0.018
7526 0.1819
7537 0
7545 0.0958
7559 0
7565 0.3207
7570 0
7571 0.1697
7573 0
7574 0.0936
7583 0
7598 0.0656
7603 0.0641
7604 0.4251
7605 0.1896
7610 0.0496
7620 0.2545
7627 0.4461
7637 0.0263
7643 0
7647 0.0041
7666 0.1143
7674 0.1717
7682 0.0549
7688 0.4666
7690 0
7697 0.329
7698 0
7703 0.4293
7711 0.3684
7713 0.0544
7715 0
7726 0.124
7730 0
7731 0
7735 0
7736 0.109
7747 0.0041
7749 0.0035
7754 0.4929
7755 0
7759 0.0121
7763 0.0659
7768 0
7769 0
7775 0.0609
7781 0
7789 0
7791 0
7803 0.2339
7806 0
7807 0.2788
7818 0
7823 0.4839
7828 0.3547
7833 0
7847 0
7855 0
7865 0.1054
7869 0.0233
7870 0.4817
7875 0.3778
7879 0.0945
7890 0
7902 0.4661
7907 0
7910 0.0456
7913 0
7915 0
7922 0.0352
7929 0.4888
7940 0.0118
7942 0
7952 0.018
7953 0.004
7957 0.3974
7962 0.0406
7974 0.0198
7975 0.0081
7976 0.2904
7988 0.0728
7992 0
8002 0
8016 0.0939
8018 0.2821
8019 0
8023 0.057
8026 0.0647
8027 0
8033 0.0081
8037 0.0477
8045 0.0035
8046 0.4582
8048 0.0083
8055 0
8056 0.3858
8057 0
8058 0.1111
8062 0
8064 0.1849
8067 0.0969
8079 0.0658
8086 0.0079
8095 0.2864
8098 0
8100 0.0279
8103 0.0081
8124 0.0315
8126 0.1238
8130 0
8135 0
8148 0.2354
8149 0.3847
8150 0.2339
8152 0.3052
8160 0.0684
8168 0
8183 0.1626
8190 0.0644
8191 0.0396
8192 0.2045
8194 0.0079
8196 0
8198 0.0726
8199 0.0158
8204 0
8205 0.0374
8206 0.0669
8208 0.004
8209 0.0853
8212 0
8217 0.3117
8218 0
8231 0
8241 0.1543
8242 0.3397
8246 0
8252 0
8260 0
8267 0
8277 0.182
8278 0.1013
8288 0.4657
8289 0
8295 0.4154
8301 0.097
8305 0.511
8312 0
8315 0.17
8316 0.3494
8320 0.0933
8322 0
8327 0.3008
8330 0.066
8334 0.3955
8336 0
8346 0.0468
8375 0.004
8388 0
8389 0.008
8409 0.028
8414 0.2311
8426 0.072
8427 0.0597
8445 0.3997
8448 0.2155
8450 0.0071
8461 0.3905
8465 0.0354
8471 0.0265
8484 0.1192
8486 0.4963
8493 0
8499 0.0035
8507 0.4803
8514 0
8517 0.0648
8525 0
8526 0.5081
8527 0.0543
8530 0.0525
8534 0.0156
8536 0
8540 0.0343
8547 0.0699
8554 0.0558
8568 0
8569 0.1656
8572 0.0642
8581 0.1368
8586 0.1307
8590 0.3856
8596 0.2979
8597 0
8601 0.3067
8603 0.0429
8606 0.1447
8641 0
8642 0
8649 0
8670 0.1805
8671 0.436
8690 0.4361
8693 0.4337
8703 0
8704 0
8724 0
8726 0
8727 0
8743 0.2107
8746 0
8747 0
8758 0.4547
8759 0.4688
8769 0.0512
8778 0
8788 0.2544
8789 0
8794 0.2738
8798 0.4806
8803 0
8804 0.0447
8805 0
8808 0
8810 0.0963
8813 0.0232
8815 0.0796
8816 0
8820 0.197
8827 0.0913
8831 0
8840 0.5372
8842 0.1765
8847 0
8849 0.3804
8867 0.0315
8872 0
8873 0
8885 0.3226
8890 0.3099
8898 0.4034
8902 0
8907 0.0503
8915 0.4237
8920 0.0588
8936 0
8943 0
8948 0.0094
8955 0.4339
8979 0.0427
8997 0.0594
9000 0.004
9002 0.3687
9008 0.0597
9043 0
9050 0
9054 0.2179
9061 0.0122
9077 0.0819
9079 0.0798
9082 0
9085 0
9091 0.1813
9097 0.0594
9100 0
9102 0.3589
9119 0
9131 0
9134 0.0915
9135 0.1203
9144 0.0775
9156 0.0736
9158 0.0832
9159 0.0724
9162 0.0149
9164 0.0476
9165 0.4828
9166 0
9168 0
9174 0.004
9184 0.0079
9187 0.4397
9190 0.3613
9191 0
9192 0.2066
9203 0
9205 0.4194
9210 0.2474
9211 0.1849
9213 0.0473
9215 0
9216 0.3399
9218 0
9228 0
9229 0
9247 0
9251 0.125
9252 0.0042
9274 0
9275 0
9277 0.4726
9280 0.0925
9284 0
9289 0.4385
9299 0
9305 0.3925
9308 0.0043
9316 0.0424
9323 0.3058
9326 0.0824
9331 0.0534
9347 0.4739
9350 0
9354 0
9355 0.1917
9359 0
9363 0
9369 0.0037
9378 0.1165
9380 0.0425
9387 0
9393 0.1195
9408 0.1944
9415 0.4564
9418 0.0203
9419 0.4921
9421 0.0187
9434 0
9443 0.2527
9449 0.0044
9452 0.464
9456 0.0075
9458 0.0933
9461 0
9489 0
9492 0.4823
9497 0.0453
9502 0.0658
9506 0
9530 0.2826
9538 0
9545 0.1892
9549 0.2094
9563 0.1423
9565 0.3172
9576 0
9579 0
9582 0
9585 0.0079
9590 0.0113
9593 0
9596 0.3241
9604 0.0051
9606 0.0346
9610 0.0128
9611 0.0079
9632 0.0113
9640 0
9645 0
9655 0.0898
9658 0.0892
9663 0.0158
9664 0
9667 0
9668 0
9673 0.4384
9675 0.0929
9679 0
9681 0.3461
9682 0.1196
9684 0
9691 0
9704 0
9705 0
9714 0.0041
9717 0.0118
9724 0.0586
9726 0.0786
9729 0.0862
9731 0.2101
9738 0
9740 0.0612
9741 0.1386
9755 0.179
9766 0.0309
9770 0
9776 0.0719
9789 0
9800 0.0118
9801 0
9812 0.03
9813 0.0417
9819 0
9825 0.102
9833 0
9840 0
9845 0.4117
9850 0.417
9852 0.5456
9853 0.4187
9855 0.0274
9864 0.3939
9865 0
9870 0.0041
9872 0.0567
9878 0.0525
9886 0.0713
9888 0
9894 0
9896 0.0367
9898 0
9922 0
9926 0.0342
9940 0.1532
9941 0.0271
9943 0.2263
9964 0.0369
9965 0
9966 0.0656
9967 0.0039
9970 0.0273
9979 0.4334
9980 0.0514
9983 0.0536
9986 0.4103
9987 0
9992 0.4056
9996 0.2131
10006 0.4993
10012 0.3783
10015 0
10017 0.0681
10022 0.1792
10024 0
10029 0.4694
10038 0.0285
10039 0
10045 0.1514
10061 0.0391
10063 0.5252
10068 0
10076 0.3927
10079 0.004
10086 0.0052
10092 0.0373
10113 0.0689
10134 0
10136 0.004
10138 0.0536
10139 0.0062
10150 0
10151 0
10153 0.1575
10160 0.0623
10166 0.0931
10172 0
10177 0.0388
10178 0
10181 0.1507
10188 0
10191 0
10198 0.4219
10199 0
10207 0.4258
10210 0.1288
10215 0
10217 0.1085
10218 0
10222 0.0507
10226 0.3373
10227 0
10232 0
10236 0.0501
10240 0.0198
10245 0
10260 0
10263 0.1
10276 0.0799
10284 0
10285 0.0864
10291 0.2296
10292 0.0412
10295 0.0718
10299 0
10304 0
10306 0.4063
10307 0.0216
10316 0.0084
10319 0.0502
10334 0.4748
10342 0.4716
10350 0
10366 0.1057
10374 0.514
10380 0
10386 0
10392 0.0734
10396 0.3045
10399 0.4414
10401 0.0658
10410 0
10413 0.1825
10414 0
10421 0
10425 0
10429 0
10431 0
10435 0
10440 0
10441 0.0035
10445 0
10456 0.0822
10460 0.008
10462 0.004
10471 0.0564
10475 0.1171
10476 0
10477 0.2866
10488 0.0037
10495 0
10497 0
10498 0
10501 0
10514 0.4443
10524 0.0768
10529 0
10530 0.4664
10539 0
10552 0.4313
10560 0.1244
10567 0
10568 0.0878
10576 0
10577 0.004
10580 0.3872
10585 0.0594
10595 0.0472
10598 0.0035
10620 0.0882
10648 0.0758
10660 0
10662 0
10665 0.0887
10675 0.0721
10676 0.0156
10685 0.4457
10687 0.2044
10691 0.1441
10698 0.4172
10706 0.366
10711 0
10713 0
10715 0
10718 0.0636
10726 0.2976
10730 0
10732 0.0875
10738 0
10742 0
10745 0.0425
10752 0.06
10756 0
10758 0.0811
10760 0.1148
10761 0
10785 0
10799 0.053
10806 0
10813 0
10820 0
10821 0
10823 0
10828 0.0117
10836 0
10838 0
10839 0.0149
10840 0.004
10844 0
10848 0.3031
10849 0.0684
10857 0.161
10860 0.0041
10872 0
10878 0
10882 0
10885 0.0916
10886 0.2986
10894 0.1782
10906 0
10910 0.024
10913 0.2065
10921 0
10928 0.0043
10933 0
10951 0.4425
10953 0.1394
10954 0.4
10960 0.413
10965 0
10966 0
10978 0
10979 0.1323
10991 0.0286
10995 0.3552
10999 0.5062
11001 0.1697
11003 0
11008 0.2552
11013 0.0156
11018 0.0354
11019 0.0947
11027 0
11048 0.0705
11049 0.0335
11052 0.0333
11054 0.2264
11056 0.0885
11059 0
11065 0.0738
11069 0
11072 0
11081 0
11090 0.0916
11092 0
11113 0
11115 0.128
11116 0
11119 0.0342
11126 0.0402
11129 0
11132 0.4482
11133 0.4183
11140 0.014
11144 0.0746
11146 0.0121
11149 0.0619
11154 0
11162 0
11165 0.2131
11166 0.2333
11170 0.3412
11175 0.2115
11176 0.004
11182 0.1475
11190 0.0079
11191 0.4337
11209 0.028
11210 0
11211 0
11214 0.0292
11216 0.0121
11222 0.0423
11225 0.0638
11234 0
11244 0.0228
11254 0.025
11257 0
11260 0.034
11262 0.0354
11268 0.0306
11273 0.0417
11282 0.0197
11290 0.1949
11299 0.2176
11300 0.0846
11304 0.2487
11307 0.0079
11313 0.0037
11319 0
11325 0
11336 0.0081
11337 0.004
11343 0.194
11348 0.0491
11354 0
11367 0.1576
11370 0.1128
11378 0
11386 0
11400 0
11406 0
11408 0.2641
11413 0
11415 0.3426
11417 0
11420 0
11422 0
11433 0.0429
11437 0
11443 0
11447 0.07
11454 0.3107
11459 0
11462 0
11469 0.0039
11476 0
11479 0.0079
11482 0
11483 0.3491
11486 0.1486
11488 0.004
11500 0
11504 0
11505 0.2266
11506 0.1727
11509 0.0118
11520 0.3188
11521 0.4667
11535 0.318
11537 0
11546 0.0083
11552 0.0035
11563 0.1557
11564 0
11565 0.2413
11566 0.0044
11569 0
11574 0.0078
11576 0.0074
11579 0.0044
11580 0
11591 0.3484
11594 0.4728
11609 0
11611 0.4491
11618 0
11627 0.1481
11638 0.0677
11646 0
11651 0
11663 0
11670 0.3514
11675 0.0171
11686 0.2617
11687 0
11691 0
11711 0
11717 0.3925
11722 0
11725 0.4728
11736 0.0035
11738 0
11741 0.2245
11749 0.3339
11759 0.0041
11760 0.0041
11761 0
11762 0.1827
11768 0.4467
11770 0.2484
11774 0
11783 0.0146
11789 0.0821
11805 0.3815
11818 0
11841 0.0455
11843 0.1481
11846 0.0837
11848 0.0072
11849 0.3174
11850 0
11851 0.165
11859 0.0476
11860 0.5399
11871 0.0791
11872 0.3004
11878 0.0511
11880 0.0609
11886 0.0295
11889 0
11895 0
11896 0.4646
11899 0.019
11902 0.2057
11905 0.004
11910 0.1306
11912 0.2833
11926 0.013
11943 0
11947 0.0196
11951 0.0081
11954 0.4497
11964 0.2329
11978 0.0916
11983 0.3028
11988 0.074
11990 0.186
11992 0.4323
11994 0
11997 0.097
12001 0.0798
12017 0
12025 0.0041
12028 0
12036 0
12049 0
12054 0.1429
12055 0
12064 0.0527
12065 0.4699
12068 0
12069 0
12070 0.5063
12082 0
12083 0.1487
12087 0.2949
12099 0.2009
12107 0
12108 0
12116 0
12120 0.4883
12122 0.1935
12123 0
12145 0
12155 0
12158 0.0874
12161 0.3045
12182 0.0213
12184 0.0314
12190 0
12194 0
12199 0.1181
12201 0.021
12205 0
12206 0.2204
12213 0.0701
12218 0.3111
12220 0
12233 0.1673
12242 0.2501
12254 0.0133
12255 0.0085
12277 0
12288 0
12291 0.0263
12294 0.4577
12295 0
12299 0.0749
12303 0.0557
12309 0.4734
12320 0.0081
12322 0.0413
12331 0.4092
12332 0.0731
12334 0
12337 0.1637
12352 0
12380 0
12384 0
12394 0.012
12401 0.0806
12403 0.1726
12406 0
12425 0
12430 0
12431 0.1159
12432 0
12434 0
12449 0
12458 0.264
12474 0.1611
12477 0.1741
12479 0.1934
12483 0
12493 0
12506 0
12508 0
12515 0
12516 0
12520 0.2154
12521 0.0504
12534 0.067
12537 0.0911
12541 0.1288
12544 0
12554 0.0487
12555 0.4441
12559 0.158
12564 0
12566 0
12567 0
12568 0.02
12570 0.5192
12578 0.016
12579 0.1183
12584 0
12600 0.4372
12605 0.0388
12606 0.0887
12615 0.3819
12622 0.0078
12623 0.0122
12636 0.0909
12639 0.0314
12641 0.1376
12648 0.4062
12649 0.0557
12652 0.1102
12657 0
12664 0.039
12668 0.414
12670 0.426
12686 0
12693 0
12701 0
12705 0.0039
12707 0.2138
12709 0
12711 0.1543
12713 0
12720 0.3091
12721 0
12723 0.2376
12725 0.4024
12726 0
12729 0.0165
12734 0.1429
12736 0.0429
12738 0
12746 0.262
12747 0.4028
12756 0
12758 0.0828
12762 0
12768 0
12770 0.1097
12771 0
12775 0.0158
12779 0.1622
12793 0.3349
12803 0
12810 0.0051
12813 0.0943
12823 0.1126
12824 0.1371
12851 0.1713
12852 0
12866 0.0164
12869 0.0085
12877 0.0656
12881 0.3191
12884 0.4436
12886 0.0081
12889 0.0049
12892 0.4624
12895 0
12897 0.0334
12903 0.0484
12916 0.039
12917 0.1802
12921 0
12922 0.0697
12925 0.0388
12937 0
12942 0.059
12945 0
12946 0.469
12948 0
12952 0.0041
12956 0.0119
12962 0.004
12963 0
12971 0
12972 0.1659
12979 0.1272
12982 0.0041
12987 0.0754
12990 0.0974
12994 0
13010 0
13020 0.2404
13036 0
13038 0.2509
13041 0.1099
13052 0
13054 0.4332
13063 0
13066 0.1227
13081 0.0113
13082 0.1044
13083 0.1199
13090 0.0506
13100 0.4994
13104 0
13107 0.1588
13124 0
13125 0.0199
13129 0
13135 0.267
13142 0.4604
13148 0.241
13152 0.0082
13162 0.377
13163 0.1257
13167 0.0817
13168 0
13176 0.0094
13180 0
13188 0.004
13192 0
13196 0.012
13198 0.3721
13207 0.1802
13209 0.352
13211 0
13218 0.401
13221 0.0308
13237 0
13241 0.0292
13242 0.1417
13249 0
13253 0.0195
13258 0
13275 0
13276 0.0099
13279 0
13285 0.0951
13286 0.247
13291 0.3588
13295 0
13297 0.2055
13301 0.2367
13304 0
13308 0.2129
13314 0
13316 0
13318 0.0149
13321 0.2975
13322 0.0603
13323 0
13333 0
13338 0
13341 0.1371
13345 0.0954
13352 0.3079
13355 0.0043
13369 0.0856
13379 0
13384 0
13399 0.5247
13406 0.3398
13408 0.1015
13411 0.3212
13418 0
13422 0
13430 0.3875
13432 0
13443 0.0359
13458 0.1173
13461 0
13462 0.0757
13463 0.0885
13468 0.2451
13476 0
13478 0.0126
13485 0
13486 0
13501 0
13505 0.2883
13506 0
13514 0.243
13518 0.076
13521 0
13523 0.2037
13525 0.1143
13531 0
13533 0.0681
13537 0
13544 0
13547 0
13552 0.3706
13556 0.3926
13563 0
13574 0.0536
13575 0.0164
13583 0.3167
13597 0.004
13598 0
13600 0.518
13607 0
13608 0.0041
13610 0.4474
13620 0
13626 0
13627 0.0471
13631 0.2736
13641 0.008
13650 0.0236
13652 0
13656 0.0041
13670 0
13693 0.0266
13701 0
13702 0
13712 0
13721 0.1144
13723 0
13724 0.0854
13725 0.444
13732 0
13738 0.0625
13756 0.1787
13762 0.5509
13766 0.0988
13769 0.0351
13773 0
13774 0.2625
13791 0.211
13796 0.3057
13802 0.0039
13813 0
13818 0.4085
13841 0
13845 0.0124
13846 0
13850 0.4561
13856 0
13857 0.0122
13860 0.0451
13880 0.0041
13881 0.0609
13892 0.0253
13895 0
13902 0.2552
13908 0
13909 0
13911 0.1036
13917 0.4826
13923 0.4184
13925 0.3648
13934 0
13935 0.004
13937 0.1174
13940 0.2189
13960 0.0423
13979 0.3037
13980 0
13982 0.0343
13991 0.3751
14006 0.0041
14011 0.3971
14020 0.135
14032 0.4977
14042 0
14044 0.2678
14045 0.0041
14049 0
14059 0.1011
14064 0
14070 0
14075 0.295
14115 0.0432
14117 0.1754
14122 0.2329
14127 0.0204
14130 0.0822
14131 0.1551
14140 0.0052
14143 0.3296
14153 0
14166 0.4673
14171 0.0899
14174 0.004
14176 0
14190 0.1276
14199 0.1534
14208 0.0997
14213 0.4389
14221 0
14234 0.3856
14236 0.4381
14247 0
14249 0.0331
14260 0.4755
14266 0
14268 0.1223
14269 0
14287 0.0502
14293 0.1483
14296 0
14298 0.1794
14300 0.1294
14305 0.0036
14311 0.3581
14327 0.1371
14329 0.2375
14341 0.0407
14342 0
14344 0.4201
14360 0
14364 0.0157
14365 0.0884
14371 0
14379 0.4552
14380 0.0398
14405 0.0118
14421 0
14426 0
14432 0.0598
14448 0.2702
14459 0.4488
14461 0.251
14466 0
14472 0.0407
14473 0
14474 0.0235
14475 0.0043
14478 0
14479 0
14491 0
14492 0.3348
14495 0.081
14502 0.3871
14505 0.4389
14506 0.2126
14510 0
14514 0.3013
14517 0.0042
14522 0
14526 0.1377
14532 0.2436
14536 0.0149
14537 0
14545 0
14546 0
14547 0
14550 0.0427
14554 0.4038
14555 0.0901
14559 0
14572 0.0431
14591 0
14592 0.1027
14593 0.0343
14594 0.006
14596 0.0485
14618 0.0655
14620 0.0854
14626 0
14634 0.0766
14635 0.24
14640 0.1817
14641 0.0542
14655 0.0886
14657 0
14659 0
14661 0.0635
14666 0.2629
14667 0
14696 0.0836
14698 0
14702 0.0079
14710 0
14714 0.0807
14719 0
14720 0.0197
14727 0.0348
14729 0
14730 0
14740 0.1393
14741 0.1406
14754 0.0672
14755 0.1101
14758 0.0291
14760 0
14762 0
14764 0.0689
14765 0.541
14783 0.0079
14803 0.4799
14804 0
14810 0.0497
14814 0.0075
14824 0.0971
14839 0.0113
14852 0.0194
14853 0
14864 0.4859
14869 0.0082
14889 0
14890 0.2712
14897 0.3277
14902 0
14906 0.108
14909 0
14912 0
14913 0.3259
14920 0.0226
14922 0.0861
14924 0.1104
14930 0.0041
14932 0.3336
14934 0.1131
14955 0.0525
14968 0.5427
14972 0.2373
14979 0.0707
14990 0.4824
14992 0.093
14997 0.0598
14999 0.0085
15002 0
15003 0.0673
15007 0.0113
15009 0
15010 0
15017 0.3719
15024 0
15034 0
15037 0.2272
15039 0.0483
15052 0
15053 0
15060 0
15061 0.108
15066 0
15069 0.0078
15086 0.0743
15098 0.3855
15104 0
15109 0
15112 0
15113 0
15114 0.3554
15122 0.1749
15139 0
15140 0.0036
15145 0.038
15150 0
15165 0.0161
15168 0
15171 0
15185 0.198
15207 0
15212 0
15217 0.0043
15218 0
15229 0.1991
15232 0.0491
15234 0.4957
15235 0
15239 0.004
15240 0.4419
15242 0.0403
15248 0
15251 0
15256 0.2151
15267 0.2741
15269 0.0122
15274 0.4968
15279 0.0507
15290 0
15293 0.4607
15298 0
15300 0
15306 0
15308 0.0432
15311 0.0041
15313 0.0039
15316 0.4595
15323 0
15326 0.2616
15327 0
15332 0.0573
15351 0.3082
15354 0.0829
15373 0.015
15378 0.3079
15382 0.0416
15386 0.1395
15393 0
15398 0.2563
15401 0.1409
15407 0.4989
15411 0.2197
15419 0.0467
15427 0.1803
15432 0.0978
15442 0.004
15443 0.1928
15456 0
15459 0.3355
15462 0
15471 0
15473 0.0117
15474 0.2619
15488 0
15494 0.2107
15507 0.0485
15508 0.0362
15526 0
15527 0.0941
15528 0.5426
15531 0
15536 0
15543 0.145
15546 0.3898
15548 0
15557 0.4801
15560 0
15567 0
15568 0.3433
15571 0.0746
15573 0.2191
15586 0.2437
15588 0
15595 0.4566
15598 0
15604 0.0211
15607 0
15610 0.2845
15614 0.0684
15615 0.26
15623 0
15639 0
15645 0.0041
15646 0.0254
15650 0.2674
15652 0
15667 0.2059
15675 0.004
15677 0.058
15680 0.0539
15701 0
15708 0.3268
15713 0
15714 0.0187
15735 0.0752
15748 0
15749 0.1566
15752 0.0079
15754 0.1454
15756 0.0041
15763 0.3925
15774 0
15780 0.0733
15788 0
15791 0.0079
15794 0.004
15796 0.0761
15805 0.3553
15806 0.0895
15808 0.2815
15828 0.4377
15829 0
15841 0
15850 0
15855 0
15869 0.1375
15872 0.4184
15881 0.053
15887 0
15903 0.3666
15907 0.3366
15910 0
15925 0
15927 0
15934 0.0699
15948 0
15954 0.0041
15955 0.1424
15958 0
15965 0
15968 0.0448
15973 0
15991 0
15997 0
16005 0.0421
16009 0.2662
16011 0.0631
16032 0.4409
16033 0.0279
16035 0.0895
16036 0.133
16037 0
16039 0.0794
16040 0.0342
16046 0.4593
16053 0
16057 0.4341
16059 0
16062 0.076
16063 0.1018
16087 0
16089 0.1203
16098 0.4911
16121 0
16127 0.0573
16134 0.0393
16135 0.115
16141 0
16145 0.07
16151 0
16153 0.0041
16157 0.2562
16164 0
16165 0.0829
16166 0
16168 0
16173 0.1424
16175 0.0945
16178 0.1081
16179 0
16180 0.004
16186 0.2584
16187 0.138
16190 0.0042
16205 0.0083
16208 0.0323
16209 0
16211 0
16215 0
16218 0.0538
16227 0.0656
16231 0
16233 0.3648
16238 0.0208
16245 0.0347
16257 0.4862
16261 0.1333
16264 0
16270 0.4277
16277 0
16280 0
16291 0
16292 0
16313 0.1628
16325 0
16332 0.0036
16343 0.0195
16352 0.4157
16354 0
16360 0.4653
16369 0.2744
16370 0.0167
16375 0
16384 0.07
16393 0
16396 0.0448
16410 0.2025
16418 0.054
16422 0.0235
16425 0.0036
16429 0.4728
16441 0.1989
16456 0.0297
16457 0.4484
16458 0.0309
16474 0.0223
16480 0.1328
16482 0.0111
16492 0.0319
16504 0.0873
16517 0.0079
16520 0.0087
16522 0
16535 0.0864
16549 0.0625
16560 0.0318
16563 0
16564 0.2167
16571 0.3641
16573 0.0344
16577 0.0578
16580 0
16585 0.4616
16599 0.0155
16612 0.004
16613 0.1372
16615 0.0541
16616 0
16620 0.1185
16621 0.0788
16637 0
16650 0.4684
16654 0
16667 0.0828
16683 0.4596
16690 0.0633
16695 0
16697 0.0273
16698 0.1329
16706 0.3246
16718 0.1398
16742 0.0084
16745 0.0046
16748 0
16752 0.3084
16766 0.197
16787 0.0587
16789 0.0371
16790 0
16791 0.1991
16800 0
16803 0
16806 0
16812 0
16814 0
16820 0.5007
16833 0
16834 0.4168
16839 0
16846 0.0839
16858 0.1232
16861 0
16865 0.0749
16872 0
16874 0.0391
16880 0
16881 0.0334
16891 0.0527
16897 0
16898 0.2206
16902 0.0074
16904 0.0083
16908 0.3794
16911 0.0355
16931 0.1351
16933 0
16934 0.0391
16942 0
16944 0.2245
16947 0.257
16955 0
16963 0.2269
16965 0.5078
16966 0.0074
16967 0.095
16968 0.0564
16982 0.0455
16989 0
17001 0
17002 0.058
17004 0.1276
17016 0.0201
17021 0.42
17036 0
17038 0.0448
17040 0.0676
17046 0.1402
17066 0.004
17070 0.443
17073 0.1092
17074 0
17084 0
17087 0.0079
17097 0
17102 0
17104 0.1111
17106 0.1224
17116 0.1052
17118 0
17121 0.1824
17128 0.4474
17131 0.5039
17132 0.3464
17134 0.1652
17141 0
17149 0.0128
17165 0.2841
17168 0.1643
17181 0.3102
17182 0.0304
17183 0.2524
17185 0
17190 0.0402
17192 0.2149
17216 0
17217 0.089
17230 0
17237 0.077
17245 0.0569
17252 0
17254 0
17255 0
17256 0
17258 0.0611
17267 0.0752
17281 0.0198
17282 0
17298 0.332
17311 0
17312 0
17318 0
17320 0.052
17322 0.2277
17325 0.1106
17328 0
17329 0.2149
17330 0
17332 0.3471
17335 0.4386
17342 0.0035
17343 0.0589
17347 0.1212
17350 0
17351 0
17355 0.0581
17357 0.471
17363 0
17368 0.3392
17382 0.0557
17384 0.1987
17391 0.1565
17392 0
17399 0.0845
17406 0.2276
17417 0
17428 0
17436 0.0045
17440 0.3933
17442 0
17446 0.1783
17454 0.175
17461 0
17462 0
17475 0.0911
17480 0
17490 0.4296
17497 0.004
17512 0.4236
17522 0.0877
17523 0.1147
17529 0
17533 0
17549 0.0994
17552 0.0081
17561 0
17578 0
17580 0.0622
17582 0.4824
17586 0.4805
17588 0.1267
17592 0.1518
17597 0.2624
17600 0
17606 0.0372
17615 0.1803
17619 0
17624 0.0703
17625 0.0161
17629 0.1582
17631 0.0866
17635 0.0039
17643 0.2614
17644 0.1045
17654 0.0499
17660 0
17666 0
17670 0
17677 0
17683 0.0265
17687 0.0232
17702 0
17708 0.2457
17709 0.0664
17718 0
17726 0.4421
17737 0
17738 0
17739 0.2106
17750 0
17760 0.4996
17779 0
17782 0
17816 0
17825 0
17826 0.112
17835 0.0151
17837 0.0046
17856 0.1228
17860 0
17867 0.0079
17870 0.0913
17875 0.0329
17879 0.2468
17885 0
17890 0.312
17892 0
17898 0.3171
17899 0
17901 0.1599
17909 0.5275
17912 0.0085
17917 0.0666
17919 0
17923 0.0539
17933 0.115
17934 0.1054
17941 0.3796
17944 0.1421
17947 0
17951 0.0699
17959 0
17968 0
17971 0
17973 0.1404
17977 0
17978 0.0397
17985 0
17990 0.4413
17993 0.3677
17999 0.1815
18002 0
18012 0.3977
18015 0
18028 0.1121
18043 0.1435
18047 0
18049 0.1412
18050 0
18063 0
18065 0.4593
18070 0.1235
18073 0.1056
18075 0.0042
18089 0
18094 0.4169
18099 0.004
18108 0
18111 0.2509
18120 0.0346
18133 0.0082
18142 0.4128
18149 0
18159 0
18166 0.0041
18186 0.2691
18188 0.3478
18191 0.3095
18193 0.384
18196 0.3278
18222 0
18236 0.1261
18243 0.4589
18248 0
18249 0.019
18250 0.5576
18253 0
18273 0
18276 0.3002
18297 0.0474
18306 0
18308 0
18309 0
18312 0.004
18313 0.2234
18315 0.1227
18318 0
18319 0.0122
18322 0.4082
18328 0.0193
18330 0.0445
18331 0.0908
18337 0
18355 0.0322
18366 0.3784
18398 0.4915
18401 0.0137
18404 0.0644
18415 0.458
18434 0.4717
18438 0
18467 0.0707
18471 0.2001
18476 0.0367
18478 0.4165
18480 0.043
18482 0
18502 0.0915
18508 0.3532
18512 0
18514 0.4316
18517 0.004
18523 0
18524 0
18528 0.5071
18534 0
18535 0.004
18553 0.1718
18558 0.2333
18566 0
18571 0.2457
18577 0.0382
18579 0
18581 0.5025
18583 0.0478
18586 0.4184
18590 0.0449
18591 0.0898
18594 0.2429
18599 0
18615 0
18619 0
18621 0.0422
18628 0.2707
18629 0.0944
18633 0.1106
18637 0
18641 0
18648 0.0496
18651 0.2356
18659 0
18662 0.0041
18678 0.2692
18686 0
18687 0.2085
18694 0.0809
18698 0
18702 0.0079
18703 0
18704 0.4586
18715 0
18726 0
18733 0.0268
18741 0.0042
18743 0.357
18754 0.0475
18757 0.0151
18760 0.0112
18762 0.0535
18770 0
18780 0.461
18782 0.1591
18792 0.4234
18793 0
18796 0.0959
18804 0.0569
18808 0.5153
18821 0
18822 0.0828
18830 0.0966
18835 0.4633
18840 0
18841 0.004
18858 0
18879 0.0639
18881 0.0231
18887 0
18889 0
18900 0
18906 0.1722
18915 0.1259
18923 0
18925 0
18934 0
18938 0.0035
18947 0.1131
18975 0
18979 0
18990 0.4236
18994 0.045
19011 0
19014 0
19020 0
19021 0.0455
19022 0
19023 0
19031 0.0502
19035 0.2676
19037 0
19039 0
19045 0.0042
19046 0.507
19050 0.0964
19061 0.0037
19066 0.004
19069 0.4127
19070 0.0504
19076 0.0123
19081 0.4195
19083 0
19088 0
19094 0
19098 0.0841
19107 0.3447
19118 0.0081
19126 0.4839
19138 0
19141 0.2343
19146 0
19158 0.3542
19165 0.065
19170 0.0199
19174 0
19181 0.004
19183 0.0046
19193 0.3789
19194 0
19199 0
19201 0
19219 0.1996
19222 0.4697
19228 0
19231 0.004
19232 0.0367
19235 0.1928
19241 0.3303
19255 0.1041
19263 0
19269 0
19275 0.0078
19286 0.0576
19294 0.0658
19304 0.4128
19310 0
19324 0
19329 0
19340 0
19342 0
19351 0
19360 0.0039
19371 0
19372 0.004
19384 0
19391 0.2033
19393 0.4701
19408 0.1528
19425 0
19437 0
19438 0.1648
19441 0.2022
19450 0.0753
19458 0
19466 0.2796
19475 0
19478 0.0738
19502 0.3432
19509 0.0959
19513 0
19520 0.196
19522 0.0506
19526 0
19528 0
19537 0
19541 0
19543 0
19551 0
19554 0.0285
19559 0
19564 0.0238
19587 0
19592 0.5826
19598 0.2503
19608 0
19616 0
19626 0.4869
19630 0
19632 0.0042
19633 0.0526
19641 0
19650 0.1836
19651 0.4944
19660 0
19666 0
19679 0.4284
19682 0
19683 0.3726
19685 0.093
19689 0.0543
19712 0.0517
19716 0
19718 0.0538
19720 0.3692
19725 0.0035
19729 0
19731 0
19735 0
19739 0
19740 0.0353
19742 0.0616
19750 0.3741
19752 0.1526
19756 0.0289
19758 0.0041
19761 0.4604
19765 0.135
19768 0.3963
19772 0.0126
19784 0.3591
19785 0
19821 0
19829 0.1037
19830 0.148
19853 0
19854 0.4843
19856 0.0314
19864 0.3386
19867 0.0897
19879 0
19881 0.0973
19884 0
19885 0.3306
19890 0.1203
19899 0
19900 0
19904 0
19910 0
19918 0.5104
19923 0.4139
19928 0.3821
19937 0.5475
19940 0
19943 0.0039
19956 0
19964 0.0964
19965 0
19971 0.2632
19975 0.2156
19990 0
19994 0.0039
19995 0.1123
19996 0
20017 0.004
20021 0
20023 0.0945
20028 0.069
20036 0.0074
20042 0.0076
20056 0.0303
20057 0
20061 0
20068 0.004
20070 0.3792
20078 0.114
20081 0
20082 0
20083 0.3786
20085 0.1945
20091 0.0177
20101 0.4942
20117 0
20125 0.2349
20128 0.1166
20130 0.063
20140 0.0191
20144 0.0043
20148 0
20154 0.004
20158 0
20163 0
20186 0
20195 0.396
20197 0.0762
20198 0.004
20215 0
20222 0.1844
20230 0.4629
20232 0.463
20239 0
20242 0.406
20245 0.445
20248 0
20249 0
20255 0.304
20257 0.0039
20259 0
20263 0
20265 0
20270 0.1385
20284 0.0352
20285 0.0579
20295 0.435
20312 0.0497
20321 0.2199
20336 0.0414
20337 0
20343 0.0503
20351 0
20354 0.0386
20364 0.0509
20372 0
20373 0.1184
20374 0.0221
20381 0
20382 0.4698
20384 0
20385 0.0497
20395 0.325
20399 0.4363
20400 0
20402 0
20413 0
20419 0.0512
20424 0.0043
20425 0
20437 0.1945
20444 0
20446 0.0652
20449 0.0075
20452 0.004
20462 0.0037
20465 0
20466 0.0677
20472 0.5172
20473 0.0041
20486 0.0036
20490 0
20500 0.1917
20501 0.0933
20517 0.2001
20522 0.0035
20525 0
20526 0.4501
20530 0.0461
20532 0
20543 0
20544 0.0487
20546 0
20551 0
20552 0
20559 0
20561 0.0606
20568 0
20570 0
20572 0
20573 0.1005
20574 0.4096
20578 0.1183
20586 0.0512
20588 0.15
20593 0
20604 0.0618
20609 0.0043
20612 0
20624 0.004
20625 0.0933
20649 0
20664 0
20666 0.0071
20670 0
20672 0.1629
20681 0.0615
20688 0.2121
20689 0
20691 0.3424
20699 0.124
20705 0.2442
20706 0.0328
20714 0
20715 0
20719 0.0675
20726 0
20732 0.5049
20735 0
20742 0
20744 0.0404
20748 0.0197
20753 0.2609
20756 0
20760 0
20770 0.1091
20781 0.0316
20791 0.0351
20794 0
20795 0
20796 0
20798 0
20810 0.3784
20835 0.443
20837 0
20859 0.0042
20867 0
20885 0.0527
20890 0
20895 0.1721
20898 0
20908 0.4705
20920 0
20923 0.2301
20926 0.0277
20928 0.0519
20929 0.0039
20937 0.0771
20945 0
20964 0
20990 0.1928
20997 0.0081
21003 0.151
21007 0.133
21016 0.0323
21028 0.2065
21046 0.0577
21060 0
21061 0
21070 0
21071 0
21073 0
21078 0.314
21084 0
21089 0
21092 0.0611
21097 0.101
21100 0
21106 0
21107 0.0035
21118 0.004
21119 0.09
21120 0
21148 0.1655
21152 0.1472
21174 0
21185 0.1165
21202 0.0729
21204 0
21239 0.101
21244 0.1505
21256 0.2171
21277 0.4226
21289 0.0046
21290 0.0151
21296 0.363
21302 0
21313 0.0086
21317 0
21327 0.1989
21335 0.4446
21336 0
21339 0
21360 0.4379
21376 0
21377 0.2135
21383 0.1329
21402 0.0813
21403 0.4886
21411 0
21419 0.0051
21433 0.0647
21453 0.4337
21454 0.3124
21470 0
21482 0.4165
21488 0.0529
21492 0.0858
21509 0
21518 0
21531 0.1114
21537 0.3398
21539 0.0076
21540 0
21546 0
21554 0.0562
21558 0
21559 0
21572 0.2257
21573 0.0539
21583 0.3406
21590 0.0541
21596 0.5256
21600 0.0042
21611 0.0553
21613 0.4177
21614 0
21624 0.1005
21625 0.0237
21633 0.2785
21647 0
21649 0.2476
21653 0.2752
21666 0.004
21671 0.4661
21681 0.0485
21683 0.2098
21686 0.0229
21699 0
21704 0.0457
21720 0.0039
21721 0.0555
21723 0.0881
21726 0.256
21732 0.0614
21738 0
21748 0
21762 0
21772 0.2508
21779 0.1123
21785 0.1001
21786 0.1037
21788 0
21789 0.0039
21798 0.275
21800 0.0483
21801 0.0501
21802 0.4477
21807 0.0117
21821 0.126
21826 0
21827 0.046
21829 0.2825
21833 0
21844 0.265
21851 0.004
21863 0.4069
21866 0
21870 0
21874 0.0392
21884 0.0655
21896 0.0465
21905 0.1739
21907 0
21920 0.4112
21921 0
21924 0
21934 0
21961 0
21971 0
21989 0.2243
21996 0
21999 0.0075
22001 0.004
22011 0.2127
22014 0.0444
22020 0.4025
22022 0.1705
22034 0.0504
22035 0.0412
22061 0
22068 0
22084 0
22085 0
22087 0.0496
22092 0.2345
22104 0.0085
22126 0.1206
22129 0.0232
22131 0.2089
22145 0.2019
22166 0.2791
22206 0.0238
22240 0.0671
22242 0
22246 0.1662
22261 0.2797
22270 0.0727
22276 0.2031
22282 0.1393
22284 0.4135
22286 0.0039
22295 0.1132
22303 0.0488
22304 0
22306 0.0618
22323 0
22324 0.3035
22328 0
22330 0
22331 0.1735
22332 0
22336 0.0042
22340 0
22348 0
22349 0
22355 0
22364 0.0271
22373 0.0867
22376 0
22386 0
22392 0.0394
22396 0.0627
22406 0.0607
22407 0
22408 0
22409 0.0338
22410 0.1315
22423 0
22430 0.0042
22431 0
22434 0.173
22436 0
22437 0
22445 0
22449 0
22476 0
22488 0.4948
22508 0
22526 0.1436
22530 0.3285
22539 0.0429
22541 0.0081
22563 0.0114
22595 0.4408
22596 0
22597 0
22615 0
22621 0
22626 0.1541
22637 0.3638
22640 0.0348
22648 0.1883
22653 0.0505
22655 0
22657 0
22677 0.1292
22679 0
22687 0.2165
22688 0.2741
22689 0
22690 0
22694 0
22698 0.016
22699 0.1142
22705 0
22707 0.1629
22710 0
22719 0.1207
22728 0.1669
22729 0.0232
22737 0
22739 0
22753 0.0601
22761 0.2563
22771 0.0227
22783 0
22788 0.1658
22789 0
22790 0
22791 0.3376
22794 0.2805
22800 0.0076
22806 0.004
22813 0.3265
22824 0.0041
22830 0
22839 0.0334
22842 0
22851 0.0281
22858 0
22862 0.1119
22863 0
22868 0.0821
22873 0.1197
22889 0.0081
22892 0.2511
22895 0.055
22898 0.0123
22899 0.0043
22900 0
22905 0
22908 0.1832
22913 0.0044
22918 0.3433
22921 0.5087
22922 0.0862
22923 0.004
22930 0.023
22931 0.0044
22937 0.312
22941 0.3601
22947 0
22950 0.4471
22954 0.0727
22955 0
22961 0
22978 0.2772
22983 0.118
22984 0.0971
22989 0.0624
22992 0
22999 0
23000 0.0048
23001 0.0188
23009 0
23014 0.0471
23018 0
23026 0.4455
23029 0.0582
23055 0
23057 0.0573
23060 0
23066 0.3214
23076 0.0912
23079 0.1307
23082 0.4307
23093 0
23094 0.0433
23095 0
23099 0
23100 0.2172
23111 0.19
23112 0.175
23115 0.0288
23124 0.2041
23136 0
23143 0
23146 0.474
23148 0
23150 0.2903
23152 0
23156 0
23159 0.3483
23168 0
23178 0.3071
23180 0.4668
23182 0.069
23189 0.0571
23190 0.1784
23191 0
23193 0.1113
23201 0.0716
23203 0.061
23211 0.538
23214 0.4842
23215 0.1768
23232 0.0375
23233 0.4034
23248 0
23252 0.0075
23258 0.1173
23271 0.0079
23272 0.2144
23278 0.1392
23279 0
23293 0
23308 0.0782
23313 0
23321 0
23331 0.3729
23333 0
23334 0
23336 0.0217
23345 0.0845
23346 0.1541
23351 0.019
23354 0
23361 0.0542
23364 0.1353
23368 0.0907
23371 0
23374 0
23389 0.0532
23395 0.0041
23402 0.1855
23412 0.1811
23413 0.326
23416 0.286
23421 0
23422 0.0857
23426 0
23427 0
23429 0
23432 0.1182
23441 0.0492
23445 0
23448 0.0078
23449 0.0228
23451 0
23457 0
23467 0
23475 0.008
23482 0
23486 0
23487 0
23493 0.0271
23494 0.3325
23500 0.0353
23502 0.0524
23503 0.0035
23508 0
23511 0.0844
23520 0
23528 0
23529 0
23534 0.064
23544 0.0181
23549 0
23550 0
23556 0
23562 0.1988
23563 0.3996
23564 0.0574
23575 0.036
23580 0.0272
23584 0
23587 0
23590 0.0646
23592 0
23593 0.1091
23595 0.0779
23608 0.3694
23613 0.0752
23615 0
23617 0
23618 0
23624 0.1235
23626 0
23627 0.0855
23633 0.1001
23643 0
23645 0.4198
23649 0.3439
23650 0.004
23685 0.0389
23694 0.2014
23705 0.3185
23706 0.1887
23709 0.0658
23717 0.0836
23721 0
23723 0
23724 0.0285
23727 0.1586
23728 0
23732 0.1726
23740 0
23747 0.0568
23748 0
23753 0
23758 0.3864
23765 0
23776 0.0076
23785 0
23788 0.0757
23792 0.1226
23795 0
23817 0
23824 0.0538
23827 0.0192
23836 0.0041
23838 0.4712
23840 0
23845 0.0285
23847 0.097
23848 0.0769
23858 0.1578
23863 0.5172
23870 0.0386
23879 0
23883 0.2049
23884 0.342
23886 0.044
23891 0
23903 0
23908 0
23914 0.3697
23915 0.2444
23917 0
23920 0.4382
23922 0
23924 0.1902
23927 0
23929 0.1215
23935 0.0419
23940 0.1636
23944 0.1337
23947 0
23950 0.0307
23964 0.0861
23974 0.0496
23977 0.0455
23980 0.0563
23986 0.078
23990 0
23991 0
23992 0.4691
23999 0
24003 0
24005 0.0038
24009 0.3035
24025 0.0883
24028 0.0654
24029 0.155
24031 0.0429
24036 0.0538
24062 0.0158
24071 0
24077 0.0043
24080 0
24082 0
24083 0.0385
24089 0.3896
24090 0.1364
24098 0.004
24101 0.2101
24115 0.0153
24117 0
24124 0.1514
24135 0.0041
24136 0.0942
24147 0
24148 0
24153 0
24158 0.13
24167 0.135
24168 0
24178 0
24194 0.4751
24196 0.0043
24219 0.3888
24222 0.392
24226 0
24232 0
24253 0.0272
24265 0.3244
24267 0
24270 0
24274 0
24277 0
24279 0.3296
24284 0.1428
24287 0.0078
24288 0
24292 0.0928
24307 0.4592
24309 0.004
24334 0.0778
24342 0.4868
24348 0.1753
24370 0
24371 0
24372 0.2524
24384 0
24389 0.0731
24400 0
24402 0
24407 0.1985
24409 0.0927
24414 0.0897
24415 0.0943
24421 0.0496
24433 0.0041
24436 0.2552
24440 0
24444 0.0625
24451 0.0039
24454 0.0658
24464 0.0749
24467 0.2205
24470 0.1068
24471 0.1529
24478 0.0704
24483 0
24484 0
24485 0.3836
24504 0.0503
24510 0
24517 0.0738
24528 0.2521
24543 0
24544 0.0227
24554 0.0566
24586 0
24591 0.1611
24597 0
24600 0.0393
24606 0.0628
24634 0.058
24642 0.0735
24643 0.0613
24646 0
24659 0.1508
24663 0
24664 0.4377
24665 0.5124
24671 0.0322
24673 0.1852
24680 0.2158
24683 0.4479
24684 0.0923
24691 0.0518
24698 0
24734 0.0618
24740 0.1648
24742 0
24751 0.0162
24759 0
24772 0.315
24774 0.37
24779 0.0039
24790 0.1521
24796 0.0725
24801 0.0045
24808 0.1157
24824 0.3032
24825 0.185
24833 0.0459
24840 0.0348
24841 0.1057
24858 0.1344
24866 0.0036
24867 0
24868 0.2313
24874 0.1346
24876 0.0896
24886 0
24891 0
24895 0.0191
24910 0.1963
24920 0
24921 0.0398
24928 0.1267
24934 0.1556
24935 0
24936 0
24940 0.3162
24941 0
24954 0.0996
24955 0.296
24957 0.2014
24966 0.1405
24976 0.0193
24979 0
24980 0.0526
24985 0
24986 0
24987 0
24989 0.0685
24990 0.0714
24993 0.4166
24994 0.4732
24999 0.0112
25009 0.0118
25016 0
25025 0.0287
25028 0
25032 0
25035 0
25037 0.0182
25046 0.2011
25048 0.0775
25052 0.0048
25059 0
25060 0.0461
25063 0
25065 0
25087 0.4238
25090 0
25091 0.125
25095 0.0579
25102 0
25103 0.3782
25114 0.0039
25129 0.481
25130 0.5193
25135 0.01
25139 0.3774
25143 0
25151 0
25161 0.0659
25162 0
25164 0.0362
25170 0.2712
25187 0.306
25199 0.1898
25204 0
25205 0
25208 0.031
25214 0
25225 0
25240 0
25241 0.3131
25244 0.1118
25250 0.3068
25252 0
25269 0
25271 0
25273 0.4404
25277 0
25284 0
25286 0.047
25289 0.1971
25293 0.3117
25296 0.4944
25297 0
25306 0.0391
25322 0
25323 0.4223
25334 0.0036
25357 0
25365 0.1581
25366 0.0604
25368 0
25372 0
25378 0.0612
25396 0.0497
25411 0.036
25416 0.0203
25444 0.0277
25446 0
25450 0.0587
25478 0.0307
25479 0.0196
25483 0.0212
25511 0.0039
25516 0
25526 0.1663
25538 0
25554 0
25555 0.4559
25561 0
25567 0.0778
25588 0
25593 0
25620 0
25622 0.0076
25624 0
25630 0
25631 0.109
25638 0
25641 0.3989
25649 0
25650 0.077
