Locus Ho
3 0.0265
5 0.4505
6 0.0478
11 0.0735
16 0.058
19 0.005
20 0
24 0.0438
39 0.1467
53 0.1184
54 0.0974
63 0.0531
67 0
75 0
86 0
88 0.02
91 0
92 0.4143
93 0.4294
98 0.0356
101 0.1427
109 0.3275
111 0.0777
117 0.005
121 0
126 0.1214
139 0
142 0.0196
148 0.079
160 0.0358
164 0.2752
166 0.055
167 0.1043
169 0.005
174 0.0808
183 0.0171
187 0.0355
189 0.1447
192 0
198 0.1725
200 0.2106
206 0.378
212 0
220 0.0347
221 0.0781
227 0.1151
228 0.0261
232 0
236 0.3434
240 0.434
244 0.0891
245 0
246 0.0381
248 0
253 0.0151
256 0.316
263 0.0228
265 0
287 0.4843
297 0.1464
298 0
308 0
315 0.3876
331 0.1522
348 0.1113
364 0.3187
367 0.3512
368 0
373 0.4449
376 0.0462
377 0.0713
379 0.0115
380 0
381 0.425
388 0.1215
391 0.184
392 0.0917
404 0.0698
410 0.006
411 0
415 0.3644
419 0.5162
420 0
422 0
425 0.5118
440 0.4429
445 0
463 0.1412
472 0
481 0
490 0.2822
494 0
512 0.0113
514 0.0634
522 0.4911
525 0.0259
528 0
534 0.4227
535 0
541 0.4491
545 0.2236
548 0
554 0
557 0
561 0.1588
571 0.1384
579 0.1405
589 0.1476
592 0
594 0.1456
597 0
605 0
612 0.1977
613 0.0196
616 0.5075
617 0.1172
618 0.0457
630 0.0259
644 0.1361
647 0.0233
660 0
663 0
669 0
671 0.0735
673 0
691 0
694 0.066
695 0.1619
700 0.1658
705 0.1849
707 0
708 0
716 0.2454
719 0.1332
721 0.4708
730 0.0373
733 0
734 0.03
735 0
739 0.0063
746 0
752 0.2299
756 0.0634
765 0.3954
766 0
768 0.1063
769 0.2193
772 0.0889
780 0.0844
786 0
792 0.129
803 0.0132
805 0.2253
813 0.1862
815 0.502
820 0.3372
825 0.0407
829 0
832 0.2156
844 0.006
860 0.1171
862 0
885 0.0199
888 0.3907
899 0.1777
901 0
917 0
925 0.283
926 0
927 0.4412
940 0
941 0.3129
943 0.0612
951 0.2537
952 0.0672
954 0
960 0.006
962 0.0523
964 0.0248
966 0.0335
974 0.0788
982 0.0164
986 0
992 0
1000 0
1002 0.1883
1007 0
1017 0
1020 0.197
1027 0.0489
1031 0.2729
1036 0.2891
1037 0.0125
1047 0.2239
1048 0.0769
1052 0
1053 0.0259
1054 0.3441
1059 0.3082
1066 0.0519
1073 0.23
1078 0.0972
1082 0
1085 0
1089 0
1091 0.0938
1092 0.0114
1094 0.0273
1098 0.3511
1104 0
1122 0.3268
1126 0
1138 0.1122
1157 0.1504
1159 0.0159
1160 0.0435
1162 0.0484
1167 0
1176 0.436
1190 0.3616
1193 0.4074
1197 0
1201 0
1205 0
1206 0
1218 0.0683
1228 0.2948
1229 0.1509
1253 0.0175
1254 0.1678
1258 0.005
1262 0
1266 0.1147
1275 0.0298
1285 0.2525
1287 0.0223
1294 0.1835
1306 0.4452
1311 0.015
1323 0.3051
1339 0.1651
1345 0
1349 0.0899
1354 0
1372 0
1392 0.0119
1393 0.4712
1407 0
1420 0
1441 0.3185
1451 0.0045
1452 0.006
1454 0.0787
1463 0.0328
1469 0.0348
1473 0.2549
1474 0.0417
1478 0
1482 0
1490 0.1379
1499 0.0638
1503 0.061
1504 0
1519 0.0445
1547 0.4488
1555 0.2675
1560 0.0603
1565 0
1567 0.2379
1568 0.0063
1571 0.1817
1572 0.003
1581 0
1582 0.0708
1589 0.0412
1590 0.0996
1592 0
1596 0.0506
1602 0.073
1617 0.2174
1629 0.3584
1635 0
1638 0.0832
1655 0.5035
1660 0.0588
1689 0.0142
1693 0.3081
1698 0
1711 0.0317
1712 0.0241
1713 0.1966
1722 0.0594
1729 0.0385
1730 0.0473
1734 0.0729
1737 0.1436
1738 0.2587
1739 0.0149
1748 0
1756 0
1770 0.0824
1773 0.0792
1794 0.3916
1817 0.0255
1821 0.3965
1833 0
1844 0
1845 0.0362
1848 0
1855 0.0556
1858 0
1859 0
1872 0.2507
1881 0.004
1889 0.0852
1906 0.0214
1907 0.3217
1911 0.3828
1926 0
1933 0.0563
1936 0.0762
1939 0.0268
1957 0.1296
1961 0.1299
1962 0.0114
1963 0.0845
1968 0.0762
1969 0
1970 0.0219
1975 0.2215
1978 0.0548
1983 0.3101
1995 0.285
2029 0.4357
2033 0.0203
2038 0
2046 0.3601
2057 0
2058 0
2069 0.4912
2071 0.0631
2075 0.3336
2082 0.0114
2087 0
2100 0.0292
2110 0.1837
2118 0.3772
2127 0
2135 0.1662
2148 0.0838
2149 0.006
2151 0
2153 0.2224
2154 0.0726
2160 0.1745
2175 0.0995
2176 0.0955
2196 0.214
2204 0.3742
2206 0
2225 0.0487
2227 0.3669
2230 0
2234 0.0093
2251 0
2258 0.2247
2261 0.1358
2274 0
2279 0.1292
2309 0.0802
2319 0.4865
2327 0.0221
2329 0.0173
2331 0.0511
2332 0.0476
2334 0.016
2335 0.1367
2346 0
2349 0
2353 0
2362 0
2366 0.0303
2368 0.005
2370 0.3621
2371 0.1781
2382 0.0742
2390 0.2989
2399 0
2400 0
2408 0
2417 0.2428
2425 0.0277
2429 0.005
2446 0.1693
2454 0
2455 0.083
2456 0
2468 0.2729
2491 0.0112
2497 0
2498 0.4133
2506 0.4704
2520 0.2459
2522 0.431
2539 0.2598
2550 0
2554 0.006
2558 0.0054
2564 0
2587 0.1052
2601 0.1581
2603 0.0951
2604 0.2796
2607 0
2621 0.036
2623 0.0349
2646 0.0575
2647 0.4892
2648 0.0104
2672 0.1691
2677 0.005
2682 0
2690 0
2694 0.1424
2705 0.0553
2706 0
2709 0.006
2718 0.0433
2733 0.2002
2735 0.0949
2742 0
2751 0
2752 0.2723
2762 0.226
2769 0
2780 0.1328
2786 0
2792 0.0595
2794 0
2810 0
2813 0.1388
2820 0.0437
2824 0.1323
2826 0.1269
2830 0.2298
2843 0
2844 0.0836
2850 0.1189
2851 0.1
2861 0.0595
2866 0.1556
2874 0
2880 0.1608
2885 0
2895 0.0325
2917 0.1304
2922 0.4305
2934 0.145
2947 0
2950 0.0317
2966 0.2675
2967 0.3677
2973 0.1958
2974 0.2543
2977 0.4818
2985 0.0673
2990 0.0812
2995 0.1189
2997 0.4448
2998 0.041
3000 0.2191
3004 0
3015 0.2454
3016 0.022
3019 0.3492
3023 0.1888
3031 0.1
3039 0.0211
3043 0.014
3049 0
3057 0.2418
3061 0.221
3062 0.0045
3066 0.3783
3076 0.3656
3086 0.3437
3095 0.089
3096 0.2726
3102 0.1347
3111 0
3116 0.1918
3120 0.0873
3121 0.1157
3129 0.0114
3132 0
3138 0.0679
3155 0.1073
3161 0.3542
3172 0.0109
3175 0.0192
3176 0
3186 0.3691
3188 0
3193 0.2807
3195 0.2816
3196 0.1747
3197 0.2457
3207 0.1863
3223 0.0821
3226 0
3228 0.2055
3238 0.0945
3244 0.0269
3248 0.3661
3258 0.005
3261 0.1318
3266 0.0489
3280 0
3284 0
3297 0
3298 0.0778
3303 0.031
3304 0.3513
3307 0.0585
3308 0
3312 0.0267
3324 0
3328 0.0633
3331 0.1276
3338 0.4
3339 0.021
3341 0.0261
3342 0.5149
3343 0
3348 0.0948
3351 0.3774
3356 0
3362 0
3373 0.0439
3375 0
3378 0
3379 0.1143
3381 0
3396 0.0223
3405 0.2754
3406 0
3413 0.0392
3416 0.0113
3417 0.4142
3420 0.006
3428 0.005
3430 0
3434 0.3406
3437 0.3213
3458 0
3460 0.1302
3464 0
3473 0.0905
3480 0.4409
3484 0.1248
3488 0.0448
3499 0.4497
3501 0.1982
3505 0
3523 0.0331
3524 0.1545
3541 0.006
3547 0.1391
3553 0.0557
3554 0
3561 0.1846
3564 0.3173
3566 0
3577 0
3578 0
3585 0
3594 0.2267
3600 0
3601 0.0588
3606 0.4824
3622 0.3007
3623 0.1678
3630 0.3484
3636 0
3639 0.5072
3651 0.4029
3659 0.0764
3680 0.255
3683 0.0254
3692 0
3694 0.1357
3708 0.0914
3721 0
3728 0.1882
3734 0.0699
3750 0.2744
3753 0.035
3754 0
3756 0.5257
3761 0.0156
3776 0.1866
3780 0.5095
3791 0.0269
3794 0.0731
3797 0.0281
3798 0.2697
3799 0.0466
3814 0.3988
3822 0.4419
3825 0.0538
3827 0.4709
3828 0.0956
3832 0.1569
3833 0.443
3834 0.1759
3843 0.0595
3849 0.2275
3853 0.506
3855 0.003
3865 0.1653
3866 0
3867 0.1206
3875 0.01
3879 0.031
3885 0.0156
3886 0
3887 0.3989
3894 0
3900 0.3087
3902 0.4006
3917 0.0104
3929 0.0312
3931 0.3274
3932 0
3939 0.1969
3940 0.1799
3946 0
3948 0.3077
3952 0
3957 0.0114
3960 0
3962 0
3963 0
3972 0.5529
3973 0.1839
3991 0
4000 0
4002 0.0446
4003 0.016
4004 0.0266
4010 0.4765
4013 0.3989
4016 0
4025 0.1251
4031 0.0535
4032 0.3065
4033 0
4036 0.0721
4039 0
4040 0.26
4045 0.0166
4058 0.2308
4062 0.0381
4065 0
4066 0.0513
4070 0
4079 0.0879
4081 0.0786
4083 0.2954
4088 0.0715
4090 0.3983
4092 0.4572
4097 0.0383
4100 0.0929
4103 0.0312
4108 0.145
4126 0.027
4132 0.3961
4133 0.0506
4137 0
4140 0.014
4142 0
4145 0.139
4146 0
4148 0.361
4150 0.0122
4154 0.1084
4156 0
4159 0
4162 0
4171 0.0097
4172 0.0107
4174 0.006
4176 0.0882
4185 0.006
4187 0
4188 0.2867
4191 0.1217
4192 0.4999
4206 0.0257
4207 0.3425
4212 0.0982
4213 0.0751
4214 0.1874
4217 0
4226 0.3136
4227 0
4230 0.011
4235 0
4242 0.004
4244 0
4251 0.0338
4255 0
4257 0
4280 0
4285 0.0443
4301 0.1546
4317 0.3627
4330 0
4332 0.202
4336 0.0988
4344 0.2391
4352 0
4361 0
4365 0.0274
4368 0.0385
4371 0
4373 0.1109
4380 0
4381 0.321
4383 0
4392 0.062
4396 0.0052
4398 0.4226
4402 0.0118
4404 0
4411 0.4005
4412 0
4413 0
4426 0.1638
4440 0.1875
4442 0
4452 0
4453 0.006
4458 0.0164
4459 0.0547
4471 0
4472 0.1957
4473 0.0288
4484 0.0258
4489 0
4491 0.016
4492 0.1405
4494 0
4495 0.166
4499 0.0356
4507 0
4508 0.0136
4514 0.2211
4522 0.1712
4536 0.1109
4539 0.1007
4541 0.1603
4549 0.0908
4550 0.006
4556 0.234
4557 0.0268
4568 0.023
4570 0.2568
4572 0.0671
4575 0.2251
4578 0
4582 0.0169
4588 0.0831
4596 0.4019
4599 0
4609 0.2788
4613 0.0303
4615 0
4617 0.1157
4620 0.2845
4629 0
4637 0.016
4643 0.0785
4644 0.1713
4646 0.2089
4660 0.473
4661 0
4664 0
4671 0.1398
4689 0.1124
4696 0
4702 0.2554
4711 0
4715 0
4720 0.3859
4727 0.0234
4729 0.0828
4734 0
4739 0.2775
4740 0.0219
4744 0.0169
4747 0.0159
4754 0.1497
4759 0.0367
4760 0.0642
4761 0.0685
4766 0.0171
4775 0
4777 0.4045
4779 0
4782 0.225
4799 0.2988
4815 0.0472
4818 0
4824 0.0096
4832 0.0549
4834 0.0273
4836 0.5062
4837 0.129
4841 0.0453
4849 0.3663
4852 0
4856 0
4863 0.0905
4878 0.149
4885 0.168
4887 0.004
4891 0
4892 0.0762
4893 0.3797
4894 0.0769
4898 0.0535
4901 0
4905 0.0516
4909 0.0992
4911 0.2688
4939 0
4950 0
4956 0.0169
4958 0.44
4960 0.166
4989 0.1461
4998 0.1375
5001 0
5002 0.3672
5003 0
5011 0.4515
5016 0.1602
5023 0
5030 0.044
5031 0.2901
5035 0.376
5042 0.3373
5052 0.4466
5060 0.0174
5071 0.142
5077 0.478
5079 0.2696
5116 0.056
5118 0.0598
5124 0
5133 0.016
5137 0
5148 0.2559
5151 0.1277
5155 0.4258
5169 0
5171 0.4309
5174 0.1294
5176 0.1245
5189 0
5196 0.004
5198 0
5201 0.4656
5203 0
5206 0
5208 0.0081
5217 0
5227 0.0766
5232 0.1502
5264 0.0748
5273 0
5281 0.1898
5287 0.1501
5288 0.2758
5310 0.0398
5322 0
5333 0.315
5334 0
5336 0.0283
5337 0.0881
5367 0
5387 0
5396 0
5398 0.0739
5413 0.0705
5417 0.011
5423 0.0737
5427 0
5431 0.0661
5437 0
5441 0
5442 0
5450 0.0501
5451 0.0602
5452 0
5461 0
5464 0.1406
5465 0.0052
5469 0.0169
5475 0
5476 0
5481 0
5482 0.068
5491 0.1895
5501 0
5516 0.4593
5520 0
5524 0.4975
5534 0
5538 0.4295
5539 0.076
5541 0.3624
5560 0.0207
5562 0.3862
5569 0.0173
5570 0
5572 0.2615
5576 0.0994
5577 0.0536
5580 0.3688
5584 0.1894
5586 0
5590 0.0526
5594 0
5600 0.2354
5606 0
5610 0.0495
5614 0.3234
5617 0.1294
5622 0.4841
5623 0.0103
5624 0
5632 0
5633 0.0538
5636 0
5637 0.0498
5650 0.3338
5654 0.2249
5662 0.0448
5668 0.2122
5672 0
5673 0
5679 0.1296
5685 0.2838
5688 0.4627
5692 0
5697 0.3336
5699 0.1347
5707 0
5711 0.0475
5719 0
5722 0.1948
5730 0.4578
5738 0
5739 0.0217
5741 0
5744 0.1761
5746 0
5748 0.0894
5753 0.0229
5754 0.0032
5765 0.2496
5766 0.1588
5770 0.005
5775 0.1597
5776 0.4654
5781 0.43
5804 0.4333
5807 0.0335
5813 0.0048
5817 0
5819 0
5824 0.0198
5834 0
5836 0
5844 0
5845 0.4041
5851 0.3916
5853 0.1137
5859 0.015
5882 0.2904
5891 0
5892 0
5894 0.1229
5897 0
5902 0.0397
5923 0
5924 0.0263
5925 0.0092
5928 0.0435
5930 0
5935 0
5945 0
5946 0
5952 0
5962 0.3492
5966 0.005
5973 0.4394
5980 0.3979
5984 0.4649
5995 0.36
6026 0
6028 0.3989
6031 0.3749
6033 0.1139
6040 0
6051 0.0323
6065 0.0901
6069 0.0102
6071 0
6077 0.1169
6080 0.01
6085 0.0279
6094 0.3697
6099 0
6100 0
6112 0
6126 0
6144 0.3009
6147 0.181
6156 0.0119
6157 0
6158 0.02
6182 0.0922
6187 0.1139
6195 0.1732
6203 0
6218 0.4908
6220 0.0369
6225 0.2152
6229 0.0272
6230 0.4026
6244 0.4492
6248 0.358
6259 0
6260 0.1771
6270 0.1474
6274 0.0768
6275 0.0351
6279 0.311
6292 0
6298 0
6306 0.1046
6312 0.1307
6314 0.3619
6315 0.3166
6318 0.0112
6319 0.1393
6329 0.0052
6333 0.0032
6342 0.1468
6353 0.0304
6357 0.1954
6360 0.021
6368 0.3913
6377 0.4571
6384 0
6388 0.356
6390 0.1371
6393 0
6399 0
6403 0.4377
6408 0.0749
6409 0.0164
6410 0.2305
6417 0.2598
6426 0.0229
6429 0.228
6431 0.0805
6432 0
6441 0.4667
6443 0.5109
6454 0.0744
6458 0.1905
6462 0.4143
6467 0.2924
6484 0
6487 0
6492 0.3778
6498 0.4323
6500 0.2624
6519 0.1286
6520 0.2947
6522 0.1771
6525 0.0278
6526 0.0247
6533 0.0172
6534 0.118
6540 0
6550 0
6554 0.0119
6563 0.0611
6565 0.0711
6566 0
6567 0.0116
6576 0.0841
6583 0.0971
6593 0
6597 0.2152
6602 0
6604 0.0491
6606 0.2747
6608 0.016
6609 0.253
6617 0.4639
6631 0.1678
6635 0.1352
6637 0.0052
6638 0
6640 0
6652 0
6657 0.011
6658 0.0219
6660 0.4024
6672 0.005
6675 0
6677 0.0154
6683 0
6687 0.2441
6690 0
6693 0.1911
6697 0.2134
6701 0
6709 0.0297
6721 0
6724 0
6728 0
6729 0.0326
6735 0.0979
6757 0
6768 0.1776
6769 0
6771 0.094
6773 0.2705
6797 0.2848
6801 0
6802 0.2175
6803 0
6807 0.0271
6810 0
6816 0.0744
6823 0.078
6833 0
6835 0.0912
6845 0.5109
6846 0.0714
6860 0.0114
6870 0
6877 0
6878 0.3321
6882 0.2908
6883 0.1024
6886 0.1265
6887 0.1393
6890 0.3338
6894 0
6899 0
6910 0
6913 0.1032
6925 0
6926 0.3964
6938 0.0172
6944 0.0219
6947 0.149
6953 0
6956 0.0878
6960 0.0114
6962 0.1662
6969 0.0372
6970 0.0225
6971 0.0721
6983 0.4005
6988 0.015
6989 0.0846
6993 0.0371
6995 0.01
6996 0
7000 0.113
7023 0
7027 0.4695
7028 0.1663
7046 0.0782
7048 0
7055 0
7058 0.4443
7074 0.0327
7081 0.1113
7083 0
7086 0.0732
7089 0.5011
7092 0
7096 0
7104 0.0204
7106 0
7109 0.3458
7117 0.4464
7127 0.1053
7128 0.1525
7132 0
7134 0
7138 0
7139 0.086
7142 0.508
7144 0
7146 0
7151 0.2151
7161 0
7164 0.0512
7171 0.4237
7173 0.0415
7183 0.0045
7192 0
7193 0.1406
7203 0.0447
7205 0.4098
7206 0.4825
7209 0
7214 0.0682
7216 0.0111
7223 0
7227 0.1677
7230 0.0469
7241 0
7252 0
7271 0.5072
7275 0.1062
7283 0.0318
7286 0.203
7290 0.0659
7298 0.0608
7299 0
7301 0.0622
7313 0.0258
7314 0.3395
7315 0.1933
7322 0.1345
7326 0
7327 0.247
7328 0.3554
7332 0
7333 0.0452
7335 0
7341 0.0639
7345 0.0319
7366 0
7367 0.4483
7370 0.2038
7384 0
7390 0.3883
7391 0.011
7395 0.3361
7399 0
7412 0.4787
7421 0.1159
7431 0.0207
7433 0
7434 0
7450 0.5388
7453 0
7457 0
7458 0.3381
7465 0
7466 0
7479 0.3582
7485 0.4764
7489 0.072
7490 0
7494 0
7498 0
7501 0.4033
7505 0
7509 0.2689
7514 0.0114
7522 0.165
7526 0
7537 0.0334
7545 0.0665
7559 0.1272
7565 0.1507
7570 0.1481
7571 0.0235
7573 0.3109
7574 0.316
7583 0.1921
7598 0
7603 0
7604 0.207
7605 0
7610 0.0646
7620 0.2245
7627 0.2422
7637 0.0945
7643 0.4811
7647 0.1144
7666 0.0644
7674 0
7682 0
7688 0.2539
7690 0.006
7697 0
7698 0.171
7703 0.0664
7711 0.078
7713 0
7715 0.1106
7726 0.2978
7730 0.0254
7731 0.0598
7735 0.0378
7736 0.0359
7747 0.214
7749 0.2515
7754 0.015
7755 0.3221
7759 0.3746
7763 0.0057
7768 0.1199
7769 0.2755
7775 0.4419
7781 0.0415
7789 0.0219
7791 0.1876
7803 0.156
7806 0.0914
7807 0.3016
7818 0.271
7823 0.386
7828 0
7833 0.0808
7847 0.0845
7855 0.349
7865 0.0728
7869 0.005
7870 0.006
7875 0.2954
7879 0.1876
7890 0.2058
7902 0
7907 0
7910 0.006
7913 0.0709
7915 0.2993
7922 0
7929 0.4718
7940 0.5139
7942 0.0323
7952 0.3151
7953 0.0417
7957 0.2523
7962 0.008
7974 0.423
7975 0.4681
7976 0.1025
7988 0.5175
7992 0.0066
8002 0.0505
8016 0
8018 0.0902
8019 0.4304
8023 0
8026 0.006
8027 0.1033
8033 0.0183
8037 0
8045 0.4998
8046 0.0164
8048 0.2615
8055 0.3155
8056 0.348
8057 0.1201
8058 0
8062 0
8064 0.3893
8067 0
8079 0
8086 0.0095
8095 0.1911
8098 0.1523
8100 0.1039
8103 0.3663
8124 0.0913
8126 0
8130 0.3254
8135 0.3042
8148 0
8149 0.0471
8150 0.2816
8152 0.021
8160 0
8168 0.1981
8183 0.0032
8190 0.4644
8191 0
8192 0.0223
8194 0.0634
8196 0.3832
8198 0
8199 0.4243
8204 0.2986
8205 0.3824
8206 0
8208 0.1353
8209 0.356
8212 0.159
8217 0.0144
8218 0.0392
8231 0.0063
8241 0.105
8242 0.302
8246 0.3481
8252 0.2191
8260 0.0497
8267 0.1874
8277 0.011
8278 0.1326
8288 0.4201
8289 0.3724
8295 0.3216
8301 0
8305 0.4401
8312 0.1997
8315 0
8316 0.5219
8320 0
8322 0.0219
8327 0.0879
8330 0.4929
8334 0.0406
8336 0.1214
8346 0
8375 0.2039
8388 0.0075
8389 0.3846
8409 0.006
8414 0
8426 0
8427 0
8445 0.0488
8448 0
8450 0.0329
8461 0.017
8465 0
8471 0.3676
8484 0.3441
8486 0.4094
8493 0.0208
8499 0.2314
8507 0.1317
8514 0.0908
8517 0
8525 0.4908
8526 0.3882
8527 0.0518
8530 0
8534 0.2522
8536 0.4448
8540 0
8547 0.016
8554 0.1149
8568 0.1047
8569 0
8572 0.492
8581 0
8586 0
8590 0.0164
8596 0.3389
8597 0.1641
8601 0.1642
8603 0.421
8606 0.0169
8641 0.1084
8642 0
8649 0.006
8670 0.4008
8671 0
8690 0.1114
8693 0.4489
8703 0.0986
8704 0.2369
8724 0.069
8726 0.1026
8727 0.0383
8743 0
8746 0.1898
8747 0.1613
8758 0.4912
8759 0.4452
8769 0
8778 0.4077
8788 0
8789 0.3081
8794 0
8798 0.4818
8803 0.1228
8804 0
8805 0.0804
8808 0.0634
8810 0
8813 0.2641
8815 0
8816 0.0241
8820 0.003
8827 0
8831 0.3306
8840 0
8842 0
8847 0.2789
8849 0.082
8867 0
8872 0.0323
8873 0.006
8885 0.006
8890 0.4534
8898 0.4015
8902 0.049
8907 0.3941
8915 0.471
8920 0
8936 0.3402
8943 0.0561
8948 0.039
8955 0
8979 0.1423
8997 0.5096
9000 0.0776
9002 0.478
9008 0.0386
9043 0.067
9050 0.0424
9054 0.0983
9061 0.2611
9077 0
9079 0
9082 0.0742
9085 0.1539
9091 0
9097 0.1273
9100 0.0204
9102 0.1962
9119 0.5352
9131 0.0651
9134 0.01
9135 0.0223
9144 0.0832
9156 0
9158 0.0788
9159 0.0421
9162 0.0552
9164 0
9165 0.0287
9166 0.4611
9168 0.1438
9174 0.2161
9184 0.3033
9187 0.3047
9190 0.1329
9191 0.0729
9192 0.2457
9203 0.0457
9205 0.114
9210 0.1644
9211 0
9213 0.0045
9215 0.0301
9216 0.028
9218 0.0621
9228 0.0338
9229 0.4
9247 0.0584
9251 0.157
9252 0.1649
9274 0.0665
9275 0.0626
9277 0.203
9280 0
9284 0.2109
9289 0
9299 0.1101
9305 0
9308 0.3561
9316 0.0052
9323 0.015
9326 0.4554
9331 0.3301
9347 0.49
9350 0.2152
9354 0.369
9355 0.015
9359 0.1061
9363 0.0365
9369 0.0063
9378 0
9380 0
9387 0.0648
9393 0.247
9408 0
9415 0
9418 0
9419 0.005
9421 0.3691
9434 0.2067
9443 0
9449 0.099
9452 0.0753
9456 0.1484
9458 0
9461 0.4871
9489 0.0895
9492 0.004
9497 0
9502 0.4741
9506 0.036
9530 0.2345
9538 0.0517
9545 0.3338
9549 0
9563 0
9565 0.4288
9576 0.2849
9579 0.2925
9582 0.0567
9585 0.4182
9590 0.088
9593 0.1218
9596 0.3101
9604 0
9606 0
9610 0.201
9611 0.0316
9632 0
9640 0.4756
9645 0.0257
9655 0
9658 0.4759
9663 0
9664 0.0421
9667 0.3066
9668 0.2679
9673 0.4505
9675 0.0656
9679 0.1803
9681 0.3703
9682 0.3398
9684 0.2973
9691 0.0524
9704 0.2564
9705 0.0392
9714 0.0823
9717 0.1219
9724 0
9726 0.046
9729 0
9731 0.006
9738 0.0292
9740 0
9741 0.011
9755 0.2479
9766 0.0862
9770 0.1074
9776 0.1264
9789 0.437
9800 0
9801 0.067
9812 0.004
9813 0
9819 0.0916
9825 0.4086
9833 0.1981
9840 0.4671
9845 0.499
9850 0.1717
9852 0.0578
9853 0.0792
9855 0.1457
9864 0.4377
9865 0.0598
9870 0.151
9872 0
9878 0.4769
9886 0
9888 0.0407
9894 0.1058
9896 0.1791
9898 0.0412
9922 0.0219
9926 0
9940 0.3006
9941 0.01
9943 0
9964 0
9965 0.1405
9966 0.0057
9967 0.1999
9970 0.0342
9979 0.4463
9980 0.2351
9983 0
9986 0
9987 0.031
9992 0.1718
9996 0.3291
10006 0.0123
10012 0.4801
10015 0.4196
10017 0
10022 0.006
10024 0.2785
10029 0.0119
10038 0
10039 0.0154
10045 0
10061 0.4414
10063 0
10068 0.1175
10076 0.409
10079 0.4465
10086 0.1773
10092 0
10113 0
10134 0.0295
10136 0.5066
10138 0
10139 0.0139
10150 0.019
10151 0.206
10153 0
10160 0.3819
10166 0
10172 0.3576
10177 0
10178 0
10181 0
10188 0.2299
10191 0.0514
10198 0
10199 0.2314
10207 0.4787
10210 0.0215
10215 0.3839
10217 0
10218 0.0263
10222 0.0062
10226 0.4448
10227 0.0457
10232 0.046
10236 0
10240 0
10245 0.0104
10260 0.0179
10263 0.3017
10276 0.2237
10284 0.1194
10285 0.0546
10291 0.4074
10292 0
10295 0.2029
10299 0.0856
10304 0.0759
10306 0
10307 0
10316 0.306
10319 0
10334 0.3841
10342 0.3385
10350 0.0751
10366 0.0914
10374 0.0259
10380 0
10386 0.2642
10392 0
10396 0.0298
10399 0.313
10401 0
10410 0.0498
10413 0.0229
10414 0.1305
10421 0.3836
10425 0
10429 0.1469
10431 0.0378
10435 0.0383
10440 0.0922
10441 0.4033
10445 0.0393
10456 0
10460 0.01
10462 0.4175
10471 0
10475 0
10476 0.2211
10477 0.4099
10488 0.0446
10495 0.0172
10497 0.1381
10498 0.01
10501 0.0516
10514 0.47
10524 0
10529 0.532
10530 0.3711
10539 0.0319
10552 0.0415
10560 0.2312
10567 0.0361
10568 0
10576 0.0351
10577 0.0415
10580 0.004
10585 0.2612
10595 0.2154
10598 0.1985
10620 0.3195
10648 0.0454
10660 0.016
10662 0.1623
10665 0
10675 0.0264
10676 0
10685 0.4811
10687 0
10691 0.1465
10698 0.0486
10706 0
10711 0.1522
10713 0.2623
10715 0.0161
10718 0
10726 0
10730 0.391
10732 0.0932
10738 0.4229
10742 0.1246
10745 0
10752 0
10756 0.316
10758 0
10760 0.0314
10761 0.0365
10785 0.0749
10799 0
10806 0.4314
10813 0.24
10820 0.0794
10821 0.401
10823 0.0398
10828 0.3008
10836 0.0871
10838 0.0751
10839 0.1998
10840 0.2707
10844 0.2334
10848 0
10849 0.0112
10857 0
10860 0.0879
10872 0.0052
10878 0.045
10882 0.0434
10885 0
10886 0.43
10894 0
10906 0.1427
10910 0
10913 0
10921 0.071
10928 0.3959
10933 0.005
10951 0.006
10953 0.005
10954 0.1948
10960 0.0119
10965 0.0816
10966 0.1248
10978 0.1929
10979 0
10991 0
10995 0.4778
10999 0.0669
11001 0
11003 0.3187
11008 0
11013 0
11018 0.0767
11019 0.2287
11027 0.1691
11048 0
11049 0.0074
11052 0.0538
11054 0.006
11056 0
11059 0.1388
11065 0
11069 0.3993
11072 0.0886
11081 0.4119
11090 0
11092 0.2495
11113 0.0631
11115 0
11116 0.1151
11119 0.0872
11126 0
11129 0.0269
11132 0.0627
11133 0.0031
11140 0.3915
11144 0.1363
11146 0.4298
11149 0
11154 0.352
11162 0.2508
11165 0
11166 0.0866
11170 0.5231
11175 0
11176 0.0547
11182 0
11190 0
11191 0.0171
11209 0.4019
11210 0.191
11211 0.0671
11214 0
11216 0
11222 0.0546
11225 0
11234 0.0275
11244 0
11254 0
11257 0.2544
11260 0
11262 0
11268 0
11273 0.3878
11282 0.0582
11290 0.4165
11299 0
11300 0
11304 0.4552
11307 0.3583
11313 0.422
11319 0.0441
11325 0.3635
11336 0.4702
11337 0.2838
11343 0.0119
11348 0
11354 0.0576
11367 0
11370 0
11378 0.0518
11386 0.0759
11400 0.0681
11406 0.031
11408 0
11413 0.0331
11415 0.3232
11417 0.1237
11420 0.1007
11422 0.1649
11433 0
11437 0.0715
11443 0.0643
11447 0
11454 0
11459 0.1381
11462 0.0253
11469 0.2992
11476 0.0703
11479 0.272
11482 0.4532
11483 0.0039
11486 0.207
11488 0.0365
11500 0.0898
11504 0.4727
11505 0.0154
11506 0.098
11509 0.0216
11520 0
11521 0.5341
11535 0.1608
11537 0.0323
11546 0.24
11552 0.108
11563 0
11564 0.0385
11565 0
11566 0.2841
11569 0.4443
11574 0.0622
11576 0.2255
11579 0.075
11580 0.3665
11591 0.3497
11594 0
11609 0.1384
11611 0.1965
11618 0.1481
11627 0.2111
11638 0.4088
11646 0.0298
11651 0.0054
11663 0.1241
11670 0
11675 0.1078
11686 0.2725
11687 0.2252
11691 0.4471
11711 0.3254
11717 0.0885
11722 0.0793
11725 0.1243
11736 0.1645
11738 0.2439
11741 0
11749 0.4178
11759 0.0848
11760 0.1056
11761 0.0461
11762 0
11768 0.106
11770 0.0216
11774 0.0503
11783 0
11789 0
11805 0
11818 0.0171
11841 0
11843 0.078
11846 0
11848 0.0179
11849 0.4276
11850 0.1589
11851 0.2896
11859 0
11860 0
11871 0
11872 0.4395
11878 0
11880 0
11886 0.2551
11889 0.2961
11895 0.2
11896 0.4585
11899 0.3848
11902 0.1022
11905 0.2439
11910 0
11912 0.0693
11926 0
11943 0.2224
11947 0.2985
11951 0.1405
11954 0.2596
11964 0
11978 0
11983 0
11988 0
11990 0
11992 0.438
11994 0.3514
11997 0
12001 0
12017 0.4083
12025 0.1279
12028 0.1942
12036 0
12049 0.0609
12054 0.1541
12055 0.1461
12064 0.0246
12065 0.006
12068 0.3072
12069 0.0436
12070 0.4527
12082 0.0446
12083 0.2712
12087 0.044
12099 0.089
12107 0.1651
12108 0.1154
12116 0.1463
12120 0.1293
12122 0
12123 0.031
12145 0.0322
12155 0.3193
12158 0
12161 0.1092
12182 0.4248
12184 0.0551
12190 0.4559
12194 0.0832
12199 0
12201 0.1714
12205 0.1568
12206 0.4804
12213 0
12218 0.0806
12220 0.1927
12233 0
12242 0.0206
12254 0.1421
12255 0.0676
12277 0.4421
12288 0.0781
12291 0.0936
12294 0.006
12295 0.1258
12299 0
12303 0
12309 0.1837
12320 0.1727
12322 0.011
12331 0.4162
12332 0
12334 0.0619
12337 0
12352 0.0843
12380 0.1253
12384 0.4105
12394 0.1486
12401 0
12403 0.3709
12406 0
12425 0.0119
12430 0.0492
12431 0.0112
12432 0.067
12434 0.1159
12449 0.3089
12458 0
12474 0
12477 0
12479 0.1388
12483 0.1572
12493 0.048
12506 0.069
12508 0.0129
12515 0.1619
12516 0.5014
12520 0.0063
12521 0.0104
12534 0
12537 0
12541 0
12544 0.2182
12554 0
12555 0.2953
12559 0.0164
12564 0.2366
12566 0.0883
12567 0.1051
12568 0.0947
12570 0.005
12578 0.1907
12579 0
12584 0.1534
12600 0.3233
12605 0
12606 0
12615 0.006
12622 0.4759
12623 0.1044
12636 0.2943
12639 0
12641 0.1321
12648 0.0385
12649 0
12652 0.0578
12657 0.0708
12664 0.006
12668 0.0054
12670 0
12686 0.0285
12693 0.1347
12701 0.1878
12705 0.4449
12707 0
12709 0.0515
12711 0.0351
12713 0.0406
12720 0.213
12721 0.1376
12723 0.0286
12725 0.4772
12726 0.2339
12729 0
12734 0
12736 0
12738 0.1473
12746 0.2045
12747 0
12756 0.0641
12758 0.0151
12762 0.1558
12768 0.0531
12770 0
12771 0.0208
12775 0.1889
12779 0
12793 0
12803 0.1123
12810 0.402
12813 0
12823 0.204
12824 0
12851 0.3658
12852 0.1728
12866 0.2069
12869 0.0558
12877 0.4305
12881 0.1676
12884 0.011
12886 0.1507
12889 0.2998
12892 0.4697
12895 0.1563
12897 0
12903 0
12916 0
12917 0
12921 0.0145
12922 0
12925 0
12937 0.1021
12942 0
12945 0.439
12946 0.011
12948 0.1671
12952 0.0327
12956 0.1965
12962 0.0321
12963 0.0092
12971 0.1717
12972 0.1141
12979 0.067
12982 0.4021
12987 0
12990 0
12994 0.0748
13010 0.1209
13020 0.0711
13036 0.0265
13038 0.382
13041 0
13052 0.061
13054 0
13063 0.0342
13066 0.006
13081 0.5083
13082 0.0707
13083 0.1009
13090 0.4081
13100 0.2576
13104 0.0106
13107 0
13124 0.1626
13125 0.0977
13129 0.1319
13135 0.1889
13142 0.1905
13148 0
13152 0.1422
13162 0.0168
13163 0.2522
13167 0
13168 0.0524
13176 0
13180 0.3384
13188 0.0272
13192 0.1337
13196 0.462
13198 0.0818
13207 0.4671
13209 0.4131
13211 0.0838
13218 0
13221 0.0057
13237 0.044
13241 0.318
13242 0
13249 0.0272
13253 0.026
13258 0.3775
13275 0.1196
13276 0.3431
13279 0.0114
13285 0
13286 0
13291 0.0416
13295 0.3348
13297 0.163
13301 0.1156
13304 0.0449
13308 0.2886
13314 0.2373
13316 0.152
13318 0.2367
13321 0.0527
13322 0
13323 0.0414
13333 0.0757
13338 0.1314
13341 0.2875
13345 0
13352 0.2098
13355 0.011
13369 0.0871
13379 0.022
13384 0.2657
13399 0.1194
13406 0.063
13408 0
13411 0
13418 0.1928
13422 0.1206
13430 0.0304
13432 0.1354
13443 0
13458 0.1591
13461 0.0185
13462 0.1667
13463 0
13468 0
13476 0.1009
13478 0
13485 0.07
13486 0.0596
13501 0.0273
13505 0.0119
13506 0.0645
13514 0.0204
13518 0
13521 0.0673
13523 0.0902
13525 0
13531 0.2546
13533 0.005
13537 0.0421
13544 0.0124
13547 0.357
13552 0.124
13556 0.0114
13563 0.0633
13574 0
13575 0.2407
13583 0.4587
13597 0
13598 0.0179
13600 0.3321
13607 0.118
13608 0.0423
13610 0.3721
13620 0.0272
13626 0.0119
13627 0
13631 0.0918
13641 0.2402
13650 0.1012
13652 0.1798
13656 0.0544
13670 0.0432
13693 0.2866
13701 0.1159
13702 0.1433
13712 0.0963
13721 0
13723 0.0052
13724 0.0965
13725 0.1019
13732 0.125
13738 0
13756 0.0104
13762 0.4719
13766 0.0052
13769 0.0945
13773 0.1224
13774 0.2903
13791 0.1539
13796 0.1951
13802 0.1352
13813 0.1336
13818 0.0895
13841 0.3568
13845 0.4803
13846 0.1546
13850 0.4867
13856 0.0739
13857 0.4245
13860 0
13880 0.0755
13881 0
13892 0
13895 0.0917
13902 0
13908 0.0119
13909 0.0716
13911 0
13917 0
13923 0.0354
13925 0
13934 0.0927
13935 0.4219
13937 0.4291
13940 0
13960 0
13979 0.4371
13980 0.0212
13982 0.0052
13991 0.2626
14006 0.2077
14011 0
14020 0.0543
14032 0.0189
14042 0.1889
14044 0
14045 0.0167
14049 0.1149
14059 0
14064 0.0319
14070 0.4486
14075 0
14115 0.1736
14117 0
14122 0.1503
14127 0
14130 0
14131 0
14140 0.2051
14143 0
14153 0.0361
14166 0.0165
14171 0
14174 0.0238
14176 0.0642
14190 0
14199 0
14208 0
14213 0.3612
14221 0.026
14234 0.015
14236 0.0154
14247 0.0623
14249 0
14260 0.2146
14266 0.151
14268 0.4736
14269 0.0119
14287 0.0136
14293 0.1585
14296 0.0237
14298 0
14300 0.1285
14305 0.0769
14311 0.0918
14327 0
14329 0.1887
14341 0.0249
14342 0.0189
14344 0.0562
14360 0.0216
14364 0
14365 0
14371 0.0129
14379 0.4461
14380 0
14405 0.2504
14421 0.1994
14426 0.1246
14432 0
14448 0
14459 0.0514
14461 0
14466 0.0104
14472 0.0045
14473 0.0319
14474 0.044
14475 0.0796
14478 0.1095
14479 0
14491 0.0363
14492 0.3581
14495 0
14502 0.4617
14505 0.4708
14506 0
14510 0.1727
14514 0
14517 0.246
14522 0.0658
14526 0.4547
14532 0
14536 0
14537 0.1265
14545 0.2284
14546 0.5288
14547 0.1326
14550 0.4127
14554 0
14555 0
14559 0.041
14572 0.0996
14591 0.1383
14592 0.3215
14593 0
14594 0.2371
14596 0
14618 0
14620 0
14626 0.4992
14634 0
14635 0.0231
14640 0.0163
14641 0
14655 0.003
14657 0.0634
14659 0.011
14661 0
14666 0
14667 0.2547
14696 0
14698 0.1398
14702 0.5562
14710 0.0547
14714 0
14719 0.01
14720 0.0169
14727 0.044
14729 0.1607
14730 0.1385
14740 0
14741 0.015
14754 0
14755 0
14758 0
14760 0.3606
14762 0.1238
14764 0.1889
14765 0.2233
14783 0
14803 0.4702
14804 0.0585
14810 0.1703
14814 0.3732
14824 0.006
14839 0.4459
14852 0.0706
14853 0
14864 0.4286
14869 0.005
14889 0.2033
14890 0.0179
14897 0.1313
14902 0.0298
14906 0.4194
14909 0.3832
14912 0.0156
14913 0.0045
14920 0
14922 0
14924 0
14930 0.1035
14932 0.1087
14934 0
14955 0.133
14968 0
14972 0.0104
14979 0.483
14990 0
14992 0
14997 0
14999 0.015
15002 0.0223
15003 0.3014
15007 0
15009 0.1163
15010 0.1862
15017 0.3511
15024 0.0923
15034 0
15037 0
15039 0.0673
15052 0.0949
15053 0.0647
15060 0.1029
15061 0.4518
15066 0.2062
15069 0.1368
15086 0
15098 0.4115
15104 0.3091
15109 0.0116
15112 0.1831
15113 0
15114 0.005
15122 0.1192
15139 0.3235
15140 0.1771
15145 0.4217
15150 0.015
15165 0.1281
15168 0.0794
15171 0.0415
15185 0.1053
15207 0.182
15212 0.0387
15217 0.0963
15218 0.0538
15229 0.4257
15232 0.0368
15234 0.1375
15235 0.0283
15239 0.3419
15240 0.0921
15242 0
15248 0.0848
15251 0.026
15256 0
15267 0
15269 0.171
15274 0.4734
15279 0
15290 0
15293 0.1211
15298 0
15300 0.0656
15306 0.0366
15308 0.0898
15311 0.3333
15313 0.0366
15316 0.0283
15323 0.1552
15326 0.006
15327 0.2008
15332 0.0247
15351 0.0052
15354 0.0257
15373 0.2226
15378 0.0793
15382 0.0892
15386 0
15393 0.3245
15398 0.5077
15401 0
15407 0.3392
15411 0
15419 0
15427 0
15432 0
15442 0.1102
15443 0
15456 0.279
15459 0.093
15462 0.1232
15471 0.4422
15473 0.0528
15474 0.4248
15488 0.026
15494 0.035
15507 0
15508 0
15526 0.1238
15527 0
15528 0.0479
15531 0.0716
15536 0.1722
15543 0.0943
15546 0
15548 0.0751
15557 0.006
15560 0.0062
15567 0.096
15568 0
15571 0.4016
15573 0.0131
15586 0
15588 0.2266
15595 0.1122
15598 0.2717
15604 0
15607 0.4436
15610 0
15614 0
15615 0
15623 0.0538
15639 0.2145
15645 0.0612
15646 0.3198
15650 0.005
15652 0.172
15667 0.4261
15675 0.0338
15677 0.3901
15680 0
15701 0.0264
15708 0.0661
15713 0.1214
15714 0
15735 0.4446
15748 0.031
15749 0
15752 0.2052
15754 0
15756 0.1431
15763 0
15774 0.1209
15780 0.0289
15788 0.291
15791 0.3656
15794 0.2073
15796 0
15805 0.3258
15806 0
15808 0.4353
15828 0
15829 0.1234
15841 0.1703
15850 0.0779
15855 0.056
15869 0
15872 0
15881 0.005
15887 0.005
15903 0.2767
15907 0.0285
15910 0.2014
15925 0.0241
15927 0.3687
15934 0.2962
15948 0.1318
15954 0.4915
15955 0
15958 0.0398
15965 0.049
15968 0
15973 0.0773
15991 0.08
15997 0.1627
16005 0.1659
16009 0.014
16011 0.1425
16032 0.1194
16033 0.3505
16035 0
16036 0.0602
16037 0.0156
16039 0
16040 0
16046 0.1071
16053 0.114
16057 0
16059 0.0796
16062 0
16063 0
16087 0.0283
16089 0
16098 0.0054
16121 0.3543
16127 0
16134 0.2184
16135 0
16141 0
16145 0
16151 0.2761
16153 0.0587
16157 0.0296
16164 0.1864
16165 0.4204
16166 0.0844
16168 0.0511
16173 0
16175 0
16178 0
16179 0.0552
16180 0.0503
16186 0.3925
16187 0
16190 0.3361
16205 0.006
16208 0
16209 0.0767
16211 0.0451
16215 0.1041
16218 0
16227 0.2176
16231 0.3078
16233 0
16238 0.1318
16245 0.1141
16257 0.0151
16261 0
16264 0.0308
16270 0.1598
16277 0.3542
16280 0.4391
16291 0.2419
16292 0.0954
16313 0
16325 0.0687
16332 0
16343 0.1968
16352 0.0185
16354 0.0771
16360 0.3286
16369 0
16370 0.2451
16375 0.2261
16384 0
16393 0.018
16396 0
16410 0.0081
16418 0.0052
16422 0.1017
16425 0.0288
16429 0
16441 0.4574
16456 0.1566
16457 0.4145
16458 0.2167
16474 0.2478
16480 0.4786
16482 0.0552
16492 0
16504 0.2422
16517 0.2016
16520 0.2494
16522 0.011
16535 0.005
16549 0
16560 0
16563 0.006
16564 0
16571 0.0351
16573 0
16577 0
16580 0.1145
16585 0
16599 0.1242
16612 0.0216
16613 0
16615 0.006
16616 0.1275
16620 0.1546
16621 0
16637 0.0628
16650 0.5041
16654 0.0504
16667 0.3781
16683 0.0699
16690 0
16695 0.1907
16697 0
16698 0.0173
16706 0.2763
16718 0.4301
16742 0.2698
16745 0
16748 0.5865
16752 0.005
16766 0
16787 0
16789 0
16790 0.0233
16791 0.006
16800 0.3337
16803 0.0454
16806 0.03
16812 0.011
16814 0.0733
16820 0
16833 0.0466
16834 0.0328
16839 0.1407
16846 0
16858 0
16861 0.2248
16865 0.006
16872 0.1429
16874 0
16880 0.0846
16881 0
16891 0
16897 0.0583
16898 0.1515
16902 0.1856
16904 0.0109
16908 0
16911 0
16931 0.006
16933 0.1962
16934 0
16942 0.1249
16944 0.0389
16947 0.34
16955 0.2159
16963 0.037
16965 0.5369
16966 0.0184
16967 0
16968 0.4929
16982 0
16989 0.0579
17001 0.3335
17002 0
17004 0.078
17016 0.016
17021 0
17036 0.1641
17038 0.2223
17040 0.0046
17046 0.0119
17066 0.311
17070 0.1151
17073 0.31
17074 0.0722
17084 0.0559
17087 0.4388
17097 0.4899
17102 0.0125
17104 0
17106 0
17116 0
17118 0.1022
17121 0.233
17128 0.4104
17131 0
17132 0.135
17134 0.0104
17141 0.0278
17149 0.2845
17165 0.005
17168 0
17181 0
17182 0
17183 0
17185 0.0298
17190 0
17192 0
17216 0.08
17217 0.252
17230 0.3072
17237 0.0064
17245 0
17252 0.2487
17254 0.0385
17255 0.1602
17256 0.0426
17258 0
17267 0
17281 0
17282 0.0893
17298 0
17311 0.2043
17312 0.3184
17318 0.0336
17320 0.4925
17322 0
17325 0.141
17328 0.1163
17329 0.0977
17330 0
17332 0.1881
17335 0.2788
17342 0.4716
17343 0
17347 0
17350 0.0229
17351 0.0319
17355 0
17357 0.3329
17363 0.003
17368 0.1071
17382 0
17384 0
17391 0.3281
17392 0.0322
17399 0
17406 0.0387
17417 0.3179
17428 0.2301
17436 0.4387
17440 0
17442 0.3159
17446 0
17454 0.1238
17461 0.1242
17462 0.3868
17475 0
17480 0.0572
17490 0.3501
17497 0.4324
17512 0.4081
17522 0
17523 0.4452
17529 0
17533 0.1703
17549 0
17552 0.4816
17561 0.177
17578 0.0413
17580 0
17582 0.1396
17586 0.0125
17588 0
17592 0
17597 0.2365
17600 0.2581
17606 0.0437
17615 0.0174
17619 0.1863
17624 0.011
17625 0.2128
17629 0.0052
17631 0.0132
17635 0.1506
17643 0.1204
17644 0.3672
17654 0.1572
17660 0.0568
17666 0.1033
17670 0.4624
17677 0.0517
17683 0
17687 0
17702 0.3943
17708 0.008
17709 0
17718 0.0337
17726 0.0104
17737 0.128
17738 0.0989
17739 0.0169
17750 0
17760 0.2776
17779 0.1518
17782 0
17816 0.028
17825 0.0421
17826 0
17835 0.036
17837 0.2303
17856 0.0112
17860 0.1205
17867 0
17870 0.012
17875 0.3916
17879 0.2565
17885 0.0805
17890 0
17892 0.0319
17898 0.0249
17899 0.2723
17901 0
17909 0.4398
17912 0.1705
17917 0.0192
17919 0.1055
17923 0
17933 0
17934 0
17941 0.006
17944 0.1846
17947 0.1074
17951 0
17959 0.2093
17968 0.2669
17971 0.053
17973 0
17977 0.122
17978 0
17985 0.2677
17990 0.4149
17993 0.0606
17999 0
18002 0.032
18012 0.4492
18015 0.2836
18028 0
18043 0
18047 0.092
18049 0
18050 0.0574
18063 0.016
18065 0
18070 0.1714
18073 0
18075 0.0114
18089 0.0283
18094 0.0131
18099 0.3704
18108 0.3437
18111 0.0824
18120 0
18133 0
18142 0.1158
18149 0.102
18159 0.1382
18166 0.4488
18186 0
18188 0.3581
18191 0
18193 0.005
18196 0.0219
18222 0.0369
18236 0
18243 0
18248 0.0288
18249 0
18250 0.5408
18253 0.1832
18273 0.0342
18276 0.003
18297 0.0417
18306 0.2266
18308 0.006
18309 0.0184
18312 0.108
18313 0
18315 0
18318 0.04
18319 0.1147
18322 0.0173
18328 0.0118
18330 0.4212
18331 0.071
18337 0
18355 0.2718
18366 0.1913
18398 0.01
18401 0.2528
18404 0.4473
18415 0.3621
18434 0.1467
18438 0.1546
18467 0
18471 0
18476 0.006
18478 0.3343
18480 0
18482 0
18502 0
18508 0
18512 0.0259
18514 0.2144
18517 0.3762
18523 0.1051
18524 0.0503
18528 0.0487
18534 0.0286
18535 0.1065
18553 0
18558 0
18566 0.2997
18571 0.0287
18577 0
18579 0.2174
18581 0.076
18583 0
18586 0.2904
18590 0
18591 0.0086
18594 0.4767
18599 0.2235
18615 0.1601
18619 0.2004
18621 0.0622
18628 0.1116
18629 0.5118
18633 0
18637 0.0381
18641 0.1055
18648 0
18651 0
18659 0.0077
18662 0.0811
18678 0.005
18686 0
18687 0.0576
18694 0.2161
18698 0.2243
18702 0.294
18703 0.2723
18704 0.0472
18715 0.006
18726 0.1371
18733 0.01
18741 0.0119
18743 0.3667
18754 0
18757 0.1152
18760 0.1308
18762 0.1156
18770 0.0943
18780 0.004
18782 0.3618
18792 0
18793 0.0924
18796 0.0871
18804 0.016
18808 0.3653
18821 0.4961
18822 0
18830 0
18835 0.1334
18840 0.0615
18841 0.245
18858 0.0219
18879 0.0653
18881 0
18887 0.2953
18889 0.0413
18900 0.0581
18906 0
18915 0
18923 0.3739
18925 0.2448
18934 0.2827
18938 0.3257
18947 0
18975 0.108
18979 0.4418
18990 0.2205
18994 0.511
19011 0.2079
19014 0.3741
19020 0.0449
19021 0
19022 0.0741
19023 0.2937
19031 0
19035 0.1897
19037 0.4334
19039 0.0132
19045 0.3081
19046 0.4118
19050 0
19061 0.0896
19066 0.3406
19069 0
19070 0
19076 0.0507
19081 0.0285
19083 0.1022
19088 0.0323
19094 0.3887
19098 0
19107 0
19118 0.0417
19126 0.3456
19138 0.2883
19141 0.0952
19146 0.2627
19158 0.0312
19165 0
19170 0
19174 0.111
19181 0.388
19183 0.2087
19193 0.1842
19194 0.1705
19199 0.0394
19201 0.0393
19219 0
19222 0.0119
19228 0.0089
19231 0.0229
19232 0
19235 0
19241 0.0473
19255 0.1937
19263 0.0367
19269 0.0931
19275 0.5094
19286 0.006
19294 0
19304 0.0239
19310 0.27
19324 0.0119
19329 0.4036
19340 0.0984
19342 0.2332
19351 0.1249
19360 0.0879
19371 0.2954
19372 0.0308
19384 0.02
19391 0.4028
19393 0.0784
19408 0
19425 0.4928
19437 0.06
19438 0
19441 0.026
19450 0.3139
19458 0.1344
19466 0.0831
19475 0.1921
19478 0
19502 0.0631
19509 0
19513 0.1895
19520 0
19522 0
19526 0.1099
19528 0.0495
19537 0.0452
19541 0.1372
19543 0.0213
19551 0.4732
19554 0.3003
19559 0.066
19564 0.006
19587 0.4408
19592 0.0218
19598 0.2156
19608 0.1664
19616 0.3178
19626 0
19630 0.0523
19632 0.4405
19633 0
19641 0.0338
19650 0.2509
19651 0.3315
19660 0
19666 0.024
19679 0.01
19682 0.1276
19683 0.0284
19685 0.1936
19689 0.4075
19712 0
19716 0.113
19718 0.2073
19720 0.1991
19725 0.4561
19729 0.1463
19731 0.0265
19735 0.3495
19739 0.1096
19740 0.11
19742 0
19750 0.005
19752 0
19756 0.1049
19758 0.1193
19761 0.1558
19765 0
19768 0.0859
19772 0.0272
19784 0.1129
19785 0.1074
19821 0.1836
19829 0
19830 0.0092
19853 0.2741
19854 0.0841
19856 0.2296
19864 0.2512
19867 0
19879 0.0317
19881 0
19884 0.1802
19885 0.0169
19890 0
19899 0.0529
19900 0.0333
19904 0.1816
19910 0.2347
19918 0
19923 0.2429
19928 0
19937 0.1806
19940 0.1782
19943 0.0269
19956 0.4119
19964 0.0114
19965 0.1264
19971 0.1924
19975 0.2232
19990 0.4131
19994 0.1951
19995 0
19996 0.006
20017 0.4687
20021 0.0667
20023 0.005
20028 0
20036 0.2608
20042 0
20056 0.1927
20057 0.3644
20061 0.2495
20068 0.2901
20070 0.434
20078 0.0125
20081 0.1345
20082 0.1476
20083 0.078
20085 0.0054
20091 0
20101 0.3004
20117 0.0708
20125 0
20128 0.029
20130 0
20140 0.2022
20144 0.0941
20148 0.0393
20154 0.14
20158 0.0219
20163 0.0627
20186 0.0158
20195 0.0718
20197 0.006
20198 0.011
20215 0.0266
20222 0.1706
20230 0.0052
20232 0
20239 0.0454
20242 0.4241
20245 0.011
20248 0.1815
20249 0.1859
20255 0.0473
20257 0.0454
20259 0.0866
20263 0.1413
20265 0.0788
20270 0
20284 0.0493
20285 0
20295 0
20312 0
20321 0
20336 0.0437
20337 0.1919
20343 0
20351 0.1618
20354 0
20364 0.1409
20372 0.1706
20373 0
20374 0.1233
20381 0.0672
20382 0
20384 0
20385 0
20395 0
20399 0.03
20400 0.1687
20402 0.0991
20413 0.1044
20419 0
20424 0.1312
20425 0.4911
20437 0
20444 0.0245
20446 0.1381
20449 0.0497
20452 0.0514
20462 0.268
20465 0.0353
20466 0
20472 0.0572
20473 0.1024
20486 0.0918
20490 0.0667
20500 0.3287
20501 0
20517 0.4245
20522 0.0541
20525 0.0758
20526 0.006
20530 0
20532 0.3812
20543 0.0452
20544 0.0818
20546 0.0423
20551 0.0104
20552 0.2932
20559 0.2463
20561 0.0113
20568 0.1255
20570 0.1182
20572 0.0421
20573 0
20574 0.0326
20578 0
20586 0.0502
20588 0.005
20593 0.0403
20604 0
20609 0.2912
20612 0.2052
20624 0.4278
20625 0.2243
20649 0.043
20664 0.0272
20666 0.3999
20670 0.3071
20672 0.0717
20681 0
20688 0.1169
20689 0.016
20691 0.4388
20699 0
20705 0
20706 0
20714 0.059
20715 0.1323
20719 0.1453
20726 0.0229
20732 0.0328
20735 0.0253
20742 0.1779
20744 0.2382
20748 0
20753 0.2486
20756 0.2696
20760 0.0968
20770 0.4048
20781 0.006
20791 0
20794 0
20795 0.3234
20796 0.3844
20798 0.0314
20810 0
20835 0.352
20837 0.3662
20859 0.4705
20867 0.0229
20885 0.0205
20890 0.016
20895 0.0317
20898 0.0231
20908 0.4383
20920 0.2359
20923 0.1571
20926 0.4527
20928 0.3243
20929 0.3248
20937 0
20945 0.0156
20964 0.1368
20990 0.3235
20997 0.0464
21003 0
21007 0
21016 0.4398
21028 0
21046 0.5186
21060 0.048
21061 0.0678
21070 0
21071 0.1483
21073 0.052
21078 0.02
21084 0.4481
21089 0.1014
21092 0
21097 0.1653
21100 0.0517
21106 0.025
21107 0.1601
21118 0.0473
21119 0
21120 0.3545
21148 0
21152 0
21174 0.0114
21185 0.005
21202 0
21204 0.0392
21239 0.0219
21244 0.0925
21256 0
21277 0.0342
21289 0.2499
21290 0.3839
21296 0
21302 0.0934
21313 0.0584
21317 0.0908
21327 0.468
21335 0.2377
21336 0.0104
21339 0.011
21360 0.2823
21376 0.2348
21377 0.011
21383 0
21402 0
21403 0.004
21411 0.031
21419 0.1212
21433 0
21453 0.0164
21454 0.5017
21470 0.1503
21482 0.0366
21488 0
21492 0.3954
21509 0.0552
21518 0.1439
21531 0
21537 0.4041
21539 0.3656
21540 0.1831
21546 0.0879
21554 0
21558 0.2447
21559 0.0855
21572 0
21573 0
21583 0.2421
21590 0.4196
21596 0.0079
21600 0.0135
21611 0
21613 0.2863
21614 0.4282
21624 0.2357
21625 0.0082
21633 0.3595
21647 0.0288
21649 0
21653 0.4766
21666 0.2121
21671 0.013
21681 0
21683 0
21686 0.4593
21699 0.0756
21704 0.4882
21720 0.0508
21721 0.0526
21723 0
21726 0.0033
21732 0
21738 0.0683
21748 0.2571
21762 0.064
21772 0.003
21779 0.0164
21785 0
21786 0
21788 0.0082
21789 0.0949
21798 0.0244
21800 0
21801 0.0153
21802 0.006
21807 0.2813
21821 0
21826 0.0483
21827 0
21829 0.0112
21833 0.335
21844 0.0951
21851 0.0622
21863 0.092
21866 0.1124
21870 0
21874 0.261
21884 0
21896 0
21905 0.1697
21907 0.2531
21920 0.2811
21921 0.046
21924 0.048
21934 0.5172
21961 0.3916
21971 0.3928
21989 0
21996 0.1804
21999 0
22001 0.026
22011 0.1738
22014 0
22020 0
22022 0.1315
22034 0
22035 0
22061 0.0094
22068 0.2667
22084 0.0534
22085 0.2238
22087 0
22092 0.1434
22104 0.3923
22126 0.0379
22129 0
22131 0.423
22145 0.0158
22166 0.052
22206 0.4346
22240 0
22242 0.3578
22246 0.1791
22261 0
22270 0
22276 0.1718
22282 0.0045
22284 0.4749
22286 0.0249
22295 0.3536
22303 0.0398
22304 0.0549
22306 0
22323 0.1455
22324 0
22328 0.1388
22330 0.0652
22331 0.4007
22332 0.2449
22336 0.0531
22340 0.0283
22348 0.0794
22349 0.3427
22355 0.2121
22364 0.1353
22373 0.208
22376 0.247
22386 0.2248
22392 0
22396 0
22406 0
22407 0.08
22408 0
22409 0
22410 0
22423 0.0693
22430 0.3593
22431 0.2314
22434 0.017
22436 0.0948
22437 0.0996
22445 0.189
22449 0
22476 0.0317
22488 0.3256
22508 0.0535
22526 0.0614
22530 0.1336
22539 0
22541 0.3042
22563 0.1075
22595 0
22596 0.3256
22597 0.0924
22615 0.0586
22621 0.3694
22626 0.5222
22637 0.0036
22640 0.532
22648 0.005
22653 0.004
22655 0.2246
22657 0.2108
22677 0
22679 0.1454
22687 0.4469
22688 0.4253
22689 0.0737
22690 0.1286
22694 0.015
22698 0.0369
22699 0
22705 0.1274
22707 0.0118
22710 0.2218
22719 0.2973
22728 0
22729 0
22737 0.158
22739 0.1407
22753 0
22761 0.3705
22771 0.4501
22783 0.3094
22788 0.3311
22789 0.3102
22790 0
22791 0.0221
22794 0.3764
22800 0.0812
22806 0.4992
22813 0.3701
22824 0.4091
22830 0.1731
22839 0.0838
22842 0.2208
22851 0.0541
22858 0.006
22862 0.2858
22863 0.2152
22868 0
22873 0
22889 0.4799
22892 0
22895 0.4469
22898 0.2551
22899 0.17
22900 0.0429
22905 0.0614
22908 0
22913 0.3258
22918 0.239
22921 0
22922 0
22923 0.0109
22930 0.4617
22931 0.0618
22937 0.4246
22941 0
22947 0.1203
22950 0
22954 0
22955 0.4192
22961 0.2034
22978 0.0199
22983 0
22984 0
22989 0
22992 0.0503
22999 0.3417
23000 0.0794
23001 0
23009 0.186
23014 0.3678
23018 0.3722
23026 0.0957
23029 0.3902
23055 0.518
23057 0
23060 0.1108
23066 0
23076 0
23079 0
23082 0.2925
23093 0.0516
23094 0.3546
23095 0.0795
23099 0.3412
23100 0.2742
23111 0
23112 0.4205
23115 0.0174
23124 0.3782
23136 0.2219
23143 0.0536
23146 0.4019
23148 0.1532
23150 0.1648
23152 0.0335
23156 0.006
23159 0.3752
23168 0.0958
23178 0.5348
23180 0.346
23182 0
23189 0
23190 0.3352
23191 0.13
23193 0
23201 0
23203 0.1185
23211 0.2411
23214 0
23215 0.02
23232 0
23233 0.005
23248 0.0925
23252 0.0488
23258 0
23271 0.4813
23272 0.0144
23278 0
23279 0.1265
23293 0.1461
23308 0.0111
23313 0.1122
23321 0.1015
23331 0.4136
23333 0
23334 0.1401
23336 0
23345 0.041
23346 0.1498
23351 0.3057
23354 0.018
23361 0.0045
23364 0.0265
23368 0.1965
23371 0.2147
23374 0.2389
23389 0
23395 0.187
23402 0.0473
23412 0.0489
23413 0
23416 0
23421 0.0206
23422 0
23426 0.015
23427 0.0926
23429 0.4081
23432 0.0052
23441 0
23445 0.4582
23448 0.0928
23449 0.1213
23451 0.0171
23457 0.0045
23467 0.1482
23475 0.0128
23482 0.1262
23486 0.048
23487 0.148
23493 0.0034
23494 0.3888
23500 0
23502 0
23503 0.3657
23508 0.0254
23511 0.006
23520 0.1307
23528 0.1502
23529 0.1109
23534 0
23544 0.006
23549 0.0407
23550 0.0063
23556 0.2279
23562 0.427
23563 0
23564 0
23575 0
23580 0.4769
23584 0.128
23587 0.2639
23590 0.1549
23592 0.2975
23593 0.0287
23595 0
23608 0.4915
23613 0
23615 0.425
23617 0.0104
23618 0.0377
23624 0.0159
23626 0.0104
23627 0
23633 0.004
23643 0.0173
23645 0.4135
23649 0
23650 0.1105
23685 0.4157
23694 0.2589
23705 0.0871
23706 0.0104
23709 0
23717 0.33
23721 0.0931
23723 0.246
23724 0
23727 0.0498
23728 0.2668
23732 0
23740 0.0363
23747 0
23748 0.1119
23753 0.0168
23758 0.0133
23765 0.0386
23776 0
23785 0.0939
23788 0.4799
23792 0.249
23795 0.0562
23817 0.1243
23824 0
23827 0.1189
23836 0
23838 0.4227
23840 0.0802
23845 0.2052
23847 0
23848 0
23858 0.3556
23863 0.0203
23870 0
23879 0.0713
23883 0.3342
23884 0
23886 0
23891 0.2875
23903 0.2569
23908 0.3416
23914 0
23915 0.1023
23917 0.0279
23920 0.0118
23922 0.2593
23924 0
23927 0.3302
23929 0.3053
23935 0
23940 0
23944 0.0586
23947 0.0899
23950 0.0375
23964 0
23974 0
23977 0
23980 0
23986 0.0528
23990 0.2299
23991 0.1923
23992 0
23999 0.0711
24003 0.0119
24005 0.0269
24009 0.0412
24025 0.0568
24028 0
24029 0.0855
24031 0
24036 0
24062 0.3347
24071 0.0514
24077 0.0339
24080 0.0629
24082 0.006
24083 0.2811
24089 0.3624
24090 0
24098 0.0478
24101 0
24115 0
24117 0.0052
24124 0
24135 0.5027
24136 0.2691
24147 0.2794
24148 0.0631
24153 0.1525
24158 0.005
24167 0.2797
24168 0.0371
24178 0.0534
24194 0.4818
24196 0.3006
24219 0.0734
24222 0
24226 0.2997
24232 0.1592
24253 0
24265 0.1502
24267 0.181
24270 0.0476
24274 0.4017
24277 0.1865
24279 0.0865
24284 0.0057
24287 0.0489
24288 0.0474
24292 0.0292
24307 0.5249
24309 0.3477
24334 0
24342 0.0378
24348 0.0537
24370 0.1337
24371 0.0169
24372 0.2475
24384 0.1053
24389 0
24400 0.1812
24402 0.4634
24407 0
24409 0
24414 0
24415 0
24421 0
24433 0.1616
24436 0
24440 0.0557
24444 0
24451 0.009
24454 0.0585
24464 0.1669
24467 0.066
24470 0
24471 0.015
24478 0.2114
24483 0.006
24484 0.2885
24485 0.0265
24504 0.0382
24510 0.1715
24517 0
24528 0
24543 0.0796
24544 0
24554 0
24586 0.0718
24591 0
24597 0.0323
24600 0.23
24606 0
24634 0
24642 0
24643 0
24646 0.1624
24659 0
24663 0.0848
24664 0.3082
24665 0.1743
24671 0
24673 0.1992
24680 0.0918
24683 0
24684 0
24691 0
24698 0
24734 0.0195
24740 0
24742 0.0676
24751 0.1727
24759 0
24772 0.4078
24774 0.0776
24779 0.0826
24790 0
24796 0.0033
24801 0.0821
24808 0.2324
24824 0.0503
24825 0.1344
24833 0.2497
24840 0.0921
24841 0.0179
24858 0
24866 0.1548
24867 0.2264
24868 0.1317
24874 0.051
24876 0
24886 0.2997
24891 0.0323
24895 0.1745
24910 0.1664
24920 0.0541
24921 0
24928 0
24934 0.0063
24935 0.4618
24936 0.0592
24940 0
24941 0.3384
24954 0
24955 0
24957 0
24966 0
24976 0.3858
24979 0.2231
24980 0.0581
24985 0.3007
24986 0.1937
24987 0.1092
24989 0
24990 0
24993 0.5194
24994 0.1178
24999 0
25009 0.0085
25016 0.0698
25025 0.0069
25028 0.3836
25032 0.1685
25035 0.1157
25037 0
25046 0
25048 0
25052 0.01
25059 0.2382
25060 0
25063 0.0425
25065 0.0725
25087 0.4637
25090 0.0223
25091 0.4681
25095 0
25102 0
25103 0.2738
25114 0
25129 0.4435
25130 0.0586
25135 0.1053
25139 0.2364
25143 0.1051
25151 0.1028
25161 0.1095
25162 0.1537
25164 0.0086
25170 0.0052
25187 0.1127
25199 0.0363
25204 0.1317
25205 0.0927
25208 0
25214 0.0561
25225 0.3496
25240 0
25241 0
25244 0
25250 0.013
25252 0.0905
25269 0.0967
25271 0.0606
25273 0.1478
25277 0.0283
25284 0.0998
25286 0
25289 0.4624
25293 0.1069
25296 0.5069
25297 0.1271
25306 0
25322 0.0682
25323 0
25334 0.3993
25357 0.1837
25365 0
25366 0
25368 0.0314
25372 0.0883
25378 0
25396 0
25411 0
25416 0.2836
25444 0.487
25446 0.0847
25450 0.031
25478 0
25479 0
25483 0.4384
25511 0.0724
25516 0.0316
25526 0
25538 0.0504
25554 0.0269
25555 0.0242
25561 0.3518
25567 0.0315
25588 0.0573
25593 0.0416
25620 0.0938
25622 0.1175
25624 0.2055
25630 0.0484
25631 0
25638 0.4669
25641 0.2537
25649 0.1221
25650 0
