Locus	Fst
19718	0.8414
23990	0.1377
14478	0.0511
23992	0.5350
19712	0.0194
19716	0.0708
21633	0.5105
23448	0.0563
4025	0.0268
11546	0.1415
13732	0.0797
25250	0.8177
23441	0.0186
166	0.0281
13738	0.0323
11386	0.0299
18243	0.5518
17522	0.0395
5980	0.3561
16238	0.0378
5984	0.3142
10894	0.0990
22261	0.1868
7514	0.0014
19158	0.2349
19408	0.0609
25624	0.1550
348	0.9291
3991	0.2894
13597	0.9838
25060	0.0169
19371	0.2012
19372	0.0095
24840	0.0067
14296	0.0137
22999	0.2571
12701	0.1080
12705	0.4746
6156	0.0062
6157	0.3299
6158	0.1481
6797	0.1657
10965	0.0445
13600	-0.0019
13607	0.0781
4734	0.3333
2319	0.4620
4739	0.1526
8305	0.0502
23848	0.0380
23449	0.8793
5851	0.2743
298	0.0366
5853	0.0563
297	0.0842
5859	0.0271
17654	0.0377
21100	0.0334
24941	0.1904
3680	0.8481
3776	0.8465
19752	0.0831
15958	0.0151
22983	0.0687
25284	0.0471
23364	0.9140
4834	0.9725
12962	0.0172
19971	0.0024
13547	0.3102
16257	0.5616
21999	0.0106
19975	0.6589
17382	0.0338
25114	0.0150
12108	0.0930
22719	0.0541
17384	0.1251
18188	0.4599
23368	0.7763
15526	0.0616
7992	0.0070
12017	0.6224
15527	0.0614
22488	0.1875
17258	0.0226
15528	0.4465
11768	0.1805
16384	0.0355
11762	0.0815
11760	0.0604
2261	0.0667
17254	0.0163
17255	0.0796
17256	0.0320
20744	0.0888
2446	0.9038
17036	0.0835
17038	0.8123
9252	0.0583
10706	0.3430
9251	0.8231
22908	0.1223
7865	-0.0017
109	0.2447
24886	0.2426
22900	0.0121
21614	0.3378
12430	0.0194
101	0.3798
21611	0.0265
22905	0.0367
7869	0.0016
5824	0.6320
2046	0.2515
4815	0.0289
15536	0.0930
4818	0.4700
16814	0.0351
21290	0.6808
23627	0.0508
21924	0.0233
9415	0.5293
21921	0.0438
11262	0.0204
9418	0.0060
9419	0.5845
12123	0.0240
12122	0.1113
22541	0.1899
11618	0.0653
6377	0.3374
20522	0.0143
10414	0.0644
10413	0.0694
11126	0.0138
20526	0.3108
10410	0.0149
14130	0.0400
11947	0.1160
11943	0.1225
10386	0.1463
24089	0.2540
19758	0.0783
19391	0.1549
10380	0.0053
24083	0.7977
9323	0.1583
9632	0.0106
8098	0.0735
9326	0.5438
8943	0.0362
13338	0.0739
21721	0.0023
8948	0.0117
21723	0.0553
9347	0.0000
21726	0.1575
24659	0.0962
12233	0.0671
6203	0.1784
18065	0.3453
2682	0.0565
14626	0.4720
14620	0.0398
20593	0.0139
6807	0.0070
15714	0.0107
6802	0.7630
6803	0.0228
6801	0.0014
98	0.0086
10560	0.0410
9740	0.0364
9741	0.0618
91	0.0314
93	0.3764
92	0.6170
20413	0.0562
3207	0.5090
10092	0.0319
1995	0.1447
13935	0.2918
22813	0.3142
1629	0.0390
5189	0.0183
19393	0.2608
24158	0.0384
21540	0.1530
21704	0.5326
13052	0.0303
8831	0.2367
17977	0.0800
13054	0.3244
18703	0.2252
2861	0.0274
20791	0.0190
2866	0.0945
18704	0.6133
554	0.0267
557	0.1269
9228	0.0239
14710	0.0253
14247	0.0375
12948	0.0766
14714	0.0391
17973	0.1004
12942	0.0174
7674	0.0956
15667	0.4161
12946	0.3491
12945	0.6726
14249	0.0141
24740	0.1018
3348	0.0536
20259	0.0373
3342	0.5895
1190	0.7435
1193	0.0126
3341	0.7535
20257	0.0181
1197	0.1493
20255	0.1008
18637	0.0167
18633	0.0410
1756	0.0164
11415	0.0095
13333	0.0449
1176	0.4743
12493	0.0189
8160	0.0300
15443	0.1064
15442	0.0670
6970	0.0180
6971	0.4020
4251	0.5127
23057	0.9706
8168	0.1510
4255	0.0500
23502	0.0207
4257	0.0462
23500	0.0168
18149	0.0654
18073	0.0680
5534	0.2832
5539	0.0423
5538	0.1131
24528	0.1315
24742	0.0477
1285	0.1440
12068	0.1492
1287	0.0112
11165	0.1038
11166	0.8154
24253	0.0165
11162	0.1388
514	0.7530
8086	0.9869
19785	0.0557
1572	0.0081
1571	0.8747
7183	0.2771
8769	0.0286
18328	-0.0016
16789	0.0225
12707	0.1055
8389	0.6547
8388	0.0085
23747	0.0273
12709	0.0233
18075	0.9884
10232	0.0219
8019	0.2863
8018	0.1206
23613	0.0348
8016	0.0482
8547	0.0285
22954	0.0411
23617	0.0122
8540	0.0230
23615	0.4483
7457	0.2049
6576	0.0594
7453	0.0062
7450	0.4957
4383	0.0237
4381	0.2634
4380	0.0245
5623	0.2755
5622	0.4682
7458	0.0161
12065	0.3679
8493	0.0138
404	0.0441
7690	0.9904
23870	0.0139
15796	0.0415
2033	0.4070
8499	0.8190
7698	0.0988
3834	0.0904
23475	0.0082
3832	0.0839
3833	0.0685
18938	0.7930
22476	0.0158
4031	0.0307
10885	0.0611
4033	0.0062
4032	0.4795
13724	-0.0013
1229	0.0775
10882	0.0252
4036	0.1094
4039	0.0756
11576	0.1393
11574	0.0221
23279	0.0801
23278	0.0836
16375	0.1846
12218	0.0843
11378	0.0211
15788	0.1852
10960	0.1779
19384	0.0085
11370	0.0571
20867	0.0052
379	0.0119
22270	0.0348
7526	0.1235
19522	0.0182
19146	0.1839
15003	0.0946
373	0.0050
377	0.2316
376	0.0284
14909	0.2443
13608	0.0123
16667	0.6201
19360	0.9316
14864	0.0081
23964	0.0396
392	0.0438
391	0.0866
12711	0.0330
6147	0.1283
6144	0.7563
22011	0.0083
22014	0.0210
2309	0.0288
5668	0.1240
4729	0.0515
21470	0.0891
10978	0.1280
10979	0.0784
4727	0.0197
13610	0.1764
4720	0.0508
23082	0.0696
5845	0.2466
5844	0.0895
16062	0.0352
16063	0.0429
19304	0.6706
11282	0.0086
13917	0.6049
17625	0.8334
17624	0.0187
17629	0.0761
21118	0.0342
21119	0.0564
16482	0.0019
2880	0.0917
16480	0.2142
4620	0.8087
244	0.0413
13533	0.0221
246	0.0042
240	0.3573
13537	0.0142
19964	0.0387
4629	0.0040
248	0.0149
23457	0.0091
2274	0.1926
23685	0.6650
2279	0.0620
11759	0.9532
12001	0.0395
11594	0.2198
24196	0.1913
11591	-0.0019
25059	0.1612
14536	0.0148
20885	0.0053
20732	0.3716
20735	0.0151
9538	0.0203
2455	0.0367
2454	0.0699
2456	0.1077
23427	0.0464
9247	0.0216
9530	0.0013
17282	0.0461
17281	0.0215
14532	0.1265
7855	0.3050
13286	0.1052
13285	0.0465
174	0.0370
24976	0.2254
17999	0.0860
17533	0.0906
23146	0.0591
20578	0.0537
4539	0.9585
2057	0.0381
23159	0.3907
2058	0.0388
4824	0.0131
21106	0.0119
3694	0.0707
13443	0.0156
14166	0.3020
25286	0.0296
6368	0.7222
11627	0.0260
7988	0.5311
6360	0.0095
23014	0.1751
10153	0.0806
10150	0.0103
10151	0.1116
9331	0.0809
20085	0.0938
20083	0.6096
20082	0.0549
20081	0.0886
24833	0.0700
22800	0.9581
3524	0.0761
21559	0.0492
20649	0.0342
3523	0.9407
10396	0.1633
22806	0.3265
10399	0.0284
16492	0.0245
22753	0.0262
3228	0.1044
13544	0.0233
16934	0.0285
13198	0.1830
16933	0.1183
16931	0.0551
14897	0.0405
13192	0.0893
7214	0.9336
13196	0.3976
7216	0.0196
14890	0.1224
10715	0.0139
10711	0.0996
12220	0.0962
10713	0.1453
2694	0.0370
10718	0.0262
12668	0.3405
2690	0.0797
15708	0.2907
18594	0.2525
1602	0.0355
14655	0.0507
14657	0.0337
23883	0.0133
14659	0.0089
6810	0.0372
16245	0.0092
15872	0.2211
6816	0.0443
25444	0.4935
9755	0.0070
23333	0.0052
16313	0.1051
23334	0.0659
10576	0.0198
10577	0.0121
20465	0.0207
25446	0.0429
20395	0.1992
17909	0.0102
18934	0.1966
13066	0.0538
7326	0.0728
7327	0.1201
1968	0.0318
1969	0.0087
7322	0.0171
1617	0.1269
3238	0.0505
5196	0.4414
7328	0.6968
1961	0.0670
1962	0.0026
1963	0.0484
8849	0.1970
21060	0.0280
8840	0.5695
8842	0.0820
23765	0.0117
8847	0.1912
15675	0.0168
12956	0.1356
15677	0.6347
12952	0.0080
2874	0.7428
18715	0.0086
11848	0.0047
20265	0.0510
3356	0.0309
3351	0.3013
23886	0.0184
17835	0.9670
7666	0.0116
20061	0.1435
5442	0.0637
5441	0.0036
25241	0.8118
20068	0.1896
18535	0.0452
15373	0.8311
18628	0.0554
18629	0.4034
18821	0.4102
6960	0.0051
6962	0.7837
15903	0.0056
15456	0.1498
6969	0.3593
15459	0.1003
4536	0.0715
8152	0.1909
768	0.0492
8150	0.0061
769	0.0066
23884	0.2414
24554	0.0248
17726	0.3197
23721	0.0451
5501	0.0517
11119	0.0106
1547	0.0610
691	0.0436
12606	0.0471
694	0.0306
695	0.0240
23727	0.8509
11113	0.0289
14472	0.0175
11115	0.0820
14474	0.0034
11116	0.0536
541	0.1378
545	0.1140
7193	0.0444
7192	0.0481
548	0.1157
21377	0.1389
13841	0.2422
15313	0.0191
13845	0.5786
20895	0.0442
13846	0.0926
23608	0.1878
12578	0.0748
23432	0.0469
12579	0.0893
15298	0.0076
17318	0.0284
8530	0.0184
8023	0.0273
8026	0.0314
8027	0.0569
8536	0.3068
12823	0.0256
14505	0.1554
10215	0.2738
11027	0.0815
11761	0.9837
14502	0.1059
6565	0.8602
5610	0.0207
6566	0.0050
5617	0.0636
6563	0.0149
15053	0.0395
415	0.3416
410	0.3183
411	0.0527
14268	0.2182
419	0.4595
7688	0.4016
3827	0.5409
3825	0.0297
3822	0.3147
23467	0.0877
5001	0.0169
3828	0.0036
8445	0.2609
20215	0.0217
15239	0.2292
8183	0.1053
11563	0.0838
8448	0.1356
11565	0.1956
11566	0.1338
22396	0.0307
24586	0.0359
4280	0.0288
23845	0.0615
20742	0.0864
4285	0.0345
11367	0.0808
24779	0.0307
23753	0.0205
19564	-0.0018
368	0.0382
24910	-0.0015
367	0.7796
364	0.7666
19170	0.0204
22242	0.2318
19174	0.0369
25048	0.0443
19351	0.0711
24751	0.8756
19608	0.0969
22020	0.4051
20748	0.0124
16127	0.0427
16654	0.0351
16121	0.6620
25046	0.1136
16650	-0.0013
380	0.0885
381	0.4972
12729	0.0114
388	0.0703
12726	0.1259
12725	0.0351
12723	0.0589
12721	0.0648
12720	0.6636
4759	0.0090
18792	0.4937
19286	0.0176
4754	0.0064
6771	0.0962
6773	0.7494
9964	0.0150
9965	0.0522
9966	0.0369
9967	0.1088
24600	0.1367
11290	0.0727
22330	0.0306
23840	0.0304
16955	0.1373
25135	0.0320
17631	0.0359
25130	0.2756
17635	0.0998
19821	0.1017
3750	0.2159
3753	0.7228
15546	0.3044
3754	0.0444
21289	0.1785
3756	0.4297
13523	0.7688
13521	0.0342
4637	0.0030
2196	0.8270
13525	0.0654
16231	0.2300
253	0.0073
16233	0.2732
256	0.7413
23650	0.9366
11741	0.1857
2204	0.0035
2206	0.2053
11749	0.0729
25649	0.0753
15471	0.6459
12036	0.0051
19735	0.6672
19598	0.0003
11580	0.2248
6683	0.0080
6687	0.1381
20890	0.0170
2429	0.2364
19088	0.0151
20726	0.0087
18222	0.0158
6270	0.0875
9502	0.2986
9506	0.0164
2425	0.8197
25554	0.0096
1848	0.2962
16833	0.0284
169	0.0154
16343	0.1073
17529	0.0060
164	0.1904
13291	0.2161
7847	0.0443
167	0.0058
160	0.0135
13295	0.2221
16839	0.0891
13297	0.0025
12107	0.0774
6357	0.0927
19094	0.6821
6353	0.0057
13458	0.0067
23836	0.0009
3683	0.0041
4832	0.0343
4522	0.0999
4837	0.0845
4836	0.4967
6195	0.0835
24371	0.0178
11638	0.2343
18583	0.0306
9434	0.8379
23429	0.3213
2735	0.9132
16812	0.0085
9610	0.1180
2733	0.0000
10166	0.0401
11488	0.0268
17070	0.4336
22131	0.1843
10160	0.2378
21204	0.0169
9187	0.0565
9184	0.2139
21256	0.1197
13180	0.3080
22295	0.0782
10366	-0.0013
13188	0.0144
23426	0.0051
5052	0.4153
25638	0.6485
25641	0.0708
14889	0.1280
7209	0.0416
1817	0.0333
16904	0.0042
7203	0.0282
16908	0.2328
7206	0.5400
7205	0.3064
10761	0.0243
10760	0.0202
6220	0.9665
23422	0.0442
6225	0.1147
6229	0.0205
1157	0.1044
20384	0.0065
20385	0.0451
14640	0.0706
14641	0.0262
20381	0.0350
20382	0.3009
1098	0.2241
15841	0.0846
11611	0.4728
23891	0.1202
14869	0.0016
9766	0.0112
12120	0.3896
10501	0.0224
20473	0.9275
24370	0.0670
7335	0.0868
7333	0.0223
7332	0.0134
18947	0.0528
1978	0.0153
1975	0.7242
3226	0.2399
3223	0.0548
1970	0.0120
11964	0.1269
13275	0.0681
18434	0.2472
23792	0.7662
803	0.0172
18438	0.0738
20374	0.0452
805	0.2121
13279	0.0035
12921	0.0081
18099	0.6563
12922	0.0352
12925	0.0198
15604	0.0109
15607	0.3498
18760	0.0826
2844	0.0038
18762	0.0074
2843	0.2211
18586	0.0038
18094	0.2972
5476	0.7192
10217	0.0546
5475	0.1287
3324	0.0151
10210	0.0492
24400	0.0920
3328	0.0272
14517	0.1520
14266	0.0795
14260	0.2070
10218	0.0187
20525	0.0466
7058	0.3845
10181	0.0841
1770	0.0405
1773	0.3105
5273	0.0289
9896	0.8807
20078	0.0599
7055	0.0679
14131	0.0871
18015	0.2183
15112	0.1038
24606	0.0328
8149	0.1842
8148	0.1175
23079	0.0681
1159	0.0141
20239	0.0214
15934	0.7179
6995	0.0126
6996	0.0249
23076	0.0426
16563	0.0098
6993	0.0051
24543	0.0443
18366	0.1013
24544	0.0102
15114	0.2357
15113	0.0050
5516	0.3530
2998	0.0511
23544	-0.0015
1555	0.1430
3039	0.0012
17990	0.2268
2990	0.9046
54	0.9295
14461	0.1175
14466	0.0085
2995	0.0616
53	0.0824
2997	0.6355
8703	0.0427
535	0.0535
534	0.0041
15595	0.1263
8704	0.1687
15598	0.1831
19031	0.0417
17040	0.0248
8037	0.0227
13856	0.0402
13857	0.2665
8033	0.9814
24267	0.1162
10029	0.4068
3031	0.0483
5137	0.0233
5606	0.0171
5600	0.0602
24082	0.0092
12851	0.1108
9992	0.0471
8527	-0.0015
8526	0.1003
8525	0.4690
9996	0.5112
6519	0.0694
14514	0.1621
20130	0.0274
14510	0.0893
10022	0.8859
15024	0.0442
19928	0.2328
15168	0.0356
420	0.0650
422	0.0295
1393	0.5617
1392	0.1688
23643	0.0095
21686	0.5678
22657	0.0976
3814	0.3118
22653	0.0207
24683	0.3405
17497	0.5277
23493	0.0092
19554	0.1908
23252	0.0183
23709	0.0310
8450	0.0006
23705	0.0330
19021	0.0219
23258	0.1295
22386	0.1235
21613	0.3913
22978	0.7846
17141	0.0178
19165	0.0279
6426	0.8233
15332	0.0013
24409	0.0412
23001	0.0167
18858	0.0068
13980	0.0148
6429	0.8580
13982	0.0090
11354	0.0272
24384	0.0568
19020	0.0323
23389	0.0231
19685	0.0272
7545	0.8807
22034	0.0276
22035	0.0217
17298	0.1901
16134	0.1035
16135	0.0847
19340	0.0592
13850	0.0146
19342	0.1201
12738	0.0917
19023	0.2293
10227	0.0319
12734	0.0669
12736	0.0183
25366	0.0412
6769	0.0184
6768	0.4599
13670	0.0316
4740	0.0069
4747	0.9293
23817	0.0919
4744	0.2457
19761	0.2375
9970	-0.0012
19768	0.1286
16009	0.1309
24117	0.0036
9979	0.0094
25630	0.0311
14405	0.1975
25416	0.8477
25143	0.0454
25411	0.0139
4715	0.0591
17355	0.0196
17606	-0.0008
17357	0.1791
17351	0.0208
13627	0.0273
24940	0.1478
17600	0.1375
12025	0.0435
12768	0.0348
22728	0.1073
22729	0.0218
228	0.0203
227	0.1152
22597	0.0380
19900	0.0102
13063	0.0276
12028	0.0829
16227	0.0790
221	0.0221
4711	0.1292
23094	0.1657
23927	0.2321
23920	0.2217
23922	0.1726
23929	0.0929
20706	0.0163
21789	0.0715
6693	0.1183
19587	0.4083
6690	0.6165
6697	0.1104
9855	0.0429
21624	0.0564
21625	0.0001
20719	0.8845
24389	0.0299
20715	0.0763
20714	0.0501
16820	0.3620
16354	0.0498
16352	0.2795
19830	0.0669
8135	0.1655
15869	0.0606
15462	0.0741
7833	0.0458
23991	0.1271
21419	0.9168
25091	0.5256
6342	0.0642
12116	0.0671
13463	0.0364
8130	0.2193
13461	0.0177
14269	0.0086
4514	0.1234
6187	0.0748
6182	0.0130
23534	0.0391
9421	0.1876
2506	0.0216
12584	0.0708
17192	0.1502
11646	0.0133
10178	0.0052
5288	0.1144
9350	0.1482
9604	0.0049
9355	0.8897
9354	0.2364
5281	0.1178
15713	0.0723
9359	0.0681
10821	0.2226
5287	0.0921
10177	0.0192
9191	0.0489
9190	0.5721
21244	0.0036
9192	0.0007
7940	0.4656
7942	0.0118
10374	0.4996
22824	0.7086
5042	0.2883
20664	0.0170
3780	0.5348
14006	0.1052
8997	0.3894
21785	0.0550
6956	0.0312
20500	0.0103
6248	0.2391
10567	0.0260
12206	0.3087
6230	0.3085
4998	0.0302
20419	0.0294
14853	0.0067
14852	0.9442
20444	0.0102
18889	0.0255
18558	0.1523
20609	0.1699
15639	0.1194
18887	0.1867
15052	0.0423
20449	0.0285
14075	0.1478
20689	0.0118
9776	0.0230
9770	0.0633
10514	0.0665
21863	0.6516
3258	0.0248
8867	0.0122
7301	0.0423
9289	0.3572
9284	0.1155
24178	0.0322
24167	0.0298
13081	0.5218
9280	0.0437
13083	-0.0015
13082	0.0004
11910	0.0761
13241	0.1908
11912	0.7490
17252	0.1558
13249	0.0190
813	0.0894
815	0.4801
20091	0.0061
15610	0.1677
21649	0.1346
12937	0.0544
15614	0.0352
15615	0.8553
2851	0.0445
2850	0.0637
18770	0.0517
17440	0.3111
1490	0.0747
10207	0.0525
3331	0.6252
7046	0.8553
5465	0.0721
5464	0.8206
5469	0.0050
1499	0.0417
3339	0.0108
3338	0.0927
7048	0.5259
21539	0.2161
20042	0.0060
5264	0.0444
21433	0.0261
10191	0.0323
425	0.3442
10198	0.3157
10199	0.1426
18398	0.5559
15855	0.0234
15850	0.0468
1258	0.0499
23940	0.0875
19294	0.0349
4575	0.0304
19199	0.0307
6989	0.0411
6988	0.3792
8603	0.6476
1122	0.5701
8601	0.6791
6983	0.2284
1126	0.0201
14327	0.0803
11133	0.4135
11132	0.1732
15109	0.0045
15104	0.2113
14329	0.7701
24993	0.0624
14459	0.5579
20859	0.4788
14696	0.0407
17985	0.1844
3023	0.1223
14698	0.0796
2985	0.1862
24372	0.0135
525	0.1196
15586	0.1593
522	0.5571
23494	0.0691
15588	0.1612
1017	0.0155
528	0.1349
18089	0.0228
9299	0.0750
8517	0.0259
8514	0.0420
14506	0.1182
8045	0.5150
8046	0.3815
8048	0.7902
4192	0.0520
4191	0.4910
18923	0.3577
5672	0.0696
5673	0.0337
11008	0.1513
5679	0.8079
25102	0.0054
21317	0.0597
4352	0.0368
8289	0.2337
11003	0.1915
14522	0.0331
11001	0.0972
15039	-0.0019
14526	0.2413
6500	0.1625
15037	0.1157
15034	0.0062
11433	0.0194
24288	0.0185
23066	0.1887
23060	0.0526
18925	0.1626
15217	0.0372
24284	0.0747
24287	0.0267
22621	0.2445
24643	0.9695
14122	0.0130
18702	0.1684
21829	0.7653
23487	0.0935
23482	0.0676
17121	0.0043
8461	0.3593
23248	0.0502
8465	0.0171
22737	0.0992
23717	0.1494
11348	0.0229
8192	0.0850
15327	0.1442
8190	0.3360
8191	0.0140
8196	0.3427
6432	0.1324
6431	0.7327
11260	0.0236
8198	0.0233
5707	0.5509
24759	0.0063
12449	0.1925
7559	0.0912
24591	0.0991
23395	0.1255
21003	0.1136
20056	0.0599
25516	0.0313
19626	0.3166
4777	0.0727
4775	0.0176
21313	0.0163
17087	0.6726
13641	0.1500
22284	0.0981
22530	0.6711
4779	0.1564
4174	0.0102
17944	0.0010
4176	0.0006
22240	0.0307
13881	0.0242
4171	0.0126
4172	0.0133
3062	0.0041
14839	0.3529
6757	0.0252
5819	0.0108
9940	0.0352
9941	0.0027
16039	0.0332
15235	0.0155
16037	0.0087
16036	0.0098
16035	0.0593
5813	0.0110
16033	0.1902
16032	0.3663
18662	0.0379
5817	0.0377
19937	0.2286
17619	0.1221
16215	0.0612
16742	0.1720
16745	0.0040
16211	0.0235
10342	0.0443
16748	0.5741
17342	0.5884
17343	0.0236
12458	0.1504
6899	0.0658
16585	0.2735
12055	0.0841
12054	0.0000
25396	0.0338
14492	0.0060
9274	0.0244
236	0.2830
4615	0.0900
13505	0.2270
232	0.2022
9275	0.0309
23935	0.0175
12693	0.9052
2227	0.6148
2225	0.0318
18337	0.0144
5924	0.0120
5925	0.0097
10836	0.0555
5923	0.0807
5928	0.0174
10838	0.0488
21874	0.8041
21653	0.2781
20163	0.0255
142	0.0257
21870	0.0049
2468	0.1395
19241	0.6473
24444	0.0436
20705	0.0900
148	0.0236
21097	0.0154
4507	0.1685
7828	0.7709
21092	0.0384
7823	0.0165
16369	0.1533
13478	0.0143
4508	0.1800
23412	0.0186
16690	0.0309
16697	0.0208
16695	0.1127
22923	0.9847
2082	0.0070
19310	0.1492
16698	0.0538
2087	0.1151
5450	0.0169
2539	0.0015
5451	0.0536
17181	0.2351
17182	0.0208
11651	0.0053
5452	0.1122
17760	0.3027
20670	0.2032
20672	0.8373
9369	0.0056
2718	0.0180
9363	0.0160
7957	0.5294
10698	0.2539
7223	0.1216
5079	-0.0017
7953	0.0160
7952	0.1429
7227	0.0828
9164	0.0279
9165	0.3635
9166	0.5006
5071	0.0168
5077	0.3638
9162	0.0042
1833	0.0516
17406	0.0745
3799	0.0321
3798	0.1516
3794	0.0384
3797	0.0529
3791	0.0030
16967	0.0557
16966	0.0123
2154	0.0635
19616	0.2009
9563	0.0702
2151	0.0381
2400	0.0067
2153	0.0658
4989	0.0005
10745	0.0216
23999	0.0292
6244	0.1386
10742	0.0742
2408	0.7941
20452	0.0215
10524	0.0345
24665	0.3920
5387	0.0806
14661	0.0223
18566	0.7676
10529	0.4472
14667	0.1710
1957	0.0893
22839	0.0323
14064	0.0150
9704	0.1273
9705	0.0133
14992	0.0575
8873	0.0034
3248	0.1524
12852	0.1316
14997	0.0253
7315	0.1804
7314	0.2691
14999	0.0062
24115	0.0095
7313	0.9370
3244	0.0105
11902	0.0232
22373	0.7258
829	0.0634
12303	0.0404
11905	0.1814
825	-0.0016
23402	0.8588
18415	0.0071
12309	0.2911
820	0.1736
13253	-0.0004
12636	0.0851
12903	0.0205
12380	0.0513
1482	0.0484
14208	0.0395
10236	0.0316
3308	0.0371
3307	0.1751
3304	0.1447
20295	0.5323
3303	0.0260
15910	0.0961
1713	0.0927
1712	0.0206
1711	0.0119
9387	0.0306
9380	0.0211
792	0.0753
14190	0.0518
12889	0.2396
21509	0.0189
24028	0.0248
12886	0.0715
18108	0.2012
15829	0.0713
15828	0.6645
10568	0.0432
17084	0.0270
5946	0.0462
1138	0.0480
12145	0.0191
23503	0.5924
18186	0.1411
15955	0.1021
15954	0.3442
617	0.9173
15139	0.2020
23795	0.0459
9864	0.1592
7789	0.0088
14448	0.1535
11129	0.0119
21402	0.0598
24664	0.2154
10752	0.0328
7781	0.0239
3019	0.5891
17978	0.0256
7144	0.0314
7146	0.0051
10999	0.3901
3016	0.0167
13712	0.0566
7142	0.3412
3015	0.7845
21120	0.2506
18743	0.3650
926	0.0487
18741	0.9839
1007	0.0123
512	0.0048
1002	0.3650
8727	0.0120
1000	0.0157
12877	0.2473
4188	0.7727
10995	0.0848
8057	0.0830
8056	0.0098
8055	0.2047
23124	0.0486
8058	0.0425
4185	0.4243
4187	0.1052
1228	0.0229
15007	0.0106
5662	0.5037
6534	0.0849
8295	0.4184
6533	0.0212
13620	0.0118
4344	0.1086
15009	0.0799
18478	0.0000
19641	0.0186
7498	0.0626
15567	0.0414
11018	0.0182
11019	0.7663
22830	0.1079
2885	0.0593
8794	0.1618
7490	0.0298
14537	0.0610
7494	0.0686
11013	0.0211
18028	0.0432
24292	0.0141
23018	0.3537
11048	0.0336
17885	0.0464
22539	0.0266
3879	0.0121
18476	0.9685
22001	0.0194
22637	0.1553
22286	0.0076
14764	0.0340
16005	0.0425
3875	0.9573
23728	0.1712
15507	0.0248
11337	0.1701
11336	0.3191
23723	0.1532
23233	0.7500
23232	0.0220
8471	0.5526
23724	0.0094
11	0.0453
6403	0.3389
15311	0.6762
7565	0.0542
12477	0.1011
15316	0.2542
5719	0.0365
16	0.0186
19	0.0301
6408	0.0288
6409	0.0138
5711	0.0192
21403	0.5855
25631	0.0571
7763	0.0185
9986	0.3073
17702	0.2440
7768	0.0634
7769	0.1883
15207	0.0979
3900	0.1795
3902	0.3626
19324	0.0029
9943	0.1378
4761	0.0352
4760	0.0348
13652	0.0726
23346	0.0017
13656	0.0322
4766	0.0059
22526	0.8415
11486	0.0584
11483	0.2266
11482	0.3888
23838	0.0030
13895	0.0435
13892	0.0068
4162	0.2457
25063	0.0237
23029	0.6925
11244	0.0121
21277	0.3620
21583	0.0161
19039	0.0106
19740	0.0260
19037	0.6842
19742	0.0174
19035	0.0050
5807	0.0189
17718	0.0101
5804	0.3190
16752	0.2406
200	0.1117
15623	0.0295
19255	0.0119
16205	0.0021
206	0.2290
16208	0.0134
16209	0.0304
25164	0.0009
18881	0.0178
25162	0.0972
25161	0.0001
17350	0.0051
20699	0.0487
25368	0.0204
25365	0.0853
16599	0.0457
17168	0.0723
12049	0.0266
24987	0.0661
23903	0.1373
17490	0.2943
12686	0.0223
18822	0.0736
22166	0.7586
2230	0.0177
23908	0.2470
21884	0.0303
2234	0.0963
24646	0.1002
18879	-0.0014
5935	0.0555
19630	0.0344
10823	0.0251
10820	0.0381
5930	0.0310
10828	0.7997
16186	0.4877
17826	0.0548
19829	0.0620
19965	0.0704
21647	0.0104
3499	0.4551
17578	0.0136
4609	0.4525
7818	0.1603
4570	0.0910
4572	0.0364
21084	0.3570
3659	0.0535
18733	-0.0016
13406	0.2339
4578	0.0003
13408	0.0477
24985	0.8005
22851	0.0049
16370	0.1438
3651	0.2764
17825	0.9678
19441	0.0576
21681	0.0337
11990	0.0857
13514	0.1062
11663	0.0815
2520	0.1062
2522	0.3224
13384	0.7786
20399	0.3286
16683	0.5390
21748	0.7726
24966	0.0642
19904	0.1034
11462	0.0169
9277	0.2982
220	0.8733
11469	0.2101
22858	0.0052
9378	0.0548
2709	0.0784
5060	0.2439
23924	0.1142
2705	0.0243
23272	0.1040
2706	0.0054
4885	0.0700
4887	0.0108
7962	0.0121
25214	0.0314
25065	0.0253
9174	0.1312
10687	0.1421
10685	0.0545
25187	0.1089
13318	0.1895
4404	0.0172
13314	0.1391
13316	0.1113
1821	0.4758
4402	0.9117
10758	0.0330
6259	0.1086
12474	0.0938
9576	0.1865
2417	0.2001
12824	0.0755
9579	0.1696
925	0.5414
2149	0.0943
2148	0.0102
10530	0.0506
18619	0.1295
20937	0.0289
5396	0.3441
14236	0.3763
10539	0.0136
5398	0.0467
11805	0.2887
5748	0.0501
14059	0.0551
14234	0.2404
1926	0.0302
20117	0.0342
9717	0.9422
13937	0.3689
9714	0.9336
832	0.1296
18979	0.4333
22992	0.0364
3473	0.0425
8885	0.1774
24101	0.1219
18975	0.0858
7366	0.0041
7367	0.6668
3	0.0116
13221	0.9773
18401	0.1119
18404	0.3031
19994	0.0988
5586	0.0439
18994	0.3733
7074	0.0246
18990	0.1732
21335	0.1546
12479	0.0286
12916	0.0204
12917	0.1327
7023	0.0502
7027	0.3434
9002	0.1454
2353	0.0618
24414	0.0604
10226	0.3592
3312	0.0166
5482	0.0477
5481	0.1104
9008	0.0005
24036	0.0395
20028	0.0392
786	0.0231
780	0.2423
1729	0.0184
20021	0.0320
20023	0.0417
1722	0.0319
21518	0.0791
17325	0.8550
13135	0.0171
18577	0.0130
18571	0.0940
12403	0.0933
19228	0.0112
18579	0.1204
20756	0.1506
15948	0.0750
5624	0.0421
15122	0.0026
18196	0.7799
9000	0.0297
18193	0.2015
18191	0.1914
3004	0.1161
63	0.0149
3000	0.0211
10076	0.0441
67	0.0356
7791	0.0941
17104	0.0543
11896	0.0309
22626	0.2661
20337	0.1219
1589	0.0202
17454	-0.0018
17968	0.1535
1582	0.0432
1581	0.0426
20561	0.0306
7151	0.1265
1372	0.0452
18754	0.0227
10222	0.0044
18757	0.0366
1031	0.1415
1036	0.2437
1037	0.0097
630	0.0152
23649	0.1878
12866	0.0815
23136	0.1475
8067	0.0414
1218	0.0118
927	0.0056
8062	0.0084
23645	-0.0006
7485	0.4533
6520	0.1943
6522	0.1173
6525	0.0089
9452	0.4563
6526	0.9503
4373	0.5500
5654	0.8397
4371	0.1606
7489	0.0500
5650	0.2098
11069	0.2712
16458	0.1330
2895	0.0280
23293	0.0843
24031	0.0154
11065	0.0590
25561	0.3111
14547	0.0786
14546	0.4969
1454	0.0401
1104	0.0165
17899	0.1464
1451	0.0029
1452	0.0934
17892	0.0141
25567	0.0050
17890	0.2060
23009	0.0733
10188	0.1781
13791	0.7400
4081	0.3965
4083	0.1894
23732	0.0854
13796	0.0495
4088	0.0464
3867	0.0780
3866	0.0320
3865	0.0924
8409	-0.0016
15927	0.2919
11325	0.2696
25240	0.0068
7571	0.0482
7570	0.0603
7573	0.1810
3734	0.0415
15308	-0.0017
7574	0.0783
19138	0.2028
5722	0.1200
21202	0.0474
6417	0.0006
20070	0.0003
15300	0.0370
6410	0.1882
9812	0.0189
9813	0.0301
7775	0.2855
13762	0.0459
13038	0.4212
3917	0.0171
8315	0.1013
8316	0.1479
13468	0.1449
23824	0.0187
4799	0.0200
8312	0.1084
23351	0.7565
21971	0.6540
5836	0.0264
5995	0.3043
4150	0.0135
4156	0.0208
25095	0.0271
4154	0.0520
13721	0.0517
11257	0.1368
11254	0.0109
4159	0.0405
10886	0.3348
18900	0.0322
13506	0.0399
7028	0.0975
13723	0.0089
13462	0.0282
23271	0.5455
9922	0.0117
24642	0.0293
9926	0.0233
13725	0.3024
19263	0.0135
212	0.0333
11579	0.0482
22771	0.6013
8218	0.0188
25170	0.8260
16766	0.1047
19269	0.0409
22679	0.0909
20573	0.0504
25378	0.0249
11783	0.0137
16564	0.1197
6085	0.7044
25372	0.0609
11789	0.0413
6080	0.3316
12070	0.0320
23914	0.2012
23915	0.0585
23917	0.0032
6640	0.0437
12670	0.5819
5902	0.0248
17217	0.0394
16165	0.5674
16164	0.1140
15086	0.0459
16168	0.0283
19881	0.0440
3488	0.0186
7803	-0.0002
17561	0.1413
7807	0.5447
7806	0.0421
24825	0.0107
3480	0.2906
3484	0.0264
20472	0.4289
13411	0.1491
21078	0.1519
24663	0.0484
13418	0.1148
4568	0.4153
21071	0.0685
19864	0.0325
19867	0.0561
2550	0.2447
6399	0.0107
2554	-0.0009
11675	0.0687
2558	0.0571
6393	0.0872
6390	0.0685
18297	-0.0013
11476	0.0320
19069	0.3577
14300	-0.0015
2390	0.2056
17363	0.0066
17190	0.0167
17368	0.1206
2399	0.0084
20612	0.1119
5011	0.6537
4898	0.0172
13940	0.1212
14305	0.9470
5016	0.0566
4893	0.7186
4892	0.0426
4891	0.4035
17782	0.0140
4894	0.0533
16947	0.0201
20929	0.2488
16944	0.1681
16410	0.0946
25277	0.0140
18355	0.1227
7975	0.4744
7974	0.5566
9492	0.3768
7976	0.0721
16418	0.0205
9144	0.0102
9497	0.0244
1858	0.0197
7522	0.0592
12255	0.0425
12254	0.9206
6260	0.1034
13304	0.0102
9606	0.0117
4413	0.1054
4412	0.0524
4411	0.0411
13301	0.0357
6065	0.0422
13598	0.0052
2176	0.0586
17097	0.6488
15382	0.0306
2175	0.3859
22276	0.0042
917	0.0121
9545	0.4261
12099	0.0418
6069	0.0004
21107	0.0775
4960	0.0388
2604	0.0298
14045	0.0093
9724	0.0286
2607	0.0639
20928	0.7271
2601	0.0783
14042	0.1025
2603	0.1983
20926	0.3267
20920	0.1792
14049	0.0745
14824	0.0253
9729	0.0252
3261	0.0160
24136	0.1153
21327	0.1890
20336	-0.0016
10039	0.0131
1936	0.0435
10785	0.9562
3266	0.0134
5124	0.0511
1939	0.6190
20101	0.2780
3464	0.0244
22984	0.0598
20574	0.7189
3460	0.8380
22989	0.0320
7370	0.1556
21699	0.0432
8890	0.0314
12322	0.0022
12320	0.8495
20586	0.9406
20588	0.0999
19141	0.0521
10292	0.0172
11926	0.0109
22941	0.2551
14221	0.0207
14955	0.0182
7230	0.0218
16902	0.0848
20232	0.3361
21360	0.3247
1739	0.0144
1738	0.1380
13237	0.0211
18694	0.0288
24005	0.0075
1730	0.0194
5232	0.0876
20036	0.2024
1734	0.0317
1737	0.0667
20666	0.2473
13124	0.0954
13125	0.0189
15808	0.3884
15806	0.0536
15805	0.0169
17073	0.0810
11818	0.0092
18142	0.1993
13129	0.0699
752	0.0502
756	0.0219
17428	0.1289
25052	0.0007
6886	0.0950
6887	0.0151
1596	0.0287
6882	0.1760
1590	0.0543
3076	0.7368
1592	0.0352
18322	0.2448
2950	0.0265
14311	0.2425
1027	0.0288
1020	0.8462
12713	0.0233
17951	0.0270
7161	0.0516
7164	0.0239
4365	0.9708
24029	0.0150
4361	0.1647
1205	0.0262
12897	0.0104
1206	0.0485
1201	0.1322
4368	0.0117
12892	0.1965
15573	0.8716
15571	0.6160
8278	-0.0011
8277	0.9023
14559	0.0163
11072	0.0460
14550	0.2465
22707	0.0420
3102	0.0645
14555	0.0475
8671	0.5272
8670	0.0947
5	0.6623
1441	0.0123
12869	0.0215
8064	0.1574
20923	0.6549
4092	0.4053
23215	0.0651
4090	0.2571
4097	0.0241
22348	0.0539
22349	0.2349
19126	0.1509
22615	0.0352
22340	0.0134
23587	0.1423
23584	0.0769
5730	0.6063
11319	0.0266
12205	0.0815
5739	0.0016
5738	0.0224
481	0.0205
8414	0.1254
15010	0.1035
6462	0.3600
12201	0.0566
9801	0.0269
7583	0.1060
18120	0.0123
7747	0.1167
22640	0.3482
18166	0.6206
7749	0.1603
14044	0.1626
23879	0.0378
15543	0.0129
14174	0.0208
8724	0.0356
24153	0.0806
20446	0.8584
3929	0.0030
22508	0.0231
23977	0.0263
6721	0.0460
12158	0.0464
8301	0.0447
6724	0.0052
6729	0.0912
6728	0.0088
4782	0.4467
11886	0.1023
19014	0.3276
8095	0.0039
8267	0.1033
12521	0.0132
4148	0.1284
23694	0.6977
4145	0.0611
8260	0.0308
24634	0.0223
4146	0.1172
4140	-0.0012
4142	0.2797
14912	0.0091
3855	0.0175
21851	0.0209
3853	0.1820
22085	0.1447
8726	0.0695
14426	0.0587
19275	0.5497
18553	0.0969
6099	0.0213
12069	0.0185
19784	0.1411
16577	0.0259
9079	0.0396
12064	-0.0017
6094	0.4450
16571	0.2102
10350	0.0321
11300	0.0349
6658	0.5582
6657	0.0009
12664	0.0027
6652	0.0308
16173	0.0746
19650	0.0574
19651	0.0522
15548	0.0569
16141	0.0051
16175	0.0393
10806	0.3392
16179	0.0252
20990	0.5875
14596	0.0238
198	0.8729
21844	0.0282
14545	0.1829
17552	0.4492
21666	0.1525
192	0.0403
6384	0.0344
19879	0.0162
4556	0.0324
4557	0.0115
6388	0.2830
4550	-0.0014
21061	0.0426
15494	0.0562
21996	0.0870
19513	0.0831
11687	0.1391
11686	0.0219
17898	0.7160
14070	0.3413
11443	0.0289
2382	0.0372
11447	0.0318
17237	0.0154
12793	0.3181
24801	0.0500
20544	-0.0015
5003	0.0290
5002	0.0351
2769	0.0227
9156	0.0341
3585	0.2493
10334	0.2500
2762	0.1374
20625	0.0410
20624	0.4565
9159	0.0001
9158	0.8994
22899	0.1076
9489	0.0533
12213	0.0323
14924	0.0518
17131	0.3935
24168	0.0174
7902	0.3868
17132	0.0979
17134	0.0729
11304	0.2232
7907	0.0045
245	0.0461
12242	0.1405
901	0.0160
6275	0.0276
6274	0.0482
16790	0.0118
16791	0.0963
6279	0.1577
4426	0.0821
25129	0.0130
1845	-0.0015
1844	0.1153
6077	0.0604
12087	0.0952
4958	0.4510
22705	0.0830
12082	0.0464
12083	0.7263
6071	0.0651
4950	0.3658
4956	0.1830
2160	0.1398
9731	0.8367
14032	0.3714
16718	0.1564
9738	0.0163
20486	0.0532
21336	0.0029
13430	0.5865
7345	0.0100
3298	0.3477
10799	0.0230
7341	0.0214
1906	-0.0017
1907	0.2351
10024	0.1906
3297	0.0307
5133	0.0061
24232	0.0806
21339	0.0136
13207	0.1884
21683	0.1405
11859	0.0219
3458	0.0531
21596	0.5582
13209	0.0348
17512	0.1266
22355	0.1199
6	0.0337
12334	0.0294
20964	0.0681
12337	0.0776
12331	0.2721
12332	0.0585
15907	0.7444
14968	0.4202
14783	-0.0003
14920	0.0076
13162	0.2339
20551	0.0035
13163	0.0589
7000	0.2539
10240	0.0190
20559	0.1546
14140	0.0961
14143	0.1909
10245	0.0102
18686	0.0029
18687	0.0597
23182	0.0439
21537	0.3891
5227	0.0329
21531	0.0580
21732	0.0344
18512	0.0125
11860	0.4783
8936	0.7463
14814	0.2315
18517	0.2042
18514	0.4267
14810	0.8660
15557	0.4185
20604	0.0323
15140	0.0912
12813	0.0462
746	0.0268
15145	0.2371
22423	0.0371
15780	0.9121
6890	0.0458
3061	0.1565
17947	0.0587
7171	0.0917
3066	0.2655
7173	0.0381
2947	0.0955
14360	0.0136
14491	0.0195
18331	0.0011
14365	0.0332
14364	0.0167
14495	0.0518
20312	0.0198
1052	0.0340
1053	0.0086
1054	0.6931
16393	0.0152
1059	0.2092
1693	0.2058
16396	0.0190
20425	0.4738
1698	0.0066
618	0.2432
18678	0.1535
4317	0.2606
612	0.1089
613	0.0035
12884	0.5307
616	0.6453
1275	0.0071
12881	0.0732
8798	0.0179
15568	0.2763
14594	0.1541
24936	0.0376
8242	-0.0003
15061	0.4465
24485	0.2099
8241	0.0032
8246	0.2389
11049	0.0013
9819	0.0389
14765	0.2624
5461	0.1327
14760	0.1882
14762	0.0855
3116	0.1012
21046	0.5145
3111	0.0634
2371	0.0592
1473	0.1160
15965	0.0301
1474	0.0236
8649	0.0058
15968	0.0167
10172	0.3434
1478	0.0435
8642	0.0052
15306	0.0254
23026	0.5606
8641	0.0574
8426	0.0405
8427	0.0279
1306	0.2906
23203	0.8992
17919	0.0564
19853	0.1599
23758	0.2543
22376	0.1658
23590	0.0014
5741	0.1034
23592	0.1990
23593	0.0531
5744	0.1216
23595	0.0605
5746	0.0387
15752	0.1258
494	0.0285
13934	0.0409
4226	0.1081
4227	0.0615
490	0.8178
14213	0.0003
11307	0.7192
24	0.0203
5584	0.0472
20	0.0252
5580	0.7171
7598	0.0400
22739	0.1034
9833	0.1292
12401	0.0382
12406	0.0068
24796	0.0221
17912	0.0825
23115	0.0044
21492	0.2558
7759	0.2900
23111	0.1114
23112	0.3962
7755	0.2045
7754	0.4852
15754	0.0841
18698	0.1269
20125	0.1454
13773	0.0681
10304	0.0516
3939	0.1085
19466	0.0740
3931	0.2026
22892	0.1542
3932	0.1291
8330	0.3784
8336	0.0665
21239	0.0239
8334	0.2231
11273	0.6575
23374	0.1132
23371	0.1107
19061	0.0532
12537	0.0387
12534	0.0313
22323	0.0879
15212	0.0250
21866	0.0795
19066	0.2779
17417	0.2218
22324	0.1703
4132	0.0471
4133	0.8296
17128	-0.0013
15218	0.0236
4137	0.0912
5692	0.0344
24464	0.0139
3843	0.0300
5697	0.2514
3849	0.3462
5699	0.0487
13626	0.0079
25357	0.1289
19201	0.0308
22794	0.4143
22791	0.2079
22790	0.0051
16098	0.4077
16549	0.0322
22409	0.0122
22408	0.0067
24895	0.0679
22104	0.3068
22407	0.0476
15973	0.0441
25479	0.0100
4045	0.0112
13756	0.0661
4040	0.0544
12652	0.0068
6660	0.7352
12657	0.0337
18253	0.1075
23974	0.0247
24891	0.0120
10878	0.0185
17870	0.9488
21600	0.0090
22087	0.0195
19666	0.0087
5962	0.0010
10872	0.0060
5966	0.3533
19660	0.0052
16891	0.0140
17549	0.0459
16325	0.0407
24808	0.0343
16897	0.0191
25538	0.0401
16898	0.7564
21833	0.3391
23847	0.0711
17230	0.2013
4549	0.0522
20321	0.1004
22930	0.4932
19720	0.0425
19683	0.2127
19682	0.0624
4541	0.7208
13432	0.0692
19689	0.2050
19329	0.2807
24307	0.0088
23354	0.0143
11691	0.3540
13258	0.2368
10906	0.0677
11459	0.0847
16803	0.0208
11454	0.1850
22694	0.0056
24935	0.3879
24934	0.0733
2370	0.2847
3692	0.0877
6735	0.0408
17436	0.6639
3594	0.0474
10307	0.0114
10306	0.2912
5035	0.0892
8231	0.0021
5030	0.0231
5031	0.1992
12600	0.1253
8507	0.2642
6593	0.1120
1872	0.1162
13321	0.1282
13322	0.0380
13323	0.0206
7913	0.0552
25225	0.7634
7910	0.0177
7915	0.1852
1082	0.0239
974	0.0002
15531	0.0390
23986	-0.0017
2118	0.0275
183	0.1454
6040	0.0646
19750	0.2348
187	0.0115
15925	0.0116
2110	0.0930
21934	0.5567
189	0.0097
19923	0.0316
20837	0.7058
2623	0.0225
14020	0.0122
2621	0.1615
17046	0.0661
8606	0.0410
20835	0.0471
20128	0.8897
5834	0.0996
20945	0.0170
9582	0.0416
10620	0.7229
9585	0.6996
1911	0.3475
10012	0.0977
19739	0.0606
3284	0.2187
10017	0.0331
10015	0.6310
3280	0.1356
13211	0.0498
9408	0.1100
13218	0.3124
860	0.0756
22937	0.2188
862	0.0547
22961	0.0994
13702	0.0742
2752	0.1796
2751	0.0180
10497	0.0746
10495	0.0131
2029	0.5378
10276	0.0629
9393	0.0373
14979	0.3266
885	0.0282
10401	0.0322
888	0.1462
18236	0.0622
14972	0.1135
10475	0.0644
5217	0.0933
10477	0.4228
10476	0.1462
10471	0.0308
20543	0.0350
20017	0.4751
9050	0.0123
24090	0.0726
9054	0.0165
14153	0.0295
9886	0.0371
14592	0.6028
24062	0.2360
21546	0.0370
11872	0.0935
22898	0.1997
11871	0.0371
14804	0.0472
8920	0.0261
13104	0.0087
11878	0.0291
13107	0.9002
13100	0.2922
18830	0.0528
19437	0.0486
18306	0.1149
20552	0.2445
18651	0.1343
772	0.0415
24098	0.0063
18659	0.0085
15171	0.0188
18308	0.0165
75	0.0999
14379	0.0095
7104	0.0116
17934	0.0551
7106	0.0430
2973	0.0753
14371	0.0104
6860	0.1945
2977	0.0916
2974	0.8555
20424	0.0787
1047	0.2101
5367	0.0930
23706	0.0745
21302	0.0385
5413	0.0060
10392	0.0369
1689	0.0068
18782	0.0929
18780	0.3658
19990	0.6357
4301	0.0017
669	0.7724
8252	0.1416
17941	0.2240
1262	0.0054
663	0.0090
1266	0.0750
660	0.0052
18012	0.1492
8789	0.1932
8788	0.1457
11054	0.1077
11056	0.0428
17750	0.0070
11059	0.0783
24471	0.0449
3129	0.0052
15680	0.0274
3120	0.0362
3121	0.0477
7610	0.0033
23944	0.8851
1469	0.1252
23000	0.0508
15997	0.0872
15991	0.0687
1463	0.0240
15748	0.9888
19541	0.0609
1311	0.0068
17923	0.0304
21738	0.0403
5753	0.0051
15427	0.0938
12434	0.0717
6910	0.0345
6443	0.1729
12431	0.0706
6913	0.0511
23564	0.0187
4235	0.0338
13925	0.2963
13923	0.6824
23563	0.3879
4230	0.2555
5590	0.0482
5594	0.1094
20997	0.0185
12520	0.1079
23150	0.0278
18840	0.0494
18841	0.1655
23168	0.0487
20908	0.0003
7726	0.0741
3948	0.1968
22563	0.9515
19478	0.0403
13693	0.7393
3940	0.7238
19475	0.1237
315	0.2668
6709	0.7318
23308	0.0374
6701	0.0270
8327	0.7324
8320	0.0400
8322	0.0118
24671	0.0149
19070	0.0208
24673	0.7435
19076	0.0155
12506	0.0282
23827	0.0426
15229	0.1960
12508	0.0079
4126	0.0171
16560	0.0121
7434	0.0060
19765	0.0882
7431	0.1910
24470	0.0698
7433	0.0067
5685	0.1686
24478	0.8344
17183	0.1866
22873	0.0586
25323	0.3424
19219	0.1071
22788	0.6879
22789	0.2722
10498	0.0149
22783	0.2255
6675	0.0440
6677	0.2287
16089	0.0612
12641	-0.0018
23413	0.1747
6672	0.0370
22145	0.1051
13860	0.0203
12648	0.2882
12649	0.0352
22410	0.0555
23785	0.0445
20285	0.0289
23549	0.0102
4058	0.1425
22092	0.0078
19679	0.3141
5973	0.3075
16151	0.1542
10860	0.0409
6218	0.0350
16157	0.1865
16332	0.0094
16881	0.0242
19502	0.1595
13242	0.0603
19856	0.1283
21821	0.0588
21826	0.0293
21827	0.0222
15293	0.3134
19509	0.0376
8126	0.0577
25035	0.0634
23618	0.0220
25037	0.0124
23093	0.0178
25032	0.1364
16145	0.0421
10813	0.1285
23156	0.0120
16522	0.0101
13880	0.0345
23095	0.0442
15290	0.0086
2564	0.2174
8690	0.6053
24928	0.0527
8288	0.0388
10910	0.0152
2368	0.3591
24080	0.0272
2366	0.0304
17335	0.2592
11422	0.0923
2362	0.1379
17330	0.0068
7290	0.0310
10319	0.0206
9131	0.0319
17442	0.1726
7922	0.0216
9135	0.0376
9134	0.0251
7298	0.0328
7299	0.0220
5023	0.0179
16166	0.0397
10316	0.1572
7929	0.0195
4440	0.0877
4442	0.0100
13352	0.0300
3728	0.1156
16429	0.4052
16425	0.0172
25252	0.0496
3721	0.0613
16422	0.0074
964	0.8623
20546	0.0166
966	0.0163
13650	0.9259
960	0.0103
962	0.0243
6298	0.0669
4939	0.0576
6292	0.0841
4689	0.0436
11736	0.8675
10954	0.1135
23633	0.0515
2100	0.2961
6051	0.0102
11738	0.1818
10006	0.4023
5116	0.0359
20154	0.8907
20158	0.0165
5118	0.0285
14011	0.6796
20796	0.2328
20795	0.2534
20794	0.0051
17066	0.2538
9229	0.3570
8955	0.3319
9596	0.0283
9590	-0.0014
9593	0.0892
20798	0.0247
21383	0.0646
17592	0.0618
20462	0.1698
17597	0.7047
3430	0.0152
22950	0.3603
3434	0.0934
22955	0.3458
3437	0.0366
10488	0.0182
2742	0.5077
4596	0.0246
4849	0.2635
24824	0.1057
12352	0.0445
15150	0.0053
4599	0.0821
4841	0.0132
2038	0.0933
10260	0.0057
14572	0.0162
10263	0.1161
24147	0.1831
21411	0.0283
899	0.0872
14902	0.0136
14906	0.4780
5201	-0.0014
20572	0.0220
5203	0.0891
20570	0.0682
10462	0.3077
21671	0.6104
10460	0.9806
5206	0.1189
9043	0.0375
5208	0.0237
11992	0.0018
11994	0.2198
11997	0.0539
5198	0.0757
17399	0.0423
21558	0.1884
3547	0.0941
3541	0.1798
24071	0.0238
24077	0.0272
21554	0.0318
24989	0.0352
24467	0.8208
11849	-0.0005
8915	0.0143
11846	0.0464
11843	0.0325
10086	0.1124
11841	0.0291
13176	0.0101
11191	0.2267
11190	0.9903
2967	0.2929
2966	0.1125
14342	0.0156
14341	-0.0011
18641	0.0633
18318	0.0219
18319	0.0647
19046	0.0339
766	0.0387
15165	0.0501
18648	0.0249
765	0.5581
3049	0.0478
17643	0.0383
7117	0.2035
24148	0.0520
6878	0.2051
6877	0.0136
3043	0.3364
15763	0.3571
6870	0.4027
18796	0.0051
25511	0.0509
1078	0.0268
18793	0.0503
19045	0.2417
20373	0.0529
20372	0.0833
1073	0.0795
21070	0.0053
23486	0.0193
14803	0.0008
17149	0.1897
21073	0.0234
15488	0.0301
19183	0.8554
25016	0.0347
20490	0.0304
17644	0.1665
18534	0.0139
1094	0.3530
11670	0.1850
1091	0.0451
1092	0.0085
4336	0.0467
18528	0.4883
4332	0.1187
671	0.0253
4330	0.0202
673	0.1109
18835	0.3815
15508	0.0225
3132	0.0153
13774	0.0018
3138	0.0202
18002	0.0121
14741	0.0449
14740	0.0808
17856	0.0370
18523	0.0732
7605	0.1192
7604	0.1076
7603	0.0391
24265	0.0375
21989	0.1019
13552	0.1516
22895	0.4597
1323	0.1729
22677	0.0577
11343	0.1280
23776	-0.0012
9850	0.0910
9852	0.3884
9853	0.5997
15432	0.0379
6454	0.0488
5766	0.0825
6458	0.0992
13911	0.0392
5765	0.0849
4206	0.0219
4207	0.2015
15185	0.0202
5569	0.0315
19772	0.9479
5560	0.0023
5562	0.5266
11222	0.0026
1254	0.0984
1253	0.0095
7731	0.0250
7730	0.0136
7736	0.0158
7735	0.0174
23148	0.0932
308	0.0519
15326	0.1613
22406	0.0324
23345	0.0122
15248	0.0355
3952	0.0506
19193	0.1836
3957	0.0115
19194	0.0947
11210	0.0978
11211	0.0279
11216	0.0137
18309	0.0101
11214	0.0130
25588	0.0228
23313	0.0688
15323	0.1035
24219	0.2921
3343	0.0723
8194	0.9531
15234	0.2437
12515	0.0904
12516	0.3851
17933	0.0626
15232	-0.0012
19899	0.0228
15701	0.0201
24440	0.0203
7890	0.1059
7421	0.0562
19118	0.0204
20263	0.0735
11479	0.8081
16520	0.1362
8199	0.3744
25334	0.4898
12564	0.1104
23950	0.0079
6602	0.0398
6604	0.0061
6606	0.2126
7109	0.2412
6608	0.0117
6609	0.3223
24691	0.0289
4062	0.8956
5945	0.1919
4066	0.0202
17021	0.3325
4065	0.0330
11506	0.0343
11504	0.4806
11505	0.1089
24597	0.0135
11500	0.0466
982	0.0023
5781	0.2774
17837	0.1428
3601	0.0312
3600	0.0465
19537	0.0256
3606	0.0784
986	0.0250
14618	0.0292
16180	0.0273
16187	0.0621
13276	0.2089
25028	0.7366
16637	0.0273
12184	0.0151
12182	0.5689
24436	0.1475
22889	0.3264
12747	0.2908
12746	0.7092
25204	0.0629
6112	0.0178
24451	0.9871
17328	0.0702
17329	0.0165
10921	0.0411
25205	0.0596
19995	0.0703
19222	0.2832
19996	0.0047
17320	0.3386
111	0.0441
17322	0.1282
10928	0.3726
11437	0.0446
16942	0.0773
7283	0.0404
17102	0.0099
1048	0.3049
9458	0.0482
7286	0.1032
17106	0.0535
21788	0.0130
21786	0.0532
9456	0.9095
22918	0.0136
9102	0.0456
10676	0.0132
9100	0.0082
4453	0.4213
4452	0.0995
16989	0.0404
13341	0.7421
21148	0.0728
13345	0.0650
16982	0.0264
4459	0.0391
4458	0.0090
16457	0.0894
16456	0.8808
12299	0.0306
2135	0.6020
4696	0.0491
951	0.1272
12291	0.0222
952	0.0372
954	0.2567
12295	0.0485
12294	0.5717
6028	0.4420
17216	0.0583
11725	0.4049
11722	0.0473
25208	0.0156
24867	0.1327
24866	0.0894
20810	0.2494
24868	0.0184
23451	0.0130
6026	0.0630
2648	0.0036
20140	0.1016
20144	0.0661
1859	0.0495
10079	0.6525
5169	0.0267
20148	0.0166
16787	0.0298
2646	0.0297
2647	0.4721
20781	0.0106
9218	0.0526
22947	0.0600
16178	0.0447
17074	0.0480
9213	0.0172
9210	0.0096
9211	0.8388
9216	0.7350
9215	0.0271
3428	0.0325
17588	0.0764
13308	0.0064
22282	0.0398
14934	0.0541
17586	0.4436
3420	0.0034
17580	0.0275
16858	0.0514
17582	0.2706
13422	0.0515
22129	0.0257
12161	0.6253
4588	0.0403
6333	0.0437
4856	0.1309
25090	0.0151
4852	0.0369
4582	0.0054
13902	0.1361
9077	0.0369
14176	0.0232
10299	0.0344
14171	0.0528
12483	0.1024
10295	0.0191
14913	0.2473
10291	0.4089
1855	0.0254
9675	0.0027
11988	0.0309
20568	0.0595
10456	0.0309
9673	0.0749
11983	0.1392
25199	0.0575
9679	0.0915
25555	0.1747
24680	0.8212
3554	0.0133
3553	0.0493
21762	0.0309
10580	0.3025
13168	0.0174
10585	0.0946
18621	-0.0016
23511	0.0308
11850	0.1056
11851	0.0258
8907	0.6150
13167	0.0523
8902	0.0185
11182	0.0729
719	0.0971
2917	0.0811
716	0.1547
9549	0.0943
1794	0.4537
24309	0.2077
18047	0.0388
7128	0.0991
19633	0.0214
17917	0.0198
7127	0.5172
6846	0.0403
15756	0.0627
6845	0.1039
22655	0.1334
25025	0.0073
11052	-0.0002
20364	0.0200
1066	0.0244
18250	-0.0014
13518	0.9406
18159	0.0755
13010	0.0530
1660	0.0187
9726	0.0004
1085	0.0593
592	0.0419
594	0.0725
597	0.0528
6597	0.4740
18524	0.0254
1089	0.0128
12987	0.0461
24277	0.0953
24270	0.0217
12982	0.2670
22868	0.0364
2824	0.5185
18070	0.0521
2826	0.6424
18330	0.3645
2820	0.1595
14593	0.0070
14591	0.0777
5417	0.0028
14758	0.0174
3381	0.0248
14754	0.0262
14755	0.0597
17860	0.0609
17867	0.0007
7637	0.0319
23201	0.0397
20284	-0.0021
18467	0.0271
19450	0.1577
1407	0.2598
4214	0.0819
4217	0.0316
1339	0.0937
4213	0.0672
4212	0.0495
11951	0.9172
440	0.4984
13908	0.0077
13909	0.0351
445	0.1368
10139	0.0013
23099	0.2404
25620	0.0558
15401	0.0676
9840	0.5575
15407	0.1795
9845	0.0762
19756	0.0228
5770	0.0067
6938	0.0149
8124	0.8917
5775	0.0697
2497	0.1169
8693	0.2353
5776	0.0701
1933	0.7249
39	0.0575
7703	0.2811
5577	0.0303
5576	0.0278
5572	0.0597
24194	0.0634
5570	0.1670
18312	0.0504
21454	0.1685
3096	0.8069
644	0.0822
647	-0.0019
3095	0.0385
21453	0.2167
19022	0.0413
23143	0.0355
14473	0.0136
10038	0.0149
14719	0.0061
24484	0.1470
23321	0.0552
24334	0.0349
14475	0.0421
19181	0.5806
331	0.0032
24979	0.1463
3057	0.1968
18313	0.1352
4100	0.0275
4103	0.0169
25151	0.0525
4108	0.0646
11225	0.0305
25289	0.2494
8346	0.0135
12568	0.0259
17738	0.0509
22761	0.0314
19050	0.0640
15240	0.2566
15242	0.0184
10756	0.2002
12567	0.0672
12566	0.0642
7412	0.0091
22303	-0.0013
22306	0.0396
22304	0.0302
17347	0.0641
24454	-0.0002
24415	0.0486
21028	0.1112
3894	0.0069
22434	0.0900
22436	0.0405
22437	0.0550
22430	0.2309
22431	0.1206
16535	0.0514
25306	0.0153
18315	0.0695
25650	0.0417
17615	0.0722
12622	0.3823
12623	0.0464
844	0.0122
6617	0.0006
1635	0.0976
16218	0.0261
22126	0.0332
10840	0.8265
5952	0.0143
4079	0.0574
13769	0.0163
10675	-0.0003
10848	0.2326
10849	0.0329
13766	0.0461
8898	0.3010
11537	0.0086
4070	0.0198
11535	0.0199
15279	0.0195
3962	0.0241
3963	0.0062
3960	0.0080
22862	0.0570
19458	0.9306
23562	0.2994
8079	0.0391
19528	0.0254
3639	0.2982
3636	0.0049
19526	0.0571
16580	0.0427
19520	0.1042
3630	0.2315
12199	0.0698
13501	0.0101
12190	0.3921
24483	0.0035
12194	0.0393
4613	0.0184
16620	0.8066
16621	0.0512
11406	0.0169
2346	0.0446
14479	0.0045
12758	0.0219
9691	0.0317
12756	0.0473
16190	0.2246
24274	0.2785
2349	0.0164
6100	0.0435
19231	0.0140
19232	0.0209
4617	0.0618
22022	-0.0008
21296	0.7737
10933	0.0105
9119	0.4379
25273	0.2395
9449	0.0556
17993	0.2091
15652	0.0847
9443	0.1306
17462	0.2485
17461	0.0588
3708	0.9239
1889	0.0574
22246	-0.0018
16441	0.1103
12288	0.0381
17660	0.0253
1881	0.9881
23508	0.0176
9825	0.6072
2127	0.0709
4664	0.3362
13574	0.0257
11400	0.0437
4660	0.3472
943	0.0429
940	0.0118
4911	0.0386
21800	0.0264
21801	0.0009
11711	0.2307
15354	0.0171
11717	0.1387
17267	0.9511
21807	0.6909
6033	0.0768
6031	0.5845
12432	0.0317
9205	0.4707
10063	0.4549
5171	0.2950
10061	0.6260
5176	0.0452
9203	0.0340
5174	0.0031
10068	0.0586
5754	0.0075
21488	0.0366
3416	0.1252
3417	0.4475
3413	0.0135
20270	0.0620
9987	0.0263
17001	0.2333
139	0.0419
11408	0.1992
21376	0.1396
17004	0.0261
7384	0.0168
16846	0.0414
25593	0.0403
8534	0.8479
14932	0.0832
9983	0.0338
10665	0.0717
10660	0.0101
9980	0.8042
10662	0.0916
9681	0.2500
4863	0.0488
9682	0.6938
13485	0.0261
9684	0.7922
6329	0.0064
13486	0.0190
9061	0.1906
18482	0.0061
14380	0.0095
16806	0.0194
10284	0.0627
10285	-0.0015
9667	0.1668
21572	0.1540
9664	0.0228
9663	0.0091
10445	0.0170
21720	0.0247
10440	0.9422
10113	0.0323
20517	0.1424
9668	0.1461
18804	-0.0022
20688	0.0083
10732	-0.0013
3561	0.1146
3566	0.0551
13152	0.9063
3564	0.2296
20402	0.0495
20681	0.0273
10839	0.1032
18808	-0.0014
21779	0.0375
4484	0.0132
8979	0.0481
20400	0.1045
10595	0.0668
10598	0.1311
13399	0.4101
6567	0.0058
21798	0.1380
708	0.0456
705	0.0574
707	0.0336
700	0.0117
15749	0.0832
12639	0.0105
7139	0.0422
7138	0.0267
88	0.0412
11880	0.0255
5614	0.0011
20351	0.1149
17901	0.0899
11889	0.1798
7132	0.1687
86	0.0165
7134	0.0207
20195	0.5621
20197	0.0340
25271	0.0279
19632	0.3642
5310	0.0270
20198	0.0061
8804	0.0146
8805	0.0353
14293	-0.0016
13020	0.0540
14922	0.0458
23580	0.4106
8803	0.0606
14298	0.1162
18248	0.0237
18249	0.0059
8808	0.0348
20466	0.0280
1655	0.0573
6583	0.0521
24003	0.0185
8758	0.0732
8759	0.0052
8208	0.0568
8209	0.1938
8206	0.0302
8204	0.1664
8205	0.1629
589	0.0692
12990	0.0398
17875	0.7076
7627	0.0771
12994	0.0323
7620	0.0044
3155	0.0642
18063	0.0119
11081	0.3658
17879	-0.0012
2830	0.1373
14729	0.1186
20222	0.7698
3396	0.6966
14720	0.9758
19940	0.0999
13476	0.0532
14727	-0.0002
16360	0.2644
15269	0.1226
11978	0.0429
24009	0.1023
1349	0.0288
23556	0.1680
23550	0.0068
13379	0.0268
13979	0.1270
1345	0.2297
15419	0.0260
9878	0.2946
18111	0.0513
6925	0.0867
6926	0.5008
9872	0.0275
15411	0.1117
9870	0.0862
7711	0.1291
11154	0.2357
7713	0.0351
17666	0.0610
7715	0.0609
14432	0.0297
21152	0.0662
24517	0.0340
5541	0.7404
24510	0.0809
19107	0.2190
25478	0.0139
24279	0.0747
1503	0.3603
18502	0.0445
1504	0.0812
8596	0.4667
8597	0.0908
23152	0.0211
3086	0.2184
8590	0.6224
23331	0.0071
8375	0.1203
22698	0.0077
23336	0.0075
22206	0.2935
5891	0.0284
5892	0.2350
5894	0.0592
3946	0.0618
8572	0.3073
5897	0.1149
11234	0.0114
13802	0.0837
3885	0.0027
3887	0.4645
3886	0.0196
11569	0.6413
17779	0.0749
15560	0.0115
12570	0.4076
15251	0.0086
15256	0.1074
13575	0.1121
22648	0.1112
24421	0.0261
22336	0.0225
22332	0.1897
22331	0.5604
16965	0.0443
19083	0.0424
19081	0.2816
25087	0.0167
16059	0.0395
9800	0.0139
17683	0.0170
25009	0.9854
16057	0.6136
16504	0.7958
19731	0.0153
16053	0.0720
4661	0.0466
22687	0.4008
11209	0.2926
11520	0.1917
11521	0.0675
12615	0.2558
941	0.2150
23421	0.0295
22689	0.0377
16706	0.0125
24790	0.0794
15017	0.4570
22392	0.0198
4000	0.0406
11564	0.0267
4002	0.0074
4003	0.0069
4004	0.0137
21802	0.3158
9894	0.0400
24734	0.0063
3973	0.4314
3972	0.4833
19425	0.5295
18049	0.0696
23211	0.2658
24876	0.0422
9898	0.0242
19559	0.0474
22710	0.1198
24874	0.0161
19551	0.3457
21016	0.2645
3623	0.0901
3622	0.1786
13991	0.0784
19885	0.2406
19884	0.0873
22084	0.0352
22061	0.0088
16613	0.0830
16612	0.0079
22068	0.2066
16616	0.0716
16615	0.0135
2331	0.0255
2332	0.0103
11413	0.0264
2334	0.5394
2335	0.0675
22595	0.2891
11417	0.0591
12762	0.0720
17185	0.0154
15794	0.1234
17816	0.0175
25483	0.6130
16292	0.0573
16291	0.1671
6883	0.0411
16474	0.1677
15791	0.7540
25269	0.0432
12979	0.0124
21905	-0.0010
17475	0.0708
21907	0.1629
24999	0.0106
13369	-0.0013
16277	0.2394
19956	0.3029
16270	0.5075
4471	0.0135
17677	0.0397
4473	0.0042
4472	0.1091
24994	0.2392
17670	0.4424
4909	-0.0004
22364	0.0465
21482	0.2513
4901	0.1079
12972	0.0106
4905	0.9542
13563	0.0339
4671	0.7150
24222	0.2423
12971	0.0888
24841	0.0283
5688	0.2441
7395	-0.0006
20249	0.1420
24698	0.0066
7391	0.0819
7390	0.6977
5148	0.1475
992	0.0386
24348	0.0212
22445	0.1281
10726	0.1869
7399	0.1503
17959	0.1058
17116	0.0430
22922	0.0461
121	0.0292
22921	0.5611
3405	0.1763
126	-0.0007
3406	0.0307
17016	0.9765
7537	0.0205
20760	0.0630
16872	0.0864
24772	0.0401
16874	0.0139
12384	0.4485
7086	0.2366
4878	0.1014
24774	0.1492
6312	0.0032
2069	0.4224
17165	0.2072
6314	0.0852
6315	0.1245
2792	0.0231
9168	0.0929
6318	0.2669
6319	0.0705
13531	0.1393
3375	0.0844
2794	0.0413
14117	0.8977
14115	0.0366
20245	0.3259
9097	0.0097
18471	0.1551
9091	0.1023
10691	-0.0011
25322	0.0414
9308	0.1989
9655	0.0347
10431	0.0155
9305	0.3281
9658	0.2516
20501	0.0430
10435	0.0287
17708	0.1185
17709	0.0276
11268	0.0132
13142	0.4829
17002	0.0233
3578	0.0414
7241	0.1336
13148	0.1693
3577	0.0230
20691	0.2877
20770	0.1191
4495	0.0776
4494	0.0913
4492	0.0905
4491	0.4365
9789	0.6601
24342	0.4201
15351	0.2074
4499	0.0157
15887	0.0061
6823	0.0274
15735	0.3679
15881	0.0185
16968	0.5368
2934	-0.0017
18615	0.9144
10991	0.0119
20437	0.1157
20343	0.0304
5322	0.0365
11899	0.7025
18581	0.3943
11895	0.1282
6441	0.0814
19011	0.1139
7682	0.0229
20186	0.0136
23947	0.0407
23575	0.0336
24124	0.0804
16800	0.2551
14930	0.0623
8816	0.0119
8815	0.0331
23416	0.1716
8813	0.0964
14287	0.0010
8810	0.0522
18276	0.1207
13036	0.0132
18906	0.0873
18273	0.0102
16963	0.1435
605	0.0885
579	0.0798
18726	0.0651
11090	0.0506
11092	0.1474
18050	0.0238
8747	0.0985
8746	0.8287
571	0.0015
8212	0.0953
8743	0.1349
8217	0.8001
14344	0.1886
15774	0.0666
15645	0.0159
15646	0.7081
12963	0.0150
3161	0.2725
7096	0.3452
1420	0.0226
5431	0.0245
7092	0.0404
5437	0.0091
14730	0.0945
17311	0.1414
20230	0.6614
18508	0.2771
3362	0.0281
16087	0.0120
730	0.0196
733	0.0218
735	0.9920
734	0.0187
739	0.0079
24990	0.0259
9565	0.1620
23520	0.0601
13960	0.0179
23100	0.0136
8100	0.0328
8103	0.3294
23529	0.0723
23528	0.0831
463	0.0690
1354	0.0352
15398	0.0750
15393	0.2330
6953	0.0326
9865	0.0289
6487	0.1910
6484	0.0203
11146	0.6240
11144	0.0056
16573	0.0198
23180	0.0606
11140	0.5043
14421	0.0906
24504	-0.0016
11149	0.0314
1519	0.0271
12277	0.4146
8581	0.0830
21920	0.1183
8586	0.0565
18480	0.0187
17312	0.1621
13818	0.2181
10844	0.1641
23788	0.3041
15267	0.1642
5882	0.1621
12544	0.1260
12810	0.4185
12541	0.0516
23189	0.0289
23863	0.4397
13813	0.0792
8569	0.9052
8568	0.0459
6554	0.0002
16011	0.0198
15066	0.1008
6550	0.7718
15060	0.0360
15069	0.1125
22328	0.1035
7479	0.6321
3186	0.7295
11299	0.1150
24684	0.0381
24433	0.0853
18133	0.0161
3188	0.0503
22596	0.2409
19098	0.0389
19729	0.1036
16046	0.4867
19725	0.2947
16040	0.0143
16517	0.8540
22690	0.0756
6638	0.0440
11552	0.0611
15002	0.0084
14666	0.1504
6631	0.8499
22699	0.0464
23980	0.0400
6635	0.0554
12605	0.0358
6637	0.0034
11176	0.0362
16153	0.0170
14554	0.3580
4013	0.2930
4010	0.4897
4016	0.0417
7505	0.0252
21573	0.0306
7501	0.0199
19438	0.0995
7509	0.0317
9888	0.0273
17971	0.0168
17523	0.3260
19543	0.0209
25450	0.0114
16911	0.0287
16880	0.0285
21007	0.0646
12775	0.0871
6126	0.0088
12770	0.0414
12771	0.0108
19854	0.4360
12779	0.0767
23178	0.3108
2327	0.0070
4702	0.1681
13631	0.0610
2329	0.1329
23858	0.0909
10441	0.2320
12425	0.0101
24955	0.1591
24954	0.0496
16280	0.6097
10953	0.0633
10951	0.4728
24957	0.1002
287	0.4661
21174	0.0096
3761	0.0131
25297	0.0617
25296	0.0032
14990	0.4296
25293	0.6658
25139	0.0007
263	0.2199
11509	0.9764
16264	0.0133
8872	0.0208
21089	0.0598
19943	0.0127
265	0.0355
16261	0.0680
17391	0.5974
21772	0.1353
24980	-0.0016
17392	0.0119
24986	0.1130
24921	0.0138
25103	0.0518
17480	0.0283
2498	0.1203
7252	0.1236
10966	0.1337
2491	0.0258
4643	0.0340
4646	0.1415
13556	0.7334
4644	0.1061
24858	0.0936
12895	0.1100
19890	0.0576
2258	0.3288
11770	0.1383
17245	0.0210
11774	0.0305
2251	0.0465
13583	0.1784
22931	0.0418
22688	0.3286
10738	0.3963
23740	0.0168
5151	0.0516
5155	0.3699
10045	0.0909
10730	0.6036
7875	0.4388
117	0.9755
23214	0.5312
7870	0.6637
13090	0.5999
19910	0.1063
20753	0.5973
22842	0.1604
22913	0.7409
7879	0.0226
22449	0.0124
2786	0.1048
2780	0.0247
23445	0.3505
16865	0.0242
12394	0.0496
16861	0.1078
21185	0.0672
9461	0.4116
23748	0.0605
12155	0.2631
2071	0.0387
6306	0.0754
11609	0.0854
2075	0.0791
10134	0.0177
10136	0.4175
20532	0.2742
20530	0.0235
14127	0.0192
11954	0.2292
9085	0.1003
10138	0.0636
9082	0.0481
10429	0.0952
17737	0.0950
9645	0.0105
9316	0.0386
17739	0.1090
10421	0.4559
9640	0.5253
21590	0.4949
10425	0.0068
7271	0.4177
19235	0.1215
7275	0.0523
22863	0.1585
3501	0.1450
3505	0.3624
4489	0.0600
2672	-0.0017
2677	0.0689
15274	0.0371
19918	0.4646
12803	0.0458
6833	0.1890
9611	0.0046
6835	0.0273
6894	0.0300
2922	0.0081
25622	0.0945
7697	0.2234
5333	0.7711
18599	0.1207
10552	0.2292
5334	0.0555
5337	0.0340
5336	0.9489
24135	0.5365
18590	0.0236
18591	0.0494
14635	0.1188
14634	0.0332
21896	0.0229
1983	0.1914
1638	0.0645
11313	0.3165
8820	0.8659
8827	0.0424
13041	0.0515
18915	0.0674
25244	0.0635
10913	0.0805
15098	0.0560
24407	0.1119
8778	0.5746
18043	0.9253
20057	0.2595
2810	0.0824
2813	0.0805
15378	0.0663
561	0.0840
7643	0.3465
24920	0.0316
7647	0.0556
14702	0.4263
11420	0.0626
24226	0.1874
3172	-0.0020
3175	0.0120
23361	0.0428
15650	0.1531
3176	0.0068
7081	0.0166
20248	0.0899
7083	0.0073
21961	0.2282
3379	0.0575
3378	0.0568
7089	0.4084
5427	0.0783
20242	0.1826
3373	0.0292
5423	0.0441
17332	0.0191
20354	0.0209
1748	0.0559
721	0.4228
19592	0.3656
4392	0.0403
10857	0.1033
2587	0.0476
15386	0.0835
1167	0.0015
1160	0.3920
1162	0.0266
6492	0.6587
4244	0.0241
4242	0.0854
6498	0.2386
5520	0.0321
5524	0.4928
4396	0.0498
15473	0.9585
6467	0.6354
6947	0.0318
15474	0.3040
6944	0.4840
472	0.0181
11170	0.2162
10648	-0.0020
11175	0.0944
25526	0.0709
17446	0.1031
5491	0.1326
1568	0.0012
20898	0.0225
13701	0.0699
23055	0.3876
1560	0.3228
8484	0.0944
1565	0.5258
1294	0.0899
1567	0.1500
24025	0.0027
14199	0.0858
12554	0.0200
12555	0.0747
8554	0.0156
23626	0.0068
12559	0.0909
23624	0.0200
17118	0.0405
23190	0.0353
23191	0.0606
8002	0.0185
23193	0.0552
4398	0.2179
17687	0.0136
24402	0.4587
6540	0.0257
5636	0.0186
5637	0.0306
5632	0.0883
5633	0.0462
3197	0.1109
3196	0.0017
3195	0.8180
16834	0.2969
3193	0.1792
8486	0.0050
13355	0.0158
7466	0.1926
7465	0.0979
