Locus	fst	chromosome	c_pos
7241	0.1024	LG01	77324
15791	0.0127	LG01	141695
16040	0.016	LG01	214355
5023	0.0107	LG01	214443
15232	0.0001	LG01	1020445
16742	-0.0034	LG01	1741024
23271	-0.0019	LG01	2020904
5208	-0.0097	LG01	2044448
13090	-0.0052	LG01	2507110
14344	0.1052	LG01	2557271
3464	-0.0055	LG01	2734393
25135	-0.0032	LG01	3189475
14379	0.0003	LG01	3282792
16039	-0.0005	LG01	3360383
1617	0.0003	LG01	3728784
21801	0.0054	LG01	3842286
15543	-0.0017	LG01	3923225
19183	0.0002	LG01	4056640
18328	-0.0019	LG01	4337363
22648	0.0079	LG01	4342933
1773	-0.0008	LG01	4343021
20195	0.0014	LG01	4436797
24083	0.0071	LG01	4439028
13162	0.0116	LG01	4650983
14814	-0.0031	LG01	4757332
5894	-0.0009	LG01	5179409
14329	-0.0001	LG01	5404659
13937	0.0001	LG01	5901020
14234	0.0166	LG01	5909093
8445	0.0093	LG01	6120990
4739	-0.0034	LG01	6163089
24874	-0.0057	LG01	6163947
24436	0.0053	LG01	6191353
15217	0.0005	LG01	6363572
19232	-0.0061	LG01	6367870
13020	0.013	LG01	6378884
15240	-0.0079	LG01	7286931
20343	-0.0068	LG01	7310623
2151	-0.0075	LG01	7446401
15269	0.0259	LG01	7489971
8242	-0.0067	LG01	7621451
10366	0.019	LG01	7718267
1190	0.0013	LG01	8092422
13142	0.0038	LG01	8383158
20	0.0043	LG01	8417786
4132	0.0107	LG01	8475035
4244	0.0118	LG01	8751793
8148	0.0299	LG01	8752897
23057	0.011	LG01	8762573
24643	0.0061	LG01	8762661
20437	0.0076	LG01	8869410
1094	0.0098	LG01	8989975
15675	0.0003	LG01	8990063
25114	0.0001	LG01	9008309
12917	0.0007	LG01	9329019
16982	0.0144	LG01	9333078
7545	0.0078	LG01	9399694
23449	-0.0027	LG01	9519370
11115	0.013	LG01	9595976
14661	0.0354	LG01	9665708
4494	0.0054	LG01	9685227
12793	0.0553	LG01	9691847
1833	0.0062	LG01	9761602
9729	0.0172	LG01	10497992
13041	0.0249	LG01	10868696
11140	-0.0066	LG01	11291570
9596	0.0007	LG01	11383360
22978	-0.0039	LG01	11703390
2780	-0.0041	LG01	11869646
24673	-0.0006	LG01	12331744
19031	0.0121	LG01	12492400
21720	0.0001	LG01	12649886
21844	0.0003	LG01	12649886
1104	0.0122	LG01	12761963
669	0.0545	LG01	12788651
1565	0.0063	LG01	12864533
9825	0.0042	LG01	12866887
9456	-0.0028	LG01	12895039
17342	-0.0011	LG01	13165795
13276	-0.0029	LG01	13203369
15037	-0.0071	LG01	13433828
1848	-0.0022	LG01	13443093
8920	0.0104	LG01	13525139
2362	-0.0008	LG01	13543511
253	0.0009	LG01	13663746
17183	0.0047	LG01	14174929
24779	0	LG01	14182553
14720	-0.0012	LG01	14360204
22931	0.0003	LG01	14391336
20245	0.0413	LG01	14915282
10524	0.0157	LG01	15222575
6220	0.0252	LG01	15305774
12001	0.0004	LG01	15477998
5584	0.022	LG01	15478086
14461	0.0034	LG01	15523673
16036	0.0699	LG01	15698538
20222	0.0137	LG01	15949701
765	0.0003	LG01	16350985
9305	0.0045	LG01	16799615
15427	0.0087	LG01	17088969
2990	0.0023	LG01	17231504
24372	-0.0127	LG01	17254201
6225	-0.0019	LG01	17343059
14934	0.046	LG01	17381925
23717	0.0168	LG01	17410032
16441	0.0012	LG01	17478244
11370	-0.0025	LG01	17483374
7823	0.0036	LG01	17686137
15708	0.0103	LG01	17762848
23836	0.0007	LG01	17891826
3794	-0.0015	LG01	17891914
13135	0.0105	LG01	17894333
4365	0.0053	LG01	18164746
10477	0.0016	LG01	18299147
18099	0.0004	LG01	18634387
6218	0.0096	LG01	18938963
7173	0.0291	LG01	18990205
4301	-0.0038	LG01	18990497
20154	0.0004	LG01	19065023
20926	0.0031	LG01	19851693
9000	0.0004	LG01	20164805
15443	0.003	LG01	20190362
17329	0.0027	LG01	20190450
24989	0.0029	LG01	20217301
7326	0.0098	LG01	20934271
3223	0.0007	LG01	21052003
21583	0.0208	LG01	21139714
24866	-0.0008	LG01	21344701
17281	-0.0099	LG01	21440315
24790	0.0082	LG01	21474522
2874	-0.0024	LG01	21713494
10399	-0.0015	LG01	22235777
12877	-0.0055	LG01	22265414
16033	-0.0051	LG01	22274751
829	0.0039	LG01	22477868
24934	0.003	LG01	22930946
11054	0.0124	LG01	22931034
2866	-0.007	LG01	23087036
6801	-0.0009	LG01	23099470
9277	0.0096	LG01	23131469
5569	0.0062	LG01	23205145
9926	0.0052	LG01	23296870
22373	-0.006	LG01	23816773
4003	-0.0052	LG01	24038892
17121	-0.0057	LG01	24067024
3776	0.0037	LG01	24455925
4909	0.013	LG01	24794728
11479	-0.0025	LG01	24916735
9421	0.0013	LG01	24972595
67	0.005	LG01	25118415
8948	-0.0031	LG01	25476939
9870	0.0007	LG01	25537657
7341	-0.0012	LG01	25623962
13766	0.0006	LG01	26270788
126	0.0021	LG01	26277273
2672	-0.0002	LG01	26278837
9996	-0.0027	LG01	26278925
23915	0.0033	LG01	26446274
14634	0.0016	LG01	26802776
1059	0.0043	LG01	27624343
2973	0.0325	LG01	27732633
3630	0.0001	LG01	28032467
25095	0.0102	LG01	28089675
2966	0.0007	LG01	28089763
13923	-0.0029	LG01	28259281
9530	-0.0035	LG02	28790718
9673	0.0087	LG02	28853264
16332	-0.0013	LG02	28867401
18249	0.0021	LG02	28869498
12161	-0.0007	LG02	29008908
2227	0.0004	LG02	30056977
12720	0.0066	LG02	30057065
16396	0.015	LG02	30159165
12652	-0.0081	LG02	30500667
5819	0.0088	LG02	30521063
21402	-0.0122	LG02	30748294
24808	-0.0013	LG02	31166431
8450	0.0093	LG02	31238335
14890	0.0033	LG02	31372751
11304	0.013	LG02	32416693
1206	-0.003	LG02	32416781
14293	0.0112	LG02	32533454
20501	-0.0082	LG02	32603020
5692	-0.0032	LG02	32603107
17606	0.0108	LG02	32828401
23345	0.0154	LG02	32837007
265	0.0328	LG02	32875982
13038	-0.0078	LG02	33446058
24740	-0.0124	LG02	33479835
16683	0.0029	LG02	33806095
15714	-0.0049	LG02	33881748
20284	-0.0056	LG02	33929061
8581	0.0174	LG02	34060925
21377	0.0019	LG02	34114668
20373	0.0109	LG02	34203107
8277	-0.0058	LG02	34251537
9741	-0.0014	LG02	34284208
803	0.0004	LG02	34319072
19750	-0.0057	LG02	34870937
9632	0.0045	LG02	34874988
1082	-0.0029	LG02	36299302
6709	0.0031	LG02	36622767
15007	-0.005	LG02	36740848
6441	0.1213	LG02	36871081
10012	0.1142	LG02	36871167
14655	0.0127	LG02	36910536
7132	0.0236	LG02	36941749
368	-0.0022	LG02	37121219
21296	-0.005	LG02	37204023
12065	0.023	LG02	38216603
15557	0.016	LG02	38216691
17073	0.0057	LG02	38669108
23838	0.0276	LG02	39343894
19045	0.0008	LG02	39405439
2332	0.0039	LG02	39448770
10113	0.0073	LG02	39672613
20452	0.0004	LG02	39675630
19126	0.0083	LG02	39707118
6887	0.012	LG02	39770106
8305	-0.0024	LG02	39979944
8547	-0.002	LG02	40170531
15735	0.0003	LG02	40211573
17332	0.0227	LG02	40604409
3116	0.0177	LG02	40730063
17016	-0.0027	LG02	40968526
15872	0.045	LG02	41401971
1858	-0.0068	LG02	41462506
2196	0.0001	LG02	42004029
22699	-0.0011	LG02	42129131
7332	0.0119	LG02	42606864
3172	0.0102	LG02	42734192
18049	-0.0115	LG02	43349800
5196	0.025	LG02	44551268
18780	0.0244	LG02	44551356
695	0.0109	LG02	45124187
3791	-0.0008	LG02	45230059
766	0.0185	LG02	45310389
246	0.0116	LG02	45390677
14249	0.0273	LG02	45635935
22014	0.0374	LG02	45769342
9604	0.0029	LG02	45830939
11273	0.011	LG02	46276157
23203	-0.0028	LG02	46435793
17978	0.0274	LG02	46583866
8045	-0.0011	LG02	46751611
21277	0.0012	LG02	46902590
3721	0.0222	LG02	47204472
23624	0.0207	LG02	47304953
1906	-0.0119	LG02	47313540
23112	0.0068	LG02	47482291
17391	-0.0043	LG02	47728420
22131	0.0252	LG02	48021360
7610	0.0019	LG02	48150550
19598	-0.0093	LG02	48352730
14635	-0.0035	LG02	48854482
2733	0.0063	LG02	48890627
13478	-0.0011	LG02	49340260
10577	0.0001	LG02	49444636
17040	0.0137	LG02	49568964
14448	-0.0065	LG02	49862519
24101	0.0205	LG02	50026633
13321	-0.0114	LG02	50132516
21078	0.0116	LG02	50333435
10374	0.0063	LG02	50393364
11214	0.032	LG02	50954164
23416	-0.0006	LG02	51383485
22707	0.0041	LG02	51449252
3828	-0.0108	LG02	51667643
20586	-0.0025	LG02	52036983
1345	0.0795	LG02	52259056
12892	-0.006	LG03	53072430
11905	0	LG03	53328463
1420	0.0114	LG03	53534886
7509	0.1077	LG03	54259634
22270	0.0142	LG03	54690148
11166	0.0136	LG03	55175864
6971	-0.0049	LG03	55175952
16313	-0.0004	LG03	55495169
5079	-0.0052	LG03	55799321
18822	0.0144	LG03	56469033
8316	-0.0082	LG03	56836312
7117	0.0046	LG03	57431011
17580	-0.0046	LG03	57675701
12641	-0.0056	LG03	57696243
13796	-0.0089	LG03	57737881
19441	0.0008	LG03	57842704
13850	0.0097	LG03	57908106
16127	-0.0068	LG03	57908194
12579	0.0361	LG03	58140566
10063	-0.0027	LG03	58668911
16089	0.0093	LG03	58932922
5688	0.0349	LG03	59055947
21028	0.0025	LG03	59080219
23215	0.0004	LG03	59287293
19081	0.0827	LG03	59596520
21613	-0.0049	LG03	59633612
16360	0.0035	LG03	59732388
5442	0.0117	LG03	59877808
7055	-0.0064	LG03	59913873
6657	0.0026	LG03	59987026
15903	-0.0029	LG03	60013971
14032	0.0088	LG03	60252255
4002	0.0075	LG03	60412031
16706	0.0194	LG03	60412119
8205	0.0005	LG03	60466406
23863	-0.0093	LG03	60482338
6431	0.0013	LG03	60781087
7975	-0.002	LG03	60961488
2647	-0.0021	LG03	60961576
2371	0.0213	LG03	61120289
24348	0.0103	LG03	61409151
1085	-0.0013	LG03	61415095
4453	-0.0042	LG03	62131799
9983	-0.0027	LG03	62245772
14432	0.0026	LG03	63012531
10860	0.0006	LG03	63126133
7485	-0.0013	LG03	63190388
4905	0.0046	LG03	63370235
3799	0.0008	LG03	63502301
17132	-0.0076	LG03	63621990
10685	0.0326	LG03	63648322
22539	0.0026	LG03	63843772
8375	0.0003	LG03	63953113
23475	-0.0018	LG03	64041312
15386	0.005	LG03	64127721
23336	0.0311	LG03	64166235
3991	0.002	LG03	64179269
11290	0	LG03	64427120
10910	0.0238	LG03	64650496
21185	0.003	LG03	64684627
4010	0.0081	LG03	66120225
11001	-0.0055	LG03	66848059
5461	-0.001	LG03	66903974
7322	0.0081	LG03	66936000
17134	0.0109	LG03	67212387
169	-0.0066	LG03	67689119
22800	-0.0026	LG03	67746539
14754	0.0662	LG03	68012345
1845	-0.0022	LG03	68703455
24600	0.0071	LG03	69232850
12779	0.0976	LG03	69252064
13769	-0.0022	LG03	69306231
3004	0.002	LG03	69306319
4779	0.0095	LG03	69348322
11783	0.0042	LG03	69369915
3577	0.0119	LG03	69757682
13463	0.0033	LG03	69761478
13583	0.006	LG03	69797727
23544	0.0179	LG03	70133287
6728	0.0018	LG03	70270507
21046	-0.0026	LG03	70391450
5524	0.0025	LG03	70391538
23732	-0.0033	LG03	70757682
21244	0	LG03	70760397
206	-0.0011	LG03	71497063
10413	0.0435	LG03	71995364
19255	-0.0024	LG03	72195581
13291	-0.0087	LG03	72195669
3853	-0.0021	LG03	72275022
15069	-0.0022	LG03	72670014
21327	0.028	LG03	72721500
1451	0.0008	LG03	72784157
1957	0.0116	LG03	72881471
8572	0.0071	LG03	73035377
101	0.0099	LG03	73044117
11175	0.0097	LG03	73051546
19592	0.0228	LG03	73158721
25164	-0.0037	LG03	73851667
12729	-0.0003	LG03	73998274
22983	-0.008	LG03	74107762
12734	-0.0033	LG03	74276480
12881	0.008	LG03	74466571
6768	-0.0049	LG03	74471922
20130	0.0033	LG03	74805117
9864	-0.0003	LG03	74900169
10665	0.0034	LG03	75070234
21821	-0.0003	LG03	75070609
9853	0.0016	LG03	75093330
14972	-0.0028	LG03	75562879
18535	0.0002	LG03	75731976
23001	-0.0003	LG03	75781365
15442	0.0003	LG03	75804933
23706	-0.0025	LG03	75824372
6993	0.0031	LG03	76159540
12623	0.0062	LG03	76219238
15604	-0.0077	LG03	76256138
24194	0.0019	LG03	76285323
4025	0.0211	LG03	76582236
25450	-0.0009	LG03	76663888
12922	0.0112	LG03	76726713
1193	-0.0088	LG03	76901797
23182	-0.0011	LG03	76924650
23000	0.0014	LG03	77090809
17454	0.014	LG03	77090897
2148	0.0106	LG03	77175157
15677	-0.0036	LG03	77207998
19881	0.0074	LG03	77316865
22895	-0.0112	LG03	77346813
19275	0.012	LG03	77601042
2977	0.0165	LG03	77601130
189	0.0148	LG03	78076457
12087	-0.0006	LG03	78312630
23029	-0.0081	LG03	78851643
16621	0.0029	LG03	78901286
481	0.0448	LG03	78987159
24772	-0.007	LG03	79470200
18415	0.0262	LG03	79499613
12649	0.0109	LG03	79824448
4747	0.0277	LG03	79826111
440	0.0113	LG03	79826199
1218	0.0037	LG03	80005771
18994	0.0176	LG03	80209048
10222	-0.0014	LG03	80300263
14459	0.0347	LG03	80426079
2446	0.0055	LG03	81376804
5413	0.0006	LG03	81429508
19975	-0.0052	LG03	81507393
1052	-0.0031	LG03	81507481
2621	0.0038	LG04	82188375
9681	0.0313	LG04	83008976
7074	0.0136	LG04	83128244
221	-0.0007	LG04	83128332
23824	-0.0103	LG04	83259919
9497	0.0219	LG04	83412132
9776	0.0051	LG04	83656218
7081	0.0258	LG04	84366846
11762	-0.0014	LG04	85876783
9850	-0.0006	LG04	86033355
7399	0.0102	LG04	86157794
6640	0.0326	LG04	86368923
16944	0.0258	LG04	86567820
18590	0.0184	LG04	86687281
14364	0.0146	LG04	86809988
86	0.0188	LG04	87324017
6567	0.0036	LG04	87423952
5754	-0.0002	LG04	87491653
23595	0.0169	LG04	88367022
11627	-0.009	LG04	88380435
6384	0.0013	LG04	88427317
6609	-0.0057	LG04	88600450
24921	0.013	LG04	90263367
3280	-0.0098	LG04	90263455
21624	-0.0015	LG04	90345632
21488	-0.003	LG04	90534316
16046	0.0137	LG04	90709047
10706	0.0766	LG04	91391228
5824	0.0066	LG04	91644676
16173	-0.0055	LG04	92064329
7000	0.1041	LG04	92818603
6995	-0.002	LG04	92936754
5707	0.1525	LG04	94105903
3932	-0.007	LG04	95366815
220	0.01	LG04	95418502
13443	0.0058	LG04	95418590
2334	-0.0031	LG04	95600552
22728	0.0021	LG04	95630285
14514	0.2285	LG04	95630373
1138	-0.0016	LG04	95867959
2057	0.0087	LG04	96304608
21683	-0.0111	LG04	96412464
16474	0.0183	LG04	96577147
9992	-0.0019	LG04	96669812
9714	0.0002	LG04	97047641
12570	0.013	LG04	97272066
19718	-0.0084	LG04	97595476
22434	0.0021	LG04	97612512
21419	0.0015	LG04	97658455
12952	0.0008	LG04	97745199
1122	0.0035	LG04	98648013
20255	0.0085	LG04	98901952
6182	0.018	LG04	99411275
23845	-0.0002	LG04	99481369
19756	0.0036	LG04	99499257
17357	-0.0105	LG04	99992077
16620	0.0064	LG04	100425498
8018	-0.0034	LG04	100468718
5520	0.0072	LG04	100517991
12331	0.002	LG04	100764215
15828	0.0016	LG04	100764303
19761	0.0363	LG04	101128825
11725	-0.0075	LG04	101420982
25334	-0.0009	LG04	101459866
18648	0.0149	LG04	101534979
10136	0.0003	LG04	101545847
10857	-0.0011	LG04	101585174
18508	0.0102	LG04	101880014
4371	-0.0023	LG04	101932239
22261	-0.0033	LG04	102031394
23847	0.0241	LG04	102557404
23884	-0.0019	LG04	102610172
23079	-0.004	LG04	103492607
7962	0.0183	LG04	103820049
12982	0.0006	LG04	103855693
10585	0.0018	LG04	104060332
4373	0.0082	LG04	104752961
1859	0.0105	LG04	104758945
6522	0.0004	LG04	104869732
22034	0.005	LG04	105185944
4230	-0.0047	LG04	105199299
3578	0.0008	LG04	105201393
11736	-0.0022	LG04	105203321
8499	-0.0012	LG04	105204238
24957	0.0007	LG04	105272700
3694	0.0152	LG04	105345446
22908	-0.0079	LG04	105757585
2033	0.0128	LG04	106181564
4133	-0.0029	LG04	106676298
20574	0.0148	LG04	106813910
8590	0.0321	LG04	106859211
13845	0.0067	LG04	107372165
4777	0.0283	LG04	107435170
23422	0.0083	LG04	107521755
18577	0.0129	LG04	107530594
20354	-0.0047	LG04	107777491
2346	0.0397	LG04	107814494
6259	-0.0107	LG04	108084106
18193	0.0157	LG04	108274779
7598	0.0022	LG04	108432757
11896	-0.0035	LG04	108502912
2742	0.0063	LG04	108591366
4489	0.0621	LG04	109161911
17909	0.0007	LG04	109209926
14696	0.0009	LG04	109520906
20561	0.0074	LG04	109845661
22104	-0.0018	LG04	110077962
9878	-0.0038	LG04	110464678
5746	-0.002	LG04	110609587
24642	0.0018	LG04	111033416
21625	0.0062	LG04	111138553
16190	-0.0017	LG04	111204458
23964	-0.0061	LG04	111327226
4998	0.0014	LG04	111642589
23705	0.0425	LG04	112387763
4898	0.0031	LG04	112387851
9316	0.0019	LG04	112538888
23940	-0.005	LG04	112669597
10022	-0.0053	LG04	112731694
14472	0.0087	LG04	112765915
1392	0.0117	LG04	113115833
6672	-0.0005	LG04	113117838
6393	0.039	LG04	113770889
19740	0.0318	LG04	114370531
9308	0.0008	LG04	114471266
8095	-0.0056	LG04	114833258
7637	-0.0022	LG04	115105538
825	0.0012	LG04	115123390
4013	-0.0053	LG04	115324309
4212	0.0143	LG04	115408276
3875	0.0064	LG04	116313102
11244	0.0494	LG04	116370320
22930	0.0017	LG04	116424430
13345	0.0054	LG05	116677940
25555	0.0094	LG05	116704498
21732	-0.0066	LG05	118990026
5071	0.0037	LG05	119248601
16947	0.0407	LG05	119751722
11509	0.0049	LG05	120204355
5624	0.0034	LG05	120302757
14300	0.0165	LG05	120827115
21572	0.0615	LG05	120873251
16456	-0.0056	LG05	121383672
6554	-0.0006	LG05	121587596
13100	-0.0066	LG05	121715425
5481	-0.0025	LG05	121733096
10488	-0.0013	LG05	121766109
8079	-0.0015	LG05	122407262
13902	0.0034	LG05	122475342
3381	0.0022	LG05	122965196
16370	0.0121	LG05	124258449
592	0.0126	LG05	124293905
11052	0.0127	LG05	124792046
12823	0.0018	LG05	125724080
17944	-0.0048	LG05	126192583
18906	-0.0089	LG05	126194573
24751	0.0003	LG05	126409728
4471	-0.0019	LG05	126820739
8048	-0.0034	LG05	126900408
15308	-0.0062	LG05	126946280
20232	0.0102	LG05	127148313
109	0.0006	LG05	127150787
13066	-0.0115	LG05	127293795
15086	-0.0107	LG05	127340219
25641	0.0006	LG05	127472335
2810	0.0034	LG05	127589333
18355	0.0083	LG05	127753513
6292	-0.0002	LG05	127829434
10648	0.0024	LG05	127879802
15382	-0.0039	LG05	128161440
24504	-0.0089	LG05	128202298
12670	0.0271	LG05	128265819
17683	0.0072	LG05	128650998
9280	0.0011	LG05	128710158
20042	-0.0025	LG05	129214291
24009	0.0206	LG05	129350613
13081	0.0038	LG05	129557306
21649	0.0014	LG05	129769488
4818	-0.0017	LG05	129997482
3952	-0.0048	LG05	130492422
7494	0.0034	LG05	130601972
19118	-0.002	LG05	130676171
19867	0.0167	LG05	130676259
23500	0.0077	LG05	130728683
17629	-0.0091	LG05	130728929
19165	0.0019	LG05	130729017
24409	-0.0049	LG05	130905470
20144	0.0008	LG05	131015975
13979	0.012	LG05	131021582
12291	0.0053	LG05	131025602
4162	-0.0103	LG05	131406625
14596	-0.0044	LG05	132789916
21290	-0.0073	LG05	132794799
11483	0.003	LG05	133183335
16697	0.0106	LG05	133203961
12337	-0.0039	LG05	133898311
20929	-0.0001	LG05	133898399
3585	0.014	LG05	133913426
20573	0.0001	LG05	134388226
8842	-0.0047	LG05	134469632
25170	0	LG05	134576744
10153	-0.0046	LG05	134580714
23233	0.0046	LG05	134660103
982	-0.0013	LG05	135060896
5427	-0.0084	LG05	135354718
6944	0.0145	LG05	135378845
15494	0.0164	LG05	135594554
19937	0.0037	LG05	135612065
10276	0.0266	LG05	135854584
5738	0.0137	LG05	135934670
2934	-0.0057	LG05	135989127
4255	0.0619	LG05	136388364
19856	0.0096	LG05	136482045
13631	-0.0013	LG05	136503363
534	0.0051	LG05	136724791
10849	0.0167	LG05	136769209
24990	0.0108	LG05	136821588
22541	-0.0016	LG05	136851664
11191	-0.007	LG05	137051098
5600	-0.0013	LG05	137228044
19450	-0.0054	LG05	137465699
7922	0.0176	LG05	137570881
24976	0.0021	LG05	137576476
18694	-0.0035	LG05	137683607
8058	0.0306	LG05	137731601
20449	-0.003	LG05	137737082
14897	0.0051	LG05	137824871
9174	-0.0001	LG05	137855060
11254	-0.0036	LG05	138241426
2075	-0.0097	LG05	138269224
11717	0.0052	LG05	138655112
8849	0.0133	LG05	138894650
19522	0.004	LG05	138922316
14824	0.0104	LG05	139118592
19408	0.0241	LG05	139566912
15279	-0.0005	LG05	139986155
3226	0.227	LG05	140082263
8820	-0.0068	LG05	140082351
20744	0.0103	LG05	140589857
9216	0.0584	LG06	140780967
20128	0.0242	LG06	140865480
17934	0.0143	LG06	140866107
17347	0.0057	LG06	142533332
13991	-0.0031	LG06	143384058
14298	0.0586	LG06	143433955
24966	0.0016	LG06	143441582
5367	0.0199	LG06	143441670
24876	0.0131	LG06	143959422
13627	-0.0037	LG06	144027560
13286	0.1176	LG06	144259667
6690	0.0035	LG06	144290122
19689	-0.0031	LG06	144304879
14572	-0.0088	LG06	144508433
4065	-0.0035	LG06	144698626
14955	0.0101	LG06	144778935
6069	-0.005	LG06	145785370
23232	0.0031	LG06	146089546
9967	0.0001	LG06	146196709
9502	-0.0003	LG06	146261406
12746	0.0125	LG06	146514068
15140	-0.0012	LG06	146514156
3734	-0.0005	LG06	146615082
13308	0.0042	LG06	146778317
7713	-0.0097	LG06	146917927
13575	0.0007	LG06	146918015
7870	-0.0026	LG06	146998728
927	-0.004	LG06	147109770
11563	0.0113	LG06	147178557
13917	-0.0047	LG06	147258596
21453	0.0005	LG06	147268799
15573	0.0078	LG06	147327067
20091	0.0415	LG06	147331392
18841	0.0003	LG06	147345481
12477	-0.0075	LG06	147468380
1017	-0.0003	LG06	147493436
10177	0.0237	LG06	147578634
4799	0.0126	LG06	147590910
5610	-0.0008	LG06	147654658
9369	-0.0034	LG06	147738635
14140	0.0024	LG06	148206207
7144	0.0063	LG06	148206876
18743	0.0025	LG06	148381573
20101	0.0024	LG06	148423641
5576	0.0047	LG06	148547634
3940	-0.007	LG06	148555946
16571	0.007	LG06	148556034
954	0.0192	LG06	148753207
926	-0.002	LG06	149260729
6833	-0.0032	LG06	149291752
11008	0.0376	LG06	150151870
5770	0.0017	LG06	150190412
22921	0.0551	LG06	150382307
11065	-0.0072	LG06	150391099
248	0.0204	LG06	150757326
21611	-0.0019	LG06	150757414
24028	0.0071	LG06	151162896
13341	-0.0048	LG06	151242730
18120	0.0063	LG06	151258694
13148	0.012	LG06	151456010
11521	0.0146	LG06	151735571
5719	0.0011	LG06	152128437
8016	0.017	LG06	152204426
15332	0.0151	LG06	152377204
9135	-0.0026	LG06	152870844
4452	-0.0073	LG06	152986598
8758	-0.0051	LG06	153087102
6112	0.0017	LG06	153628957
3692	-0.0106	LG06	153737556
22020	0.0125	LG06	153918506
8327	0.0177	LG06	154278141
14593	0.0034	LG06	154345521
4235	0.034	LG06	154959425
24665	0.015	LG06	154959514
3887	0.0177	LG06	154967453
6810	-0.0016	LG06	155334167
6157	0.0309	LG06	155402484
7726	0.0094	LG06	155454142
6652	-0.0041	LG06	157002976
16968	0.0021	LG06	157735954
15615	-0.0039	LG06	157781223
23650	0.0004	LG06	157787018
3973	0.0081	LG06	158194372
24868	0.0014	LG06	158208954
2885	-0.008	LG06	158284461
23346	0.004	LG06	158408537
14906	0.0023	LG06	159047316
733	-0.0006	LG06	159348797
4398	-0.0041	LG06	159686951
23788	0.0009	LG06	160267223
1054	-0.0011	LG06	160587539
5336	0.0171	LG06	160748328
4191	-0.0058	LG06	161429863
20705	0.2401	LG06	161743905
15407	-0.0033	LG06	162271444
4887	0.0213	LG06	162897239
19466	0.0271	LG06	163297999
5465	0.0105	LG06	163446358
7391	0.0042	LG06	163454119
8465	0.0061	LG06	163454207
16898	0.0017	LG06	163704175
16504	-0.0081	LG06	163710820
7666	-0.0023	LG06	164266757
18782	-0.0048	LG06	164597168
14932	-0.0023	LG06	164691846
17898	-0.0022	LG06	164788320
17066	0.0004	LG06	165654809
3396	0.0124	LG06	166003744
16904	0.0026	LG07	166394661
13556	0.0336	LG07	166699409
16573	-0.0064	LG07	167786807
23992	0.0054	LG07	168476177
24940	0.1996	LG07	168672702
5946	0.0064	LG07	168872288
5322	0.0005	LG07	170949829
3049	0.0045	LG07	171185782
20810	-0.0022	LG07	171185870
8890	0.0081	LG07	172643291
16410	0.0148	LG07	172723580
6894	0.0018	LG07	173042131
23190	0.0091	LG07	173096348
7763	-0.0036	LG07	173631546
25479	0.0131	LG07	174019774
8334	0.0073	LG07	174198757
6882	-0.0069	LG07	174232115
10210	-0.0028	LG07	175032935
8898	-0.0081	LG07	175165646
11216	0.0057	LG07	175303284
17835	-0.0018	LG07	175536824
11760	0.0002	LG07	175672613
3284	0.0236	LG07	175693340
23562	0.0156	LG07	175906333
8191	0.0209	LG07	176232589
11576	-0.0028	LG07	177030519
12578	0.0009	LG07	177121662
8100	0.0009	LG07	177581927
14999	0.0128	LG07	177582680
7875	-0.0064	LG07	177606100
23986	-0.0015	LG07	177851570
15934	0.0115	LG07	177936259
4137	-0.0034	LG07	177965124
11997	0	LG07	178066350
13198	0.0059	LG07	178131081
16062	-0.0067	LG07	178229946
20885	0.0257	LG07	178441722
23563	0.0095	LG07	178502623
2520	0.0034	LG07	178515495
14810	-0.0048	LG07	178773316
17322	-0.0077	LG07	179379514
2735	-0.0014	LG07	179389736
3195	-0.0098	LG07	179451298
22035	0.0017	LG07	179523435
14640	0.0232	LG07	179699179
23944	0.0295	LG07	180536844
121	0.018	LG07	180793076
20028	-0.0054	LG07	180840916
25567	-0.0029	LG07	180899043
10999	0.002	LG07	180923115
22166	0.0099	LG07	181008092
11149	-0.0102	LG07	181022968
10285	-0.0051	LG07	181048379
16881	0.0054	LG07	181295582
4637	0.012	LG07	181565333
24467	0.0004	LG07	181607994
21874	0.0092	LG07	181717513
16218	0.0042	LG07	182222508
7479	0.0006	LG07	182389666
925	0.011	LG07	182399640
7171	0.0038	LG07	182439698
3324	0.0082	LG07	182560791
18517	-0.0004	LG07	182711911
3111	-0.0082	LG07	183111272
9164	0.0011	LG07	183145017
14474	-0.0133	LG07	183534774
2069	-0.0016	LG07	183586578
22303	-0.004	LG07	183647418
22862	-0.0102	LG07	183755473
7458	-0.0009	LG07	183915234
17631	-0.0046	LG07	184048764
8813	0.0165	LG07	184375569
15473	0.0048	LG07	184657858
24287	-0.0021	LG07	184762832
6298	0.0033	LG07	185444332
21829	0.0122	LG07	185891850
10913	0.1541	LG07	186620694
4856	0.0887	LG07	186798598
13935	-0.0029	LG07	187070129
18796	0.0048	LG07	187071612
12962	0.0003	LG07	187144988
2319	-0.0022	LG07	187150602
15645	0.0005	LG07	187156688
20990	-0.0036	LG07	187284579
9800	0.0052	LG07	187349940
24999	0.0035	LG07	187350028
22324	0.0093	LG07	187356527
2454	0.0193	LG07	187747804
20197	0.0118	LG07	187926469
12303	0.0317	LG07	188020070
24684	0.0033	LG07	188143177
11768	0.0225	LG07	188143265
11902	-0.0064	LG07	188199670
22276	0.0766	LG07	188493478
25306	0.0021	LG07	188715637
22937	0.0016	LG07	189247897
2830	0.0019	LG07	189486121
1490	-0.002	LG07	189577757
3798	-0.0017	LG07	189614659
21016	-0.001	LG07	189661344
11860	0	LG07	190488046
22729	-0.0026	LG07	190686685
7604	-0.0002	LG07	190811021
19632	0.001	LG07	191022164
6357	-0.0002	LG07	191383976
19107	0.0054	LG07	191413461
24414	0.0111	LG07	191533316
19046	0.0002	LG07	191639175
11886	0.0018	LG07	192094924
3307	-0.0047	LG07	192326849
23211	-0.0014	LG07	192337369
24833	-0.0076	LG07	192821552
12299	0.012	LG07	193061752
12946	0.0077	LG07	193074674
8693	0.0044	LG07	193096201
20753	-0.0044	LG07	193219547
1258	0.0008	LG07	193335565
11488	0.0002	LG07	193368791
12394	0.0059	LG07	193467553
20472	-0.0016	LG07	193482612
11176	0.0003	LG07	193516027
22989	0.0146	LG07	193561142
16425	-0.0009	LG07	193737013
21785	-0.0015	LG07	193947570
22430	0.0007	LG07	194055763
16718	0.0211	LG07	194119388
16834	0.0838	LG07	194283694
24680	0.0274	LG07	194350323
964	0.0624	LG07	194371496
7313	0.0247	LG07	194371584
1036	-0.0125	LG07	194779686
19685	-0.004	LG07	194839928
17993	0.0006	LG07	195029525
11566	0.0012	LG07	195095348
2087	0.0006	LG07	195095436
21723	0.0442	LG07	195284308
3606	0.0031	LG07	195334886
20395	0.0183	LG07	195707213
19520	0.0045	LG07	196022398
23402	-0.0115	LG07	196226919
5739	0.0015	LG07	196545049
23193	0.0029	LG07	196648616
7395	0.0162	LG07	196708990
19372	0.0003	LG07	197068809
11126	0.0297	LG08	198049631
8103	-0.0019	LG08	198053529
17867	-0.0021	LG08	198510638
4596	-0.0003	LG08	199148026
17856	0.0171	LG08	201562780
7466	0.002	LG08	201587111
3193	0.0091	LG08	202189792
16186	-0.0031	LG08	202327350
23100	-0.0055	LG08	202802040
24606	0.0025	LG08	202813945
22626	0.0024	LG08	202974450
3207	-0.0012	LG08	203035046
16965	0.0008	LG08	203198008
16238	-0.0026	LG08	203198096
20526	-0.0037	LG08	203360148
7046	0.0041	LG08	203574576
17168	-0.0035	LG08	203956398
6771	-0.0058	LG08	204099175
16032	0.0072	LG08	204248906
9813	0.0023	LG08	204358166
10038	0.0032	LG08	204547768
23980	0.0197	LG08	204548998
21600	0.0004	LG08	204557417
5623	-0.0075	LG08	204625973
16134	-0.0021	LG08	205692188
11132	0.0003	LG08	205968296
8208	0.0004	LG08	206143205
5844	0.0075	LG08	206943601
5060	-0.007	LG08	206976678
12064	0.017	LG08	207429328
23580	0.0112	LG08	207511931
5834	-0.0029	LG08	207654629
3960	0.0316	LG08	207728927
545	0.0004	LG08	207799835
23076	0.0059	LG08	207810179
20791	0.0129	LG08	207990196
24825	0.0108	LG08	207990642
4491	0.0222	LG08	208019458
15432	-0.0047	LG08	208191123
18628	0.012	LG08	208202024
21539	-0.0028	LG08	208209923
4383	-0.0076	LG08	208246119
16698	0.0067	LG08	208282639
4040	0.0004	LG08	208298840
16165	0.0072	LG08	208309455
571	0.0135	LG08	208458261
2506	0.0033	LG08	208682680
7865	0.008	LG08	208751318
20578	0.0621	LG08	209149940
22563	-0.0048	LG08	209206784
23593	0.0029	LG08	209211051
2408	-0.0044	LG08	209246794
10726	0.0109	LG08	209524406
17267	-0.0086	LG08	210011323
14044	0.0099	LG08	210074241
1089	0.0047	LG08	210499025
7501	-0.004	LG08	210514703
15568	0.0734	LG08	210623712
227	-0.0017	LG08	211036962
17870	-0.0043	LG08	211226622
20530	0.0051	LG08	211458814
11260	0.0019	LG08	211557042
23395	0.0008	LG08	211573833
20285	0.0011	LG08	211593211
6910	0.0048	LG08	211767822
1821	-0.0032	LG08	212027051
13925	0.0037	LG08	212052546
21531	0.0016	LG08	212425339
16911	0.0204	LG08	212425427
528	-0.0103	LG08	212542340
4891	0.0008	LG08	212942152
10061	0.002	LG08	213045473
17190	0.016	LG08	213212682
10951	0.025	LG08	213793397
7974	0.0028	LG08	213953489
8815	0.0046	LG08	214053692
20270	0.0487	LG08	214735329
24993	0.0184	LG08	214961820
5206	-0.001	LG08	215399345
13241	0.0003	LG08	215400370
11759	0	LG08	215488900
6229	0	LG08	215770068
7807	-0.003	LG08	215856460
18073	-0.0106	LG08	215974811
24415	-0.0003	LG08	216152844
2234	0.0364	LG08	216335493
12521	-0.0039	LG08	216925645
10166	-0.0124	LG08	217044451
8997	-0.001	LG08	217429845
13738	-0.0044	LG08	217911067
19923	0.0047	LG08	218319998
10885	-0.0103	LG08	218860874
13724	0.1074	LG08	218950220
18702	0.0124	LG08	218950308
24554	0.0157	LG08	219150016
373	0.0133	LG08	219321800
11300	0.007	LG08	219625522
9940	-0.0007	LG08	219753725
10392	0.0046	LG08	219862853
23649	0.0105	LG08	220327567
16205	0.014	LG08	220720001
10401	-0.0094	LG08	220760774
9419	-0.0056	LG08	221589415
22526	-0.0058	LG08	221712394
23159	0.0002	LG08	221933682
21092	-0.0026	LG08	221962077
22824	0.0008	LG08	222144128
4609	-0.0097	LG08	222148297
3197	-0.0059	LG08	222232490
24683	-0.0076	LG08	222736549
7522	0.0175	LG08	222784038
24253	-0.0106	LG08	222922109
23564	0.0157	LG08	223104923
17933	0.0051	LG08	223104925
10991	0.0504	LG08	223170699
2368	0.0183	LG08	223570792
15881	0.0037	LG08	223878324
21802	0.0045	LG09	224792468
18502	0.0049	LG09	225123645
11018	0.0012	LG09	225438563
5198	0.0248	LG09	225576882
708	-0.0023	LG09	225837617
4556	0.0764	LG09	226055675
18276	0.0763	LG09	226077258
17384	0.0247	LG09	226353475
20522	-0.0012	LG09	226690372
15806	0.0005	LG09	226783720
24222	0.0112	LG09	227015854
9606	0.028	LG09	227620273
3458	-0.0137	LG09	227676983
18196	0.0062	LG09	227760820
4615	-0.0053	LG09	227853679
18186	-0.0029	LG09	228086106
20937	-0.001	LG09	228277264
3297	0.0495	LG09	228383677
7151	0.0005	LG09	228404829
3683	0.0165	LG09	228863855
8194	0.0127	LG09	229069992
9077	0.0037	LG09	229478926
5124	0.0041	LG09	229897151
1504	-0.0061	LG09	230267951
6099	0.0178	LG09	231032723
415	0.0013	LG09	231127358
1047	0.016	LG09	231129979
21454	0.0001	LG09	231288582
22698	0.0153	LG09	231622087
7902	0.0293	LG09	231806529
14594	0.005	LG09	232012870
12990	0.0021	LG09	232076460
20036	-0.0032	LG09	232120715
4146	0.0249	LG09	232394528
4702	0.0119	LG09	233632383
15907	-0.0014	LG09	233648290
23935	0.0258	LG09	234120960
5174	0.0002	LG09	234530589
25293	-0.0027	LG09	234604595
18401	-0.0044	LG09	235045465
23924	0.0098	LG09	235094607
25396	-0.0058	LG09	235197205
11848	0.01	LG09	235324169
23308	0	LG09	235448265
617	0.0001	LG09	235480613
18757	-0.0012	LG09	235480768
22918	0.0866	LG09	235678060
13940	0.0472	LG09	235679299
2230	0.0027	LG09	235688493
20446	-0.0077	LG09	235855124
11849	0.0076	LG09	236747312
23111	0.0043	LG09	236982197
22806	0.0003	LG09	237054654
22873	0.0122	LG09	237171463
11307	0.0127	LG09	237171551
7465	-0.0095	LG09	237364276
22092	0.0127	LG09	237428576
7328	0.0008	LG09	237479831
10198	0.0032	LG09	238023374
21686	-0.0024	LG09	238109162
410	-0.0104	LG09	238109252
19752	-0.0088	LG09	238336688
8199	-0.0028	LG09	238647888
5930	-0.009	LG09	238686205
17951	-0.0042	LG09	238852406
12201	-0.01	LG09	238863752
17588	-0.0042	LG09	239055436
15311	0.0002	LG09	239073662
15650	0.0047	LG09	240274888
13054	-0.0115	LG09	240276077
22246	-0.0027	LG09	240302238
16967	0.0308	LG09	240306853
14260	0.0335	LG09	240320472
15586	0.0281	LG09	240372208
9611	-0.0023	LG09	240824298
17901	-0.0028	LG09	241019994
18043	0.0147	LG09	241293722
9980	-0.0095	LG09	241312525
17038	-0.0104	LG09	241312613
16009	-0.0065	LG09	241589869
10687	0.0005	LG09	241713352
4142	0.0137	LG09	241770982
11056	0.0072	LG09	241804011
21118	0.0004	LG09	241827184
22640	-0.0067	LG09	241835777
9966	0.0074	LG09	241856574
22488	0.0126	LG09	241939275
4960	-0.0016	LG09	241993802
14555	0.0066	LG09	242065200
39	0.0007	LG09	242065288
986	0.0021	LG09	242596322
8603	-0.0101	LG09	242618279
16667	0.0078	LG09	243445188
7759	-0.0048	LG09	243462795
21239	-0.0152	LG09	243549215
9545	0.0001	LG09	243668451
18188	0.023	LG09	243997105
13207	0.0286	LG09	244132740
263	-0.0006	LG09	244160367
13721	0.003	LG09	244298468
12648	0.0003	LG09	244298556
14755	0.0025	LG09	244521547
23178	0.007	LG09	245024832
19360	0	LG09	245828056
18319	0.0061	LG09	246072515
17912	-0.0018	LG09	247217818
11209	-0.0026	LG09	247753884
20068	-0.0001	LG09	247812081
22753	0.0527	LG09	247868041
8124	-0.0057	LG09	247949728
13163	0.0034	LG09	248102044
917	0.0296	LG09	248149227
1794	-0.0011	LG09	248326573
11638	0.0331	LG09	248615465
12554	0.0119	LG09	248680648
4226	0.0191	LG09	248790775
8569	0.0043	LG10	249656435
10138	0.0502	LG10	249867296
3962	0.0165	LG10	250170512
7384	0.0355	LG10	250917914
5002	0.0094	LG10	250935534
16612	0.0004	LG10	251125697
11954	-0.0034	LG10	251821514
17879	-0.0071	LG10	251858764
9252	0.0009	LG10	252055429
1592	-0.0115	LG10	252067978
18111	0.0099	LG10	252090667
1073	-0.0043	LG10	252168670
17343	0.007	LG10	252376394
14554	0.0866	LG10	252657598
10181	-0.0111	LG10	253183880
22771	-0.0025	LG10	253349654
22011	0.0207	LG10	253872430
4426	-0.0013	LG10	253965490
25250	0.0016	LG10	254194592
10995	-0.0112	LG10	254946788
5203	-0.01	LG10	255107940
13881	-0.0022	LG10	255327699
5962	0.0039	LG10	255400291
18330	0.0067	LG10	255408706
885	0.0144	LG10	255416587
3434	0.0044	LG10	255568603
9159	0.0104	LG10	255769505
10291	0.0051	LG10	256113189
16787	0.002	LG10	256209892
11408	0.004	LG10	256467489
10396	0.0037	LG10	256805674
19829	0.0068	LG10	256927004
21800	0.0276	LG10	256927533
14287	0.0048	LG10	256995266
7214	0.005	LG10	256996917
6701	0.0072	LG10	257034614
12987	0.0021	LG10	257333518
21681	0.0239	LG10	257345485
4620	-0.0009	LG10	257378972
18629	-0.0072	LG10	257584744
8160	0.0263	LG10	258313636
9986	-0.0089	LG10	259168147
3753	-0.0039	LG10	259426433
24659	-0.006	LG10	259469312
17181	-0.0042	LG10	259614420
92	-0.0016	LG10	260061530
12725	-0.0003	LG10	260385110
8033	0.0121	LG10	260460954
17999	0.0097	LG10	260930993
13125	0.0028	LG10	260958346
12182	0.0176	LG10	261267899
198	0.0005	LG10	262107953
11049	0.0061	LG10	262143270
14190	0.0055	LG10	262218733
11546	-0.0015	LG10	262218821
13791	-0.001	LG10	262263419
9755	0.0128	LG10	262942652
7453	0.0413	LG10	263215886
24796	0.0376	LG10	263465549
17990	0.0404	LG10	263465637
15313	-0.0001	LG10	263778322
19765	0.04	LG10	264410831
4083	0.012	LG10	264704534
8507	0.002	LG10	264825465
15234	0.0115	LG10	264825553
24591	0.0153	LG10	265276988
4251	0.0138	LG10	266203738
14526	-0.0002	LG10	266368658
12199	0.0263	LG10	266458360
5217	0.0446	LG10	266458448
22392	0.0058	LG10	266521131
7505	0.0162	LG10	266617089
13301	-0.0004	LG10	266912678
4171	0.0006	LG10	267109331
9549	0.0019	LG10	267414052
17760	-0.002	LG10	267661064
24634	-0.0004	LG10	267800541
16422	0.0039	LG10	268005151
24307	0.0021	LG10	268065409
18366	0.0082	LG10	268159777
21884	0.0059	LG10	268235611
18754	0.0001	LG10	268668482
9452	0.1006	LG10	268983317
7879	-0.009	LG10	269033454
16245	-0.012	LG10	269330783
23189	-0.0005	LG10	269333191
16145	0.0256	LG10	269480773
3248	-0.0024	LG10	269587104
10580	0.0252	LG10	269717554
19564	-0.0066	LG10	269911374
21007	-0.002	LG10	271427310
6040	-0.0049	LG10	271569712
11910	0.0068	LG10	271569800
2558	0.0091	LG10	271586315
8486	0.0001	LG10	272092182
11	0.0003	LG10	272444707
11165	0.0013	LG10	272560388
25444	-0.005	LG10	272563307
472	0.0118	LG10	272806595
12916	0.0208	LG10	272830887
23146	-0.0041	LG10	272995942
5594	-0.0061	LG10	273287536
8804	0.0085	LG10	273324764
8798	0.0078	LG10	273758898
20295	0.0127	LG10	274331820
16791	0.0105	LG10	274705528
24444	-0.0055	LG10	274797787
19742	0.0113	LG11	275527873
21313	-0.0016	LG11	275722650
6484	0.0074	LG11	275912507
6769	-0.0097	LG11	276202915
7711	0.011	LG11	277192370
15749	0.0241	LG11	277323732
3258	0.0098	LG11	277323820
23150	0.0017	LG11	277333062
19021	0.0035	LG11	277335998
6803	0.0195	LG11	277410983
11282	-0.0033	LG11	277411071
8526	0.0547	LG11	277489541
18879	0.0245	LG11	277565598
21335	-0.0056	LG11	277860959
21256	0.0012	LG11	277896796
16270	-0.0022	LG11	278104792
14618	-0.0031	LG11	278108549
3428	-0.0008	LG11	278351027
23066	-0.0076	LG11	278584864
5966	0.0155	LG11	278607221
24196	0.0013	LG11	278702038
18571	0.0023	LG11	279182543
23094	0.0113	LG11	279220057
16564	-0.005	LG11	279246476
24124	0.0042	LG11	279717789
7940	0.0049	LG11	279805102
10307	-0.0096	LG11	280132372
3931	-0.0093	LG11	280165693
18236	-0.0011	LG11	280210928
18322	-0.0018	LG11	280292185
7929	0.0137	LG11	280292273
19943	0	LG11	280302217
21590	-0.0083	LG11	280302735
19964	-0.0018	LG11	280446436
15954	0.0003	LG11	280675523
25650	-0.0141	LG11	280678534
17440	0.0889	LG11	280730867
6757	0.0035	LG11	280730951
2468	0.0043	LG11	280913689
12889	0.0015	LG11	281226491
6203	0.0214	LG11	281325901
12897	0.0176	LG11	281374078
9158	0.0075	LG11	281696512
6550	-0.0028	LG11	281779471
12810	0.003	LG11	282432017
1547	0.0174	LG11	282615852
1756	0.0215	LG11	282956035
752	0.0088	LG11	283093482
18313	0.0054	LG11	283644447
18947	0.0052	LG11	283707157
11978	0.0091	LG11	283846458
14131	0.0186	LG11	284241413
22145	0.0732	LG11	284683824
18762	0.0084	LG11	284760717
12254	-0.0055	LG11	284933518
4956	0.0039	LG11	285360320
8192	0.0025	LG11	285421120
1167	0.0004	LG11	285465516
10886	-0.0106	LG11	285570944
15114	0.004	LG11	285993633
9205	0.0171	LG11	286107837
17087	0.0127	LG11	286236564
9585	0.0127	LG11	286309892
16429	0.0055	LG11	286466708
6890	-0.0025	LG11	286650722
21789	-0.0003	LG11	286717469
11594	0.0014	LG11	286745793
23709	0.0416	LG11	287386513
17709	0.0048	LG11	287570147
13355	0.0012	LG11	288246406
13107	0.0103	LG11	288268252
10799	0.0578	LG11	288513153
14920	0.0333	LG11	288687980
20923	0.0269	LG11	289338398
3430	0.0386	LG11	289338486
3886	0.0162	LG11	289371316
8315	-0.0039	LG11	289398016
2604	0.0024	LG11	289685718
16257	0.011	LG11	290012410
308	-0.001	LG11	290340289
9458	-0.0081	LG11	290886299
8346	0.0029	LG11	290923499
7161	-0.005	LG11	290939174
17726	0.0484	LG11	291093433
9408	0.0237	LG11	291100802
5003	0.007	LG11	291260238
11013	0.0074	LG11	291278677
21360	-0.0064	LG11	291689741
10828	-0.0048	LG11	291690844
25416	0.0031	LG11	291745162
11019	0.0323	LG11	291950823
19478	0.0405	LG11	292368058
20140	0.0014	LG11	293317347
4837	-0.0022	LG11	293434013
3266	0.0188	LG11	293665099
3188	-0.0039	LG11	293712247
19830	-0.0055	LG11	293812486
16789	-0.0035	LG11	293814785
24334	0.029	LG11	294069330
6729	-0.0041	LG11	294285349
19784	0.0052	LG11	294454879
15354	0.0106	LG11	294697953
15955	-0.0041	LG11	294828378
2153	-0.0095	LG11	295642889
1478	0.0087	LG11	295642977
14020	-0.0085	LG11	296134498
11299	-0.0047	LG11	296318985
12903	0.0015	LG11	296412871
22851	-0.0055	LG11	296810100
8152	-0.0029	LG11	296875685
7457	-0.0076	LG11	296893447
5464	0.0127	LG11	296956628
20666	0.0088	LG11	297164065
3039	0.0056	LG11	297272213
12942	-0.0077	LG11	297505741
18250	0.001	LG11	297505829
19035	0.0225	LG11	298537579
5614	0.0015	LG11	298678483
1655	0.0044	LG11	299142305
6158	-0.0043	LG11	299142851
17644	0.0017	LG11	299302256
4696	0.0065	LG11	299347156
8448	0.0421	LG11	299347244
22637	0.1174	LG11	299347244
3362	0.0004	LG11	299405950
12605	0.0143	LG11	299581964
2922	0.0091	LG11	299640829
11912	-0.003	LG11	299934248
5572	0.018	LG11	299982472
7749	-0.0018	LG11	300056814
4901	0.0292	LG11	300931540
53	-0.006	LG11	301110599
23448	-0.0025	LG11	301110687
23014	-0.0075	LG11	301361505
25289	-0.0028	LG11	301383935
9251	-0.0073	LG11	301511974
21807	-0.0046	LG11	301602687
8670	0.0016	LG11	302000574
4361	-0.0023	LG11	302030694
1473	-0.0053	LG11	302068424
6377	0.0197	LG11	302098979
13880	0.0007	LG11	302115310
5	-0.0073	LG11	302131607
11535	0.0058	LG11	302640583
494	-0.004	LG11	302717269
9213	0.0052	LG11	302717995
12431	0.0042	LG11	302732499
14536	0.0105	LG11	302751655
15756	0.0005	LG11	302808519
12122	-0.0042	LG11	302842937
8190	0.0032	LG11	302950753
411	-0.0053	LG11	303085071
7434	-0.003	LG11	303176670
16135	-0.0019	LG11	303223995
15256	0.0022	LG12	304259391
5476	0.025	LG12	304281152
18166	-0.0002	LG12	304380305
1354	-0.002	LG12	307097064
7431	0.0051	LG12	307139446
4473	-0.0051	LG12	307822570
780	0.0036	LG12	308026366
16343	-0.0034	LG12	308110852
23258	0.0322	LG12	308548730
4568	-0.0001	LG12	308591847
10263	0.0123	LG12	309042371
11770	0.0198	LG12	309252624
8037	0.0163	LG12	309344989
15646	0.0062	LG12	309392004
2335	-0.0025	LG12	309838806
20544	0.0047	LG12	309899585
8064	-0.0036	LG12	309992903
12813	0.004	LG12	309995384
17582	0.0069	LG12	310223362
6144	-0.0071	LG12	310241380
15017	0.0092	LG12	310262968
8278	-0.0056	LG12	310564878
7574	-0.0007	LG12	310724210
8810	-0.0093	LG12	310874541
11878	-0.0053	LG12	311198667
14666	0.0137	LG12	311379574
3833	0.023	LG12	311508848
13458	-0.0122	LG12	311544807
15003	-0.0003	LG12	311940976
4711	-0.0076	LG12	311980022
6094	-0.0025	LG12	312279646
11880	-0.0101	LG12	312451031
16820	0.0015	LG12	312477168
9061	0.0059	LG12	312598056
17406	0.0162	LG12	312687250
18315	0.0044	LG12	313104480
11591	-0.0091	LG12	313447022
960	0.0366	LG12	313987218
23201	-0.0003	LG12	314096971
13176	-0.0027	LG12	314267711
21202	0.0286	LG12	314428724
541	0.003	LG12	314699574
16175	-0.0077	LG12	314761463
10456	0.028	LG12	315122965
13408	0.0222	LG12	315126545
1881	-0.0025	LG12	315297103
18478	0.0989	LG12	315573706
15061	0.0108	LG12	315807174
1581	-0.0171	LG12	315910495
24389	0.0001	LG12	315919910
25048	-0.0015	LG12	315952795
10698	0.018	LG12	316192351
12403	0.0142	LG12	316722348
18792	0.0077	LG12	317014400
25241	0.0032	LG12	317180663
10758	0.0169	LG12	318224472
14495	-0.0102	LG12	320837723
5817	-0.0037	LG12	321216719
5396	0.0007	LG12	321513652
4550	0.0077	LG12	321566633
16035	0.0089	LG12	322139237
18070	-0.0021	LG12	322245756
3505	-0.0017	LG12	322406338
13285	0.006	LG12	322476249
18133	-0.0024	LG12	322563026
522	0.0257	LG12	322633305
772	0.0001	LG12	323015723
10718	0.0024	LG12	323025463
7674	-0.0028	LG12	323065125
24470	0.0021	LG12	323305417
5133	-0.0018	LG12	323305505
10207	-0.0085	LG12	323458435
19222	-0.0038	LG12	323729052
7565	-0.0022	LG12	323734200
12474	-0.0064	LG12	323741884
11992	-0.0049	LG12	323775942
12668	0.0083	LG12	323883498
25622	-0.0026	LG12	324062317
98	0.0051	LG12	324105234
3343	0.0025	LG12	324237456
5672	0.0004	LG12	324351415
7086	-0.0011	LG12	324529137
9979	-0.0045	LG12	324758414
9658	-0.0074	LG12	325104950
12770	-0.0037	LG12	325382930
22206	-0.0018	LG12	325802919
3304	0.0042	LG12	325803007
4411	0.0031	LG12	325831764
10217	-0.008	LG12	325861009
18012	-0.0028	LG12	326522580
3480	0.0202	LG12	326887570
10295	0.0068	LG12	327056024
3437	0.0121	LG12	327102873
18434	0.0034	LG12	327210341
1568	-0.0051	LG12	327511512
11506	0.0066	LG12	327849745
25411	0.0025	LG12	328105380
12851	0.0005	LG12	328206554
16846	0.0208	LG12	328821160
187	-0.0001	LG12	328821248
6071	0.0072	LG12	328920134
11415	0.0007	LG12	328974536
9091	-0.0053	LG12	329148940
23977	0.0032	LG12	329241950
6462	0.0099	LG12	329262217
15242	0.0138	LG12	329433861
11805	-0.0089	LG12	329497471
6312	0.0064	LG12	330416493
167	0.0006	LG12	330572524
9896	0.0303	LG12	330690831
24954	0.0325	LG13	332033555
2274	0.0066	LG13	332339750
12028	0.0008	LG13	332361415
10029	0.0261	LG13	332408415
15595	-0.0014	LG13	332430747
16187	0.0052	LG13	332610831
3708	0.0008	LG13	332646256
19069	0.053	LG13	332767156
7092	-0.006	LG13	332965445
14365	0.0041	LG13	334222409
8596	0.0158	LG13	334222497
7605	-0.0062	LG13	334291646
13514	-0.0074	LG13	334305781
15145	-0.0022	LG13	334451861
14758	0.0021	LG13	334543224
13318	0.0065	LG13	334695369
9663	0.0008	LG13	334774164
4507	0.057	LG13	335678383
3062	-0.0004	LG13	335753541
1635	-0.0047	LG13	336187433
24464	0.0044	LG13	336554772
4643	0.0002	LG13	336667618
11348	0.0016	LG13	336828805
3929	0.0034	LG13	337183053
8426	0.0052	LG13	337619738
15763	-0.0051	LG13	337645565
19626	0.0108	LG13	337731914
7736	0.0134	LG13	337743536
24135	0.0007	LG13	338047372
10460	-0.0017	LG13	338077201
2258	-0.0056	LG13	338210190
16752	0.1031	LG13	338238315
4396	0.0244	LG13	338409036
11988	0.0114	LG13	338901246
22677	0.007	LG13	339091131
9165	0.0169	LG13	339508295
14990	-0.0063	LG13	339655210
7747	0	LG13	339737593
13762	0.0216	LG13	339781704
18558	0.0025	LG13	340242079
17739	-0.0011	LG13	340275207
16482	0.0038	LG13	340549487
17586	0.0147	LG13	340682220
10006	-0.0035	LG13	340687136
23503	-0.0012	LG13	341082136
5475	0.0138	LG13	341138781
19170	0.0021	LG13	341711405
1482	-0.0018	LG13	342082411
16650	0.104	LG13	342810584
17446	0	LG13	343066860
5741	-0.0037	LG13	343066948
25378	0.0052	LG13	343328362
15546	0.0099	LG13	343523846
1571	-0.002	LG13	343550820
19683	0.0008	LG13	344135578
12083	0.0234	LG13	345006441
8086	-0.0019	LG13	345638629
4442	0.0006	LG13	345638717
7957	-0.0044	LG13	345697987
21653	0.0052	LG13	345701414
5845	0.0052	LG13	345820079
14122	0.0032	LG13	346062000
18591	-0.0092	LG13	346188866
10752	0.003	LG13	346215145
20056	-0.003	LG13	346454390
18467	-0.0035	LG13	346866995
8198	0.0041	LG13	347255315
4575	-0.0059	LG13	347270264
11119	-0.005	LG13	347279151
7183	0.0157	LG13	347600494
4671	0.002	LG13	347758231
7301	0.0003	LG13	348186332
705	0.0127	LG13	348328385
5560	-0.0012	LG13	348395547
21896	-0.0025	LG13	348505767
20198	0.0004	LG13	348543115
10334	0.0045	LG13	348576009
11579	-0.0002	LG13	348755493
8241	-0.0076	LG13	348755580
16227	-0.0043	LG13	348806319
16369	-0.0036	LG13	349410022
2826	-0.0039	LG13	349704668
8288	-0.0067	LG13	349740159
9845	-0.0076	LG13	349740779
4227	0.013	LG13	349797343
25273	-0.0027	LG13	349831409
7775	0.0032	LG13	349902576
23792	-0.0088	LG13	349967551
2824	0.0125	LG13	350072796
14869	-0.0014	LG13	350120151
4664	-0.0017	LG13	350120239
7803	0.0072	LG13	350143229
3132	-0.0034	LG13	350167955
16005	-0.0008	LG13	350610113
17592	0.0245	LG13	351042341
17182	0.0061	LG13	351058216
10848	0.0046	LG13	351106673
1228	0.0033	LG13	351127601
7027	-0.0012	LG13	351131613
18514	0.0133	LG13	351665263
18586	-0.0028	LG13	351666184
23389	0.011	LG13	351678599
11170	0.0136	LG13	351774533
11225	0.0289	LG13	351810061
20770	-0.0038	LG13	351853695
1048	0.002	LG13	352125522
14505	0.0024	LG13	352131809
1689	-0.0029	LG13	352154206
14011	0.0738	LG13	353027120
4140	-0.0029	LG13	353313453
21827	0.0056	LG13	354258608
20699	-0.0013	LG13	354619028
2682	0.0193	LG13	354639724
20257	0	LG13	354740424
23883	-0.0032	LG13	354812243
4156	0.0089	LG13	355124404
19509	0.0624	LG13	355284659
10960	-0.0003	LG13	355686191
3541	0.0036	LG13	355686279
25323	0.0952	LG13	355819951
8295	0.0095	LG13	356010698
18633	0.1021	LG13	356116971
16766	0.0207	LG13	356164675
12401	0.0457	LG13	356713750
2587	0.0007	LG14	356990303
22950	0.0031	LG14	357030050
9378	0.0205	LG14	357674243
490	-0.002	LG14	358311462
616	-0.0019	LG14	358326190
18528	0.0257	LG14	358475449
1078	0.0008	LG14	358526123
17625	0.0003	LG14	358742787
25478	-0.0059	LG14	358829018
21704	0.0183	LG14	358925276
23776	-0.0026	LG14	359077294
618	-0.004	LG14	359112644
6540	0.0033	LG14	359212040
24167	-0.0026	LG14	359277554
12158	0.0327	LG14	359307029
12622	-0.0032	LG14	359315004
940	0.0312	LG14	359354888
13525	0.0008	LG14	359380591
22282	0.0032	LG14	359475108
20625	0.006	LG14	360497065
13411	0.1805	LG14	360497151
25091	0.0001	LG14	360618328
16233	0.0137	LG14	360901397
24451	0.0001	LG14	360976087
8330	-0.0003	LG14	361029832
2550	0.0075	LG14	361121793
5892	0.006	LG14	361186360
14127	0.0089	LG14	361372776
13188	0.0004	LG14	361426521
6608	-0.0049	LG14	361443112
1975	0.0319	LG14	361838567
91	0.0195	LG14	361844629
19651	-0.0087	LG14	361968207
9717	0.0053	LG14	362329385
21726	-0.0047	LG14	362391221
6399	0.0003	LG14	362470576
3594	0.0253	LG14	362691061
5781	0.0041	LG14	362786197
14517	0.0007	LG14	362803426
7910	0.0294	LG14	363360735
21403	0.0026	LG14	363578046
554	0.0078	LG14	363996661
2204	0.0147	LG14	364021230
20732	0.0155	LG14	364021318
24090	0.0101	LG14	364397881
17597	-0.001	LG14	364453361
14620	-0.0101	LG14	364565322
19720	0.0169	LG14	364628321
9102	0.0142	LG14	364628409
20609	0.001	LG14	364878992
22892	0.0181	LG14	364963710
2425	0.0227	LG14	365073689
5580	0.0034	LG14	365073777
691	-0.0046	LG14	365287923
15239	0.0002	LG14	365301829
11447	0.0063	LG14	365301917
14839	-0.0055	LG14	365350235
14702	0.012	LG14	365518768
20364	-0.007	LG14	365592521
2843	-0.0044	LG14	365868895
24342	0.0018	LG14	366255229
2974	0.0007	LG14	366506833
8389	-0.0018	LG14	366595603
21492	0.009	LG14	366873815
21779	-0.0069	LG14	366885294
1441	-0.0053	LG14	367110338
3308	-0.0059	LG14	367387396
445	-0.0016	LG14	368028179
11313	-0.0011	LG14	368307293
3417	0.0017	LG14	368463831
24098	0.0004	LG14	368542475
10462	0.0004	LG14	368609718
19928	-0.0061	LG14	368890731
8461	-0.0007	LG14	368953114
4989	-0.0036	LG14	369040099
14864	-0.0046	LG14	369164888
5945	0.0193	LG14	369656548
721	-0.0056	LG14	369656636
5151	-0.0075	LG14	369715817
9943	0.001	LG14	369929840
10954	0.0254	LG14	370103820
21989	0.0149	LG14	370915928
15316	-0.0042	LG14	371668107
17654	0.0005	LG14	371706172
10306	0.0188	LG14	372250373
4185	0.0155	LG14	372566056
6631	-0.0018	LG14	372566877
10092	0.0217	LG14	372886297
13911	0.0706	LG14	373104389
75	0.1124	LG14	373752118
25130	0.0184	LG14	373752206
5333	0.0001	LG14	373977505
1339	-0.0008	LG14	373991577
4402	-0.0063	LG14	374339482
6597	0.0207	LG14	374503391
7498	0.0024	LG14	374559551
12884	0.0068	LG14	374744921
18830	-0.0053	LG14	374879639
19918	0.0225	LG14	375022981
24824	-0.0023	LG14	375028748
17245	-0.002	LG14	376015975
17106	0.0005	LG14	376527190
9675	-0.0059	LG14	376946235
22688	0.0026	LG14	377196640
1372	0.0334	LG14	377694171
331	-0.0092	LG14	378001677
14492	-0.0053	LG14	378123769
8046	0.0135	LG14	378651774
12707	-0.009	LG14	379076083
3102	0.0004	LG14	379081547
11749	-0.0094	LG14	379085474
663	0.0001	LG14	379111715
13468	-0.0066	LG14	379330246
19219	0.0026	LG14	379336356
1002	-0.0016	LG14	379642741
1159	0.0055	LG14	379664728
13322	0.0095	LG14	379864417
8885	-0.0105	LG14	379864505
148	-0.0015	LG14	380004428
16934	0.0049	LG14	380522281
9731	0.0061	LG14	380544717
2794	-0.0067	LG14	380634422
19098	0.0055	LG14	380883554
14208	-0.01	LG14	381050087
12869	-0.0036	LG14	381074645
2917	0.0003	LG14	381491045
18687	-0.0019	LG14	381808441
13430	0.0295	LG14	381946415
4754	0.0056	LG14	382001218
844	0.0089	LG14	382319576
10079	0.0004	LG14	382348258
4330	0.0325	LG14	382351813
12747	0.0004	LG14	382522829
19231	-0.0003	LG14	382763678
17320	0.0037	LG14	382989178
10086	0.001	LG14	383038127
7952	0.0058	LG14	383078950
7682	0.0038	LG14	383175978
548	0.001	LG14	383360514
2429	-0.0008	LG14	383677508
18808	-0.0081	LG14	383833573
23694	-0.0009	LG14	383874354
20070	0.0054	LG14	383888423
14992	-0.0073	LG14	383892078
24801	0.002	LG14	384086231
17490	-0.0029	LG14	384207688
22595	0.0143	LG14	384239057
7953	0.0003	LG14	384258482
21383	0.001	LG14	384858607
22898	-0.0041	LG14	384935047
12606	-0.0108	LG14	385264818
12866	0.0155	LG14	385472320
3341	0.0411	LG14	385680625
14341	0.0449	LG14	385949897
18404	0.0051	LG15	386116068
4715	0.0983	LG15	387338164
12233	0.1174	LG15	388252814
12099	0.0068	LG15	388483960
16457	-0.0037	LG15	390031308
4413	0.0078	LG15	390184838
15401	0.0105	LG15	390379387
6031	-0.0019	LG15	391009105
11505	0.0185	LG15	391041377
12664	-0.0038	LG15	391123899
2175	0.0158	LG15	391443052
15274	0.0734	LG15	391972725
3523	-0.0012	LG15	392039434
18075	0.0003	LG15	392302616
11947	-0.0031	LG15	393390566
6244	0.0042	LG15	393489936
18583	0.0106	LG15	393686379
8527	0.0194	LG15	393841370
10045	0.008	LG15	393877034
14502	0.0041	LG15	393895009
20691	-0.0012	LG15	393985876
23412	0.0029	LG15	394135785
6938	0.0097	LG15	394377574
20908	-0.0047	LG15	394413776
6926	0.0164	LG15	394441257
20588	0.0142	LG15	394457324
13597	0.0002	LG15	394472057
20017	0.0004	LG15	394481972
192	0.0186	LG15	394485391
16613	-0.0057	LG15	394516335
5636	0.0427	LG15	394617293
10691	0.0007	LG15	394876837
10475	0.0112	LG15	395275122
19158	0.0233	LG15	395529419
20125	-0.0018	LG15	395628414
10292	0.0088	LG15	395628502
8743	0.0234	LG15	396383660
1031	0.0052	LG15	396687583
20781	0.0144	LG15	396850093
16063	-0.0007	LG15	396872172
23685	-0.0006	LG15	396902714
17217	-0.0008	LG15	396924041
11486	0.0153	LG15	396924129
8955	-0.0014	LG15	396952864
15508	0.0268	LG15	396987876
10076	-0.0011	LG15	396993368
8601	0.0303	LG15	396995581
4000	0.0103	LG15	397158999
23929	0.0032	LG15	397682085
22410	0.057	LG15	398102595
2607	0.0055	LG15	398321255
22087	-0.0026	LG15	398321341
18662	0.0006	LG15	398350120
23827	0.0018	LG15	398354726
9187	-0.0063	LG15	398383824
7138	-0.0027	LG15	398487853
13209	0.0113	LG15	398737719
6969	0.0016	LG15	398749468
9449	0.0004	LG15	399103241
10017	-0.0048	LG15	399383581
17708	-0.0077	LG15	399992117
13242	0.0093	LG15	400040720
16480	-0.0106	LG15	400171591
16520	-0.0022	LG15	400418887
19393	0.0025	LG15	400531881
8301	-0.0035	LG15	400580236
11552	-0.0013	LG15	401071907
24036	-0.0035	LG15	401513052
1560	-0.0001	LG15	401545581
16535	0.0035	LG15	401822030
16599	-0.0008	LG15	402359663
18621	0.0024	LG15	402524331
7526	0.0106	LG15	402533785
22954	0.0175	LG15	402547164
13860	0.0219	LG15	402727919
12206	-0.0003	LG15	403133743
88	-0.0035	LG15	403226675
15507	0.0019	LG15	403237131
11841	-0.0018	LG15	403357093
7096	0.0302	LG15	403423959
8023	0.0157	LG15	403526604
1160	-0.0096	LG15	403561935
15474	-0.0052	LG15	403567902
2820	0.0121	LG15	403580743
1126	0.0126	LG15	403584170
19193	-0.0056	LG15	403664562
22839	-0.0063	LG15	404031392
1844	-0.0048	LG15	404066124
13082	0.006	LG15	404087082
974	0.0065	LG15	404087170
15398	0.0025	LG15	404146611
2127	0.0004	LG15	404273555
4578	-0.0027	LG15	404574589
19971	0.0004	LG15	404594687
22129	0.0307	LG15	404762608
16384	-0.0047	LG15	404882269
22889	-0.0015	LG15	405256298
23886	0.0016	LG15	405303775
25087	0.0127	LG15	405590891
11789	0.0033	LG15	405617312
4824	-0.0014	LG15	405643667
8427	0.0042	LG15	405796186
5679	0.0071	LG15	405931788
20895	-0.0074	LG15	406077657
10839	-0.0006	LG15	406653924
24029	0.0175	LG15	406654012
597	0.0027	LG15	406656098
6417	0.0008	LG15	406659190
8788	0.0307	LG15	407083965
15869	-0.001	LG15	407214367
15326	0.0117	LG15	407337521
11433	0.0049	LG15	407337609
20672	0.015	LG15	407458583
14166	0.0021	LG15	407981940
20023	0.0002	LG15	408024003
3849	-0.002	LG15	408326710
6658	0.0298	LG15	408478885
7223	-0.005	LG15	408605197
7193	0.0233	LG15	408769097
3484	-0.0089	LG15	409142132
18191	0.0385	LG15	409801728
12070	-0.0038	LG15	409842185
11133	0.0184	LG15	410349151
20473	-0.0006	LG15	410845800
4852	-0.0011	LG15	410866035
22794	0.0098	LG15	410894288
8759	0.0022	LG15	410992944
16966	-0.0028	LG15	411091437
25025	0.0026	LG15	411101760
6996	0.0137	LG15	411103983
2539	-0.0015	LG15	411214376
6526	-0.0076	LG15	411227640
12956	-0.0043	LG15	411249454
17335	0.01	LG15	411268756
12025	0.0005	LG15	411330919
24485	0.0181	LG15	411370941
11990	0.1241	LG15	411454893
25199	-0.002	LG15	411572050
24517	-0.0076	LG15	411648362
17258	0.0125	LG15	412238293
19391	0.0055	LG15	412380090
19554	0.0304	LG16	413097782
117	0.0012	LG16	413352643
13221	-0.0016	LG16	413352731
9724	0.0263	LG16	413916985
2029	0.0007	LG16	414090589
24841	0.0269	LG16	414955502
13352	0.0121	LG16	415001721
15411	0.0247	LG16	416165157
21633	0.0202	LG16	416568111
22331	0.0006	LG16	416666420
6315	0.0003	LG16	416700413
18297	0.0145	LG16	416934349
22295	0.0239	LG16	416971083
25037	0.0107	LG16	417096015
23511	-0.004	LG16	417376831
5730	0.0001	LG16	417792896
2844	-0.0048	LG16	418299992
20706	0.0023	LG16	418505488
19890	0.0002	LG16	418726086
14380	0.0007	LG16	419175899
13600	-0.0067	LG16	419304635
20604	0.0093	LG16	419420725
11871	-0.0017	LG16	420313706
15752	0.0111	LG16	420332825
8209	-0.001	LG16	420720703
11872	-0.0035	LG16	420796335
1201	-0.0107	LG16	421206188
24219	0.004	LG16	421428039
11843	-0.0054	LG16	421589905
13083	0.0021	LG16	421625380
6403	-0.0023	LG16	421625468
14327	0.0176	LG16	421667402
17973	0.0093	LG16	421676403
13818	-0.0014	LG16	421762605
2349	0.1337	LG16	421993145
17941	-0.0043	LG16	422579015
7134	-0.0007	LG16	422610912
19864	-0.0077	LG16	422766180
17046	-0.0057	LG16	422786889
6925	-0.0074	LG16	422791921
13533	-0.0015	LG16	422792009
22286	0.0001	LG16	422867518
6487	0.009	LG16	423393693
24284	-0.0005	LG16	423620813
14405	-0.0047	LG16	423706816
23633	-0.0011	LG16	424460737
605	-0.0032	LG16	424537405
9393	-0.0001	LG16	425092017
23724	0.0249	LG16	425221850
3338	0.0019	LG16	425353816
15528	0.0064	LG16	425707781
9740	0.0197	LG16	425930600
18553	0.0362	LG16	426116356
9162	-0.0008	LG16	426305957
2149	0.0097	LG16	426610567
735	0.0083	LG16	426833438
8671	0.0994	LG16	427095639
14199	0.0426	LG16	427103213
20078	0.1007	LG16	427449078
1007	0.0078	LG16	427664178
21999	-0.0027	LG16	427880560
2997	0.0009	LG16	427880648
19712	0.0304	LG16	427890672
16208	-0.0029	LG16	428297407
23974	0.0228	LG16	428528561
11899	0.0019	LG16	428860195
10471	0.0111	LG16	429411844
3331	0.0163	LG16	429839505
19438	0.0248	LG16	430003926
23870	0.0049	LG16	430107692
212	-0.0045	LG16	430138156
557	0.0016	LG16	430235062
12925	0.0086	LG16	430420629
12972	0.0041	LG16	430661947
7571	0.001	LG16	430776859
12534	0.0082	LG16	430923573
20681	0.0205	LG16	431213631
3827	0.0082	LG16	431425226
9144	0.0038	LG16	431694696
14924	-0.0043	LG16	431694784
16874	0.0256	LG16	431820057
348	-0.0025	LG16	432559120
17355	0.0073	LG16	432601343
21107	-0.0016	LG16	433146309
20230	0.006	LG16	433542407
23758	0.0284	LG16	433816179
9682	-0.0022	LG16	434618982
17104	0.0096	LG16	434656884
15165	-0.0006	LG16	434975757
9872	0.0032	LG16	434976782
12824	-0.0082	LG16	435539787
21554	0.0042	LG16	435539874
6877	-0.0021	LG16	435874557
7450	0.0037	LG16	436004131
10342	-0.0028	LG16	436017209
3659	0.0009	LG16	436017297
9289	-0.0056	LG16	436427330
24858	-0.0067	LG16	436474751
14852	0.0024	LG16	436474838
4192	0.0131	LG16	436567408
5836	-0.009	LG16	436618446
13774	-0.0012	LG16	436768282
20399	-0.001	LG16	436818447
20719	0.0011	LG16	436875808
3406	0.0138	LG16	436911476
7299	0.0049	LG16	437017567
4242	-0.0092	LG16	437209165
13725	-0.0064	LG16	437215983
2329	0.0034	LG16	437232250
14006	0.0003	LG16	437425116
13297	-0.0005	LG16	437430524
12723	0.0026	LG16	437741099
7490	-0.0057	LG16	437948454
18651	0.0289	LG16	438186323
2118	0.0101	LG16	438577143
18678	0.0216	LG16	438717294
16352	0.0039	LG16	438940104
22719	0.0117	LG16	439245943
18990	0.0365	LG16	439423392
8206	0.0374	LG16	439464926
23413	0.0026	LG16	439672566
20085	0.0016	LG16	439810116
5288	0.0045	LG16	439899310
12218	0.0028	LG16	440066277
6602	0.0186	LG16	440322301
24115	0.0258	LG16	440458785
6835	-0.0031	LG16	440537229
4352	-0.0064	LG16	440537317
19994	0	LG16	440661885
19076	0.0065	LG16	440782633
17368	0.0224	LG16	440811752
4032	-0.0039	LG16	441164681
21905	0.0017	LG16	441268942
24025	-0.0018	LG16	441367362
16891	-0.0062	LG16	441536987
20748	0.0254	LG16	442090096
4016	0.01	LG16	442241822
4782	-0.0076	LG16	442584610
2786	-0.0004	LG16	442999226
13406	0.0736	LG16	443583642
25129	0.0162	LG17	444363923
6593	0.0531	LG17	444625493
22813	0.002	LG17	444720656
2327	-0.0029	LG17	444778097
10840	0.0004	LG17	445843096
25139	0.0102	LG17	446021464
16549	-0.0059	LG17	446878007
8827	-0.0031	LG17	447905731
19772	-0.0049	LG17	447937556
2353	-0.0016	LG17	447980916
2100	-0.0022	LG17	448058751
377	0.0141	LG17	448164114
12054	0.0058	LG17	448169224
18312	0	LG17	448192541
22687	0.0203	LG17	448192629
5897	-0.0035	LG17	449032470
2058	-0.006	LG17	449156569
11859	0.0248	LG17	449288240
25366	0.0053	LG17	449747385
17325	0.002	LG17	449970959
5973	-0.0004	LG17	450237141
21772	0.0071	LG17	450244024
14930	0.0007	LG17	450245458
6467	-0.0043	LG17	450313936
9190	0.0245	LG17	450415998
11090	0.0098	LG17	450528479
13369	0.0108	LG17	450658225
22868	-0.0078	LG17	450798535
4893	0.0007	LG17	451085652
17436	0.0015	LG17	451085740
1817	0.0014	LG17	451362899
24774	-0.0007	LG17	451401180
3639	-0.0104	LG17	451409187
14979	-0.0095	LG17	451931754
3680	0.001	LG17	452381413
6426	-0.0074	LG17	452526928
14130	-0.0008	LG17	452630121
8769	-0.0051	LG17	452960638
25103	0.0081	LG17	453086698
13196	0.0057	LG17	453123753
15351	0.0068	LG17	453214943
11926	0.0081	LG17	454184033
23180	0.0272	LG17	454251466
11574	-0.002	LG17	454354804
16585	-0.0033	LG17	454354892
7869	-0.0024	LG17	454464350
17643	0.0095	LG17	454606175
15229	-0.0055	LG17	454606263
14740	-0.0131	LG17	454640950
12120	0.0126	LG17	454978342
19725	-0.0035	LG17	454979953
19885	0.0022	LG17	454990878
4885	-0.0015	LG17	455082463
10560	0.0001	LG17	455116434
21851	0.0004	LG17	455473288
420	0.0007	LG17	455666856
8320	-0.008	LG17	455721995
12979	-0.0009	LG17	455745367
2491	0.014	LG17	455879021
23848	-0.0043	LG17	455958021
7230	0.0127	LG17	457612326
14143	0.0158	LG17	457723937
9590	0.0216	LG17	458170397
14714	0.0105	LG17	458279574
12636	-0.0056	LG17	458992787
11337	0.0004	LG17	459101790
6100	0.0067	LG17	459305497
24840	0.0118	LG17	459390816
11964	0.003	LG17	459699931
3378	0.0094	LG17	459720033
23493	0.0148	LG17	459910913
7367	-0.0012	LG17	460153818
4734	0.1247	LG17	460286249
18594	0.0138	LG17	460800005
5189	0.0231	LG17	461249498
14045	0.0006	LG17	462142831
23645	-0.0009	LG17	462714322
14727	-0.0072	LG17	462762313
6870	0.0188	LG17	462765522
15378	-0.0034	LG18	463078573
24077	0.001	LG18	463078573
20419	0.0007	LG18	463590611
9443	0.0348	LG18	463728004
23272	0.0028	LG18	464000195
9812	0.0164	LG18	464021032
8217	0.0316	LG18	464606529
6604	0.0023	LG18	464628681
15571	-0.0095	LG18	464821432
8183	0.02	LG18	464943126
1205	0.0214	LG18	465048295
21596	0.0343	LG18	465532243
12322	-0.0039	LG18	466109281
24895	-0.0094	LG18	467687059
6860	0.0403	LG18	467881661
16011	-0.0052	LG18	467916877
3175	-0.0022	LG18	467972309
21482	-0.0047	LG18	468031545
14268	0.0061	LG18	468410732
9210	-0.0107	LG18	468883630
22530	0.0094	LG18	469066072
287	-0.0021	LG18	469169088
20500	-0.0102	LG18	469247800
3460	0.0085	LG18	469453083
23727	0.0352	LG18	469465538
20385	0.0008	LG18	469965002
13505	0.057	LG18	469965090
14997	-0.006	LG18	470194175
11454	0.0083	LG18	470202489
2998	-0.0018	LG18	470381958
7209	-0.0045	LG18	470403774
15754	0.007	LG18	470456626
6230	0.0001	LG18	470539043
5452	0.0174	LG18	470719834
25046	0.0209	LG18	470721570
5606	0.022	LG18	471093674
5398	0.0001	LG18	471210884
19141	-0.003	LG18	471663808
20321	0.0084	LG18	471910410
12705	0.0001	LG18	472081617
512	0.0007	LG18	472483661
17497	0.0003	LG18	472685077
16261	-0.0044	LG18	472777071
10139	0.0007	LG18	472998029
3866	0.0112	LG18	473718835
10894	0.0123	LG18	473983722
14968	-0.0065	LG18	474099960
24089	0.0132	LG18	474231418
22788	0.0165	LG18	474420125
20928	-0.0036	LG18	474980018
17624	-0.0047	LG18	475095648
25511	-0.0006	LG18	475136383
16153	-0.0004	LG18	475474126
17399	0.0046	LG18	475514683
20424	0.0008	LG18	475603574
6773	0.0008	LG18	476017170
3076	-0.0048	LG18	476054324
18094	0.0043	LG18	476147533
24062	-0.0069	LG18	476516132
20624	0	LG18	476583837
17837	0.0016	LG18	476606221
6735	-0.0001	LG18	476689296
23082	0.0122	LG18	476787452
13802	0.0001	LG18	476809592
6675	-0.0042	LG18	476839263
7976	-0.0021	LG18	476919401
4508	0.0369	LG18	477230684
5501	-0.0032	LG18	477513613
15459	-0.005	LG18	477791304
18915	0.0053	LG18	477810332
6845	0.0088	LG18	478492681
17002	-0.0013	LG18	478995141
3554	0.0075	LG18	479145020
15680	0.0104	LG18	479709859
25187	0.005	LG18	479843740
22922	-0.0084	LG18	479873665
11520	0.0256	LG18	480299305
25296	0.0146	LG18	480497942
20997	-0.0016	LG18	480500144
1020	0.0058	LG18	480695447
14765	-0.0046	LG18	480695535
7023	0.0189	LG18	480835526
3261	0.0118	LG18	481045338
3566	0.0081	LG18	481262192
1748	0.0068	LG18	481266184
9097	0.0183	LG18	481418419
15185	0.0056	LG18	481656062
13610	0.0284	LG18	481659469
8606	0.0067	LG18	481784322
19181	-0.0007	LG18	481787588
12242	0.0165	LG18	481799558
24910	-0.0063	LG18	482022862
10595	-0.003	LG18	482116471
9156	0.0079	LG18	482157037
16931	0.0041	LG18	482218151
24478	0.0135	LG18	482255016
21666	0.0002	LG18	482455228
10760	0.0032	LG18	482538699
23494	-0.0088	LG18	482570161
4720	-0.0047	LG18	482570249
15419	0.0161	LG18	482582588
20517	0.0051	LG18	482848075
4176	-0.0026	LG18	483333293
14641	0.0026	LG18	483535573
21289	0.0018	LG18	483632645
7106	0.0023	LG18	483767027
17923	0.0045	LG18	483778451
16178	0.0007	LG18	484334945
7412	0.0365	LG18	484595139
17875	0.0061	LG18	484633008
24407	0.0119	LG18	484727172
17165	0.009	LG18	484896955
20382	0.0055	LG18	485029532
14174	0.0004	LG18	485035764
13152	-0.0025	LG18	485465828
11951	-0.0022	LG18	485468236
8517	0.0038	LG18	485468324
17552	-0.0016	LG19	485657287
10620	0.0048	LG19	486532206
19235	-0.0038	LG19	486876399
4062	0.0029	LG19	487155840
422	-0.0024	LG19	488124710
7421	-0.0017	LG19	488576553
13857	-0.004	LG19	488980572
24421	0.0068	LG19	489026660
5935	0.0179	LG19	489289061
22396	0.0108	LG19	489291425
9331	0.0013	LG19	489573375
12294	0.0493	LG19	490032143
7647	0.0004	LG19	490244052
16560	0.0219	LG19	490542183
139	0.0132	LG19	490984979
6677	0.0068	LG19	491123758
14550	-0.002	LG19	491123846
14506	0.0072	LG19	491298568
5137	-0.0081	LG19	491302455
888	0.0084	LG19	491333894
25060	0.0143	LG19	491701015
7828	0.0011	LG19	492351901
3375	0.0427	LG19	492609998
15805	-0.0034	LG19	492648501
6563	0.0115	LG19	492722344
11222	-0.0072	LG19	493118570
21721	0.0136	LG19	493164658
22653	-0.0003	LG19	493334684
25161	0.0455	LG19	493489260
25208	0.0156	LG19	493692224
18741	0.0011	LG19	494074690
8150	-0.0026	LG19	494947523
2038	-0.0009	LG19	495064282
24955	0.014	LG19	495123191
3186	0.0003	LG19	495284936
6520	-0.007	LG19	495344909
19241	0.0017	LG19	495488125
10979	0.024	LG19	496333687
17070	0.01	LG19	496556795
23368	0.0121	LG19	496577452
6899	0.0159	LG19	497262214
13982	0.0428	LG19	497368702
4744	-0.0064	LG19	497396116
14475	-0.0002	LG19	497515787
22126	-0.0037	LG19	497526141
19679	-0.0005	LG19	497629349
183	-0.0088	LG19	497636359
9326	-0.0029	LG19	497739600
23278	0.0005	LG19	498142084
23858	-0.0059	LG19	498219580
4536	-0.009	LG19	498766266
7335	0.0065	LG19	498936743
15794	0.0003	LG19	499303152
4187	-0.0033	LG19	499595980
6408	0.0002	LG19	499677925
11190	-0.002	LG19	499809644
17635	-0.0001	LG19	499809732
4661	0.017	LG19	499989627
901	0.0218	LG19	500015047
9054	0.0028	LG19	500095471
8690	0	LG19	500171211
19854	-0.0102	LG19	500255050
8414	-0.001	LG19	500255138
3351	0.0001	LG19	500526264
12541	0.0164	LG19	500558097
12184	0.0031	LG19	500775511
3416	0.0041	LG19	501134357
13892	0.0393	LG19	501523544
22913	-0.0004	LG19	501800655
8067	0.0649	LG19	501860261
23432	-0.009	LG19	501862055
25631	0.0215	LG19	501971260
6432	0.1754	LG19	503277148
6962	0.0099	LG19	503379588
13693	0.0639	LG19	503865693
24279	0.0095	LG19	504240677
2709	0.0131	LG19	504351750
9002	0.0072	LG19	504548892
5534	0.0058	LG19	504582524
12309	-0.003	LG19	505065992
18804	0.0032	LG19	505115910
19011	0.0007	LG19	505225341
15968	0.0117	LG19	505225429
14783	-0.002	LG19	505280664
17128	0.0215	LG19	505334807
11686	-0.0117	LG19	505482332
6443	0.003	LG19	505747185
3754	-0.0022	LG19	505825546
3946	-0.0042	LG19	505969927
9380	0.0048	LG19	506401457
22791	0.036	LG20	507061885
22284	0.0434	LG20	507061973
17522	0.0021	LG20	507549356
6333	-0.0115	LG20	507912654
514	0.0041	LG20	508068726
16492	-0.0014	LG20	508507382
24158	-0.0038	LG20	508608334
4499	0.0002	LG20	509485291
25483	-0.0019	LG20	509960195
12332	0.0002	LG20	509960283
11262	0.0139	LG20	510095001
19066	0.0002	LG20	510095089
25009	0.0053	LG20	510148142
23920	0.0004	LG20	510861775
22941	0.0134	LG20	511003012
4070	0.0475	LG20	511039825
14117	-0.0058	LG20	511156055
3900	0.004	LG20	511559224
23026	-0.0015	LG20	511732499
425	-0.0016	LG20	511806539
19061	-0.0008	LG20	511916927
1452	0.0038	LG20	512353146
23575	-0.002	LG20	512372055
5334	0.0026	LG20	512435441
10530	0.0042	LG20	512451461
22409	0.0133	LG20	512624167
21119	0.0059	LG20	512834578
9565	-0.0085	LG20	513015635
7252	0.0167	LG20	513119356
18733	-0.0063	LG20	513139046
1323	0.0037	LG20	513195033
12213	-0.0062	LG20	513371760
15808	0.0006	LG20	513441410
9726	0.0035	LG20	513618894
8915	-0.0076	LG20	514611051
24691	0.0071	LG20	514967638
9855	-0.0056	LG20	515100898
769	0.0031	LG20	515110943
18028	0.0066	LG20	515590128
380	0.0151	LG20	515651170
16458	-0.0017	LG20	515728339
12320	-0.0016	LG20	515863363
3019	-0.0051	LG20	515917027
12520	-0.0017	LG20	515964640
19633	0.0078	LG20	516199308
5654	-0.0022	LG20	516693378
786	-0.0047	LG20	516961027
10732	0.0009	LG20	517364103
11146	0.0059	LG20	517364191
15373	-0.0051	LG20	517558064
8534	-0.0067	LG20	517558152
54	0.0001	LG20	517567213
12479	-0.0032	LG20	517731729
14059	0.0061	LG20	517856625
14803	0.0144	LG20	517901563
11983	-0.0036	LG20	517983522
7603	-0.0104	LG20	518145416
19294	0.007	LG20	518283121
16908	0.0003	LG20	518313953
21097	0.0017	LG20	518402122
20859	0.001	LG20	518710366
22336	0.0009	LG20	519132753
1469	-0.0078	LG20	519218309
22001	0.0003	LG20	519915045
3138	-0.0029	LG20	520097881
5155	0	LG20	520099671
19758	-0.0003	LG20	520358756
17475	-0.0006	LG20	520545880
4950	0.0181	LG20	521077961
23331	0.0162	LG20	521200151
2417	-0.0035	LG20	521210420
17549	0.0119	LG20	521455565
1197	-0.0061	LG20	521657444
232	-0.0042	LG20	521712084
15614	-0.0036	LG20	521808585
14311	0.039	LG20	522001132
12639	0.0378	LG20	522249926
9008	-0.0036	LG20	522378161
19070	-0.0149	LG20	522435157
10160	0.0067	LG20	522439004
24005	-0.0015	LG20	522920778
6947	0.0138	LG20	522961375
19304	0.0165	LG20	523025983
25052	0.0002	LG20	523501614
298	0.0019	LG20	524591823
17826	0.0584	LG20	524636688
13399	0.0092	LG20	524778362
22984	-0.0016	LG20	525158129
16690	0.002	LG20	526158503
18760	0.0034	LG20	526282918
18142	0.015	LG20	526569647
22761	-0.0015	LG20	526722689
9563	-0.0081	LG20	526846713
14764	-0.0129	LG20	527469251
1926	-0.0047	LG20	527483041
4766	-0.0023	LG20	527804024
22306	-0.0066	LG20	527968166
25286	-0.0007	LG20	528332662
10568	0.0038	LG20	528356032
1000	0.0129	LG20	528356120
14236	0.1032	LG20	528413638
9970	-0.0015	LG20	528455527
15293	0.0067	LG20	528701713
7127	-0.0056	LG20	528767612
13641	-0.0018	LG20	528805090
2497	0.0498	LG20	528805178
4939	0.0183	LG20	529074124
9355	0.0018	LG20	529109303
6026	0.0076	LG20	529352080
23747	-0.0024	LG20	529459291
18835	0.0114	LG20	530061558
15667	0.0117	LG20	530311993
4911	0.0066	LG20	530747600
16858	0.013	LG21	531135066
20336	-0.006	LG21	532544081
23364	-0.0028	LG21	532756337
17149	0.0067	LG21	533120070
17237	0.0316	LG21	533801975
4541	-0.0035	LG21	534055341
17298	0.0329	LG21	534057229
1911	0.0006	LG21	534382499
992	0.0004	LG21	534384509
10676	0.0183	LG21	534683959
21433	-0.004	LG21	534785268
19	0.0066	LG21	534836552
17687	-0.0066	LG21	535405155
8471	-0.0031	LG21	535636171
9134	-0.0063	LG21	535815045
9079	-0.0059	LG21	535829173
4380	0.0036	LG21	535829261
24292	0.0062	LG21	536085653
8026	-0.0065	LG21	536127018
535	0.0071	LG21	536167389
4570	-0.0223	LG21	536230780
3797	-0.0082	LG21	536527213
14213	0.0245	LG21	536861577
6988	-0.0045	LG21	536930236
14741	0.0028	LG21	536957875
24471	0.0033	LG21	536957963
24454	0.0062	LG21	537032688
673	0.0315	LG21	537054105
10226	-0.0017	LG21	537616453
17192	-0.0014	LG21	537736296
15610	0	LG21	538080119
5765	-0.0036	LG21	538194265
3000	-0.0054	LG21	538263657
10552	-0.0039	LG21	538310714
16963	0.0431	LG21	538347443
8840	-0.0007	LG21	538411757
15039	-0.007	LG21	538548259
11846	0.0131	LG21	538689753
5001	0.0619	LG21	539069203
2694	-0.001	LG21	539247127
12775	-0.0067	LG21	539469247
700	0.0029	LG21	539890306
18471	0.0079	LG21	539890394
8586	0.0993	LG21	539911169
2677	-0.005	LG21	540282310
15527	-0.009	LG21	540442384
24309	0.0003	LG21	540470882
805	-0.0079	LG21	540661057
2135	0.0193	LG21	540940219
9852	-0.0016	LG21	540941717
10441	-0.0012	LG21	541463326
9964	0.0103	LG21	541801169
11268	0.0031	LG21	541925020
3902	0.0385	LG21	541993216
18476	0.0082	LG21	542478865
24994	-0.0049	LG21	542835518
5169	0.0266	LG21	542939681
1933	0.0434	LG21	543249047
17116	0.0438	LG21	543353014
3298	0.0019	LG21	543518453
13518	0.0054	LG21	543752980
2456	-0.0031	LG21	543881967
22240	-0.0043	LG21	543887547
24433	0.0008	LG21	543913982
8979	-0.0006	LG21	544359831
24980	-0.0029	LG21	545138086
10953	-0.0048	LG21	545149657
6721	-0.008	LG21	545733990
4100	0.0036	LG21	546022548
1503	0.0186	LG21	546083682
4036	-0.0096	LG21	546121366
13552	-0.0046	LG21	546126270
20688	0.0088	LG21	546710026
6085	0.0207	LG21	546762365
17523	-0.0009	LG21	547056328
3867	0.0001	LG21	547056416
93	-0.0013	LG21	547240116
9192	-0.0075	LG21	547248385
23252	-0.0028	LG21	547736230
7688	0.0006	LG21	548341759
6314	-0.0028	LG21	548439073
5632	0.0117	LG21	548680882
16057	-0.0036	LG21	548867769
746	0.0249	LG21	548914948
9766	-0.0095	LG21	549057422
23590	-0.0015	LG21	549068408
8409	-0.0051	LG21	549135403
17382	0.0021	LG21	549140809
3600	0.015	LG21	549141582
4148	-0.0066	LG21	549185835
11670	0.0216	LG21	549878401
23613	-0.001	LG21	550187093
21152	0.0066	LG21	550364244
7988	0.0028	LG21	550406260
7703	-0.0071	LG21	550429615
3855	0.0874	LG21	550718421
19650	-0.0099	LG21	551172382
5923	0.0044	LG21	551296226
24031	0.0132	LG21	551296314
19995	0.0055	LG21	551496950
8867	0.0375	LG21	551753749
2366	0.0004	LG21	551814472
18581	-0.0019	LG21	551948304
3043	-0.0077	LG21	551966394
12458	-0.0072	LG21	551984246
24928	0.0176	LG21	551984598
4257	-0.0021	LG21	552039916
13218	0.0178	LG21	552131346
13574	-0.0015	LG21	552720192
2769	0.0039	LG21	552724066
21920	0.0009	LG21	552761364
16615	0.0023	LG21	552979416
12255	0.0143	LG21	553026958
9323	0.0133	LG21	553064249
2762	0.0008	LG22	553437210
4280	-0.0038	LG22	553672122
18480	0.0237	LG22	553722426
11048	-0.0023	LG22	553949837
18398	0.0488	LG22	554361304
707	0.0003	LG22	555292972
11851	0.002	LG22	555538455
12537	0.0085	LG22	555601987
9184	-0.0019	LG22	555990228
18704	-0.0026	LG22	556064387
3780	0.0031	LG22	556125318
8530	0.0047	LG22	556558927
23351	0.0032	LG22	556952317
24664	0.0474	LG22	557206248
23950	0.0144	LG22	557352092
11469	-0.0005	LG22	557431505
6318	-0.0079	LG22	557469837
5273	0.0726	LG22	557581617
6617	-0.0007	LG22	557633124
6388	0.0044	LG22	557702943
17512	0.0104	LG22	557759213
15098	0.0007	LG22	557861885
5016	-0.0103	LG22	557861973
23441	0.0296	LG22	557886016
16577	0.0172	LG22	557887733
18331	0.0096	LG22	558109195
13608	0.0005	LG22	558297742
5516	-0.0026	LG22	558696185
19050	0.0123	LG22	558872620
11367	-0.0057	LG22	559000424
15267	-0.0065	LG22	559135462
24544	0.0169	LG22	559247594
7192	0.0036	LG22	559293977
613	-0.0074	LG22	559342936
17021	0.0213	LG22	559423967
21148	0.125	LG22	559536079
5891	0.0444	LG22	559709836
20242	0.0127	LG22	560448505
4404	0.0288	LG22	560847145
18881	0.0034	LG22	560934795
20466	0.009	LG22	560996813
6802	0.006	LG22	561238999
4081	0.0264	LG22	562545007
9418	0.0273	LG22	562545095
17004	-0.001	LG22	562607436
17131	-0.0033	LG22	562633211
4039	0.0449	LG22	562682500
2690	0.0124	LG22	563206922
8794	-0.0046	LG22	564016904
19286	-0.0034	LG22	564016992
5387	0.0057	LG22	564041833
20462	-0.0009	LG22	564063806
22899	0.0012	LG22	564165445
23627	-0.0054	LG22	564358481
22022	0.0255	LG22	564495730
17890	-0.0076	LG22	564572135
21537	-0.0021	LG22	564759752
1739	0.0004	LG22	564990716
9211	0.0761	LG22	565190521
14171	-0.0018	LG22	565374611
23361	0.0366	LG22	565443965
12736	0.0006	LG22	565640628
4775	-0.0069	LG22	565691135
13167	0.0021	LG22	565918231
2206	0.0332	LG22	566706081
6565	-0.0013	LG22	566968758
14592	0.0015	LG22	567660237
9610	-0.0046	LG22	567956603
20312	0.019	LG22	568058182
20835	0.0067	LG22	568545018
8056	0.0195	LG22	568555755
22406	0.0082	LG22	568689055
5035	0.0108	LG22	569485731
2554	-0.011	LG22	569558666
23115	0.0356	LG22	569558666
2718	0.0051	LG22	569841668
10316	-0.0032	LG22	569929568
11565	0.0144	LG22	570011033
8540	0.0028	LG22	570066558
21671	-0.0024	LG22	570098983
245	0.0106	LG22	570122717
9347	0.0054	LG22	570458703
19502	-0.0112	LG22	570483956
11144	0.0173	LG22	570591926
17615	0.0002	LG22	570688062
1629	0.0066	LG22	572012679
11611	-0.0061	LG22	572257834
8484	0.005	LG22	572344095
525	-0.0069	LG22	572438747
3196	-0.0071	LG22	572471242
24734	0.0016	LG22	572810403
12711	0.1109	LG22	573016249
4759	0.0089	LG22	573124549
647	-0.0014	LG22	573186855
22364	0.0104	LG22	573264857
20374	0.003	LG22	573264945
23502	0.0543	LG22	573360722
16745	-0.0051	LG22	573463750
18065	0.0069	LG23	575074401
2947	0.0729	LG23	575990087
1939	-0.0044	LG23	575997615
20486	-0.001	LG23	576267050
4217	-0.0082	LG23	576472135
25365	0.0025	LG23	576473069
1969	0.0284	LG23	576621517
5776	0.0129	LG23	576648612
3499	-0.0016	LG23	576781483
14115	0.0033	LG23	576852211
23608	-0.0008	LG23	577107126
24671	0.0064	LG23	577345320
5673	-0.0016	LG23	577658399
24528	-0.0096	LG23	577844385
2498	-0.0045	LG23	577881127
9886	0.0005	LG23	577955115
862	-0.0013	LG23	578082626
6816	0.0004	LG23	578259374
12568	-0.0028	LG23	578599448
9415	-0.0046	LG23	578930070
18243	-0.0012	LG23	578934189
16418	-0.0003	LG23	578956759
4599	0.1729	LG23	579074176
14075	0.0054	LG23	579796773
14305	-0.001	LG23	579853259
9492	0.0187	LG23	579991923
8554	0.0021	LG23	580015929
14922	-0.0021	LG23	580170954
5431	0.0005	LG23	580465661
5586	0.0121	LG23	580780152
5859	0.0101	LG23	580985443
15780	0.0289	LG23	581025681
8126	0.0026	LG23	581227163
10745	0.009	LG23	581565210
24136	0.0059	LG23	581935528
17917	-0.008	LG23	581961167
13656	-0.0005	LG23	581990242
11343	0.0058	LG23	581990330
13253	-0.0096	LG23	582779592
13756	0.0001	LG23	582801617
25244	-0.0046	LG23	582849588
5633	0.0132	LG23	583047236
6953	-0.0021	LG23	583064204
24265	-0.0103	LG23	583177995
12886	0.0134	LG23	583248465
10928	0.0001	LG23	583401671
14913	0.0027	LG23	583403107
6080	0.0108	LG23	583403195
23214	0.0271	LG23	583654636
15122	-0.0064	LG23	583758687
4159	-0.01	LG23	584313449
7627	0.0108	LG23	584354061
5437	-0.0018	LG23	584651661
5538	0.0109	LG23	584666560
4412	0.0201	LG23	584943663
16517	-0.0019	LG23	584950275
11675	0.0014	LG23	585031273
15796	0.0002	LG23	585133262
23914	-0.0008	LG23	585136429
5662	-0.0058	LG23	585167404
10240	0.0066	LG23	585285777
16180	0.0004	LG23	585559592
7216	0.0161	LG23	586332254
16098	0.0175	LG23	586479010
25526	-0.0076	LG23	586604410
10598	-0.0012	LG23	586963166
10319	-0.0009	LG23	587594415
12555	0.0336	LG23	587652304
21003	-0.0043	LG23	587871156
1407	0.0702	LG23	588026572
7697	-0.0071	LG23	588230791
23534	-0.0021	LG23	588387777
2564	0.0109	LG23	588682498
5570	0.0046	LG23	588847397
14532	0.0054	LG23	588879205
19768	-0.0032	LG23	589042840
21786	-0.003	LG23	589083761
13650	-0.0063	LG23	589187143
2603	0.023	LG23	589443432
18938	-0.0013	LG23	589639858
21863	-0.0018	LG23	589890562
13462	0	LG23	590045845
21573	0.0041	LG23	590154035
8907	0.0147	LG23	590215393
2251	-0.009	LG23	590648415
10236	0.0006	LG23	591522750
6638	-0.0052	LG23	591673436
12600	0.0151	LG23	591721668
9655	-0.0039	LG23	591782283
16865	0.0026	LG23	591915836
11336	0.0133	LG23	592165110
2985	0.0777	LG23	592217303
5952	-0.0026	LG23	592442520
16902	0.01	LG23	592447050
21798	0.002	LG23	592449192
12615	0.0067	LG23	592513599
5201	-0.0055	LG23	592931398
8149	0.02	LG23	593261514
9941	0.0113	LG23	593557884
7620	-0.0022	LG23	593630204
11741	0.1386	LG23	593679339
7283	-0.0124	LG23	593708956
12758	-0.0056	LG23	593855210
10675	-0.002	LG23	594122261
3356	0.0144	LG23	594315540
11182	0.017	LG23	594357262
23124	0.0008	LG23	594595274
16157	-0.0057	LG23	594700111
20083	-0.0004	LG23	594927416
10514	-0.0044	LG23	596258422
7048	0.0272	LG23	596317080
12559	0.0046	LG23	596997639
13960	0.0081	LG23	597429189
13523	0.0229	LG23	597429277
22923	-0.0002	LG23	597960145
7754	0.0347	LG23	598016948
2751	-0.0004	LG23	598035906