Locus	fst	chromosome	position
1	5	-0.0073	LG11	27261814
2	11	3e-04	LG10	22879220
3	19	0.0066	LG21	4032093
4	20	0.0043	LG01	8417786
5	39	7e-04	LG09	17882115
6	53	-0.006	LG11	26240806
7	54	1e-04	LG20	10911887
8	67	0.005	LG01	25118415
9	75	0.1124	LG14	16964648
10	86	0.0188	LG04	5514604
11	88	-0.0035	LG15	17142273
12	91	0.0195	LG14	5057159
13	92	-0.0016	LG10	10496043
14	93	-0.0013	LG21	16435657
15	98	0.0051	LG12	20292473
16	101	0.0099	LG03	20685759
17	109	6e-04	LG05	10536052
18	117	0.0012	LG16	670282
19	121	0.018	LG07	14639666
20	126	0.0021	LG01	26277273
21	139	0.0132	LG19	5505913
22	148	-0.0015	LG14	23216958
23	167	6e-04	LG12	26759763
24	169	-0.0066	LG03	15330761
25	183	-0.0088	LG19	12157293
26	187	-1e-04	LG12	25008487
27	189	0.0148	LG03	25718099
28	192	0.0186	LG15	8400989
29	198	5e-04	LG10	12542466
30	206	-0.0011	LG03	19138705
31	212	-0.0045	LG16	17455795
32	220	0.01	LG04	13609089
33	221	-7e-04	LG04	1318919
34	227	-0.0017	LG08	13650675
35	232	-0.0042	LG20	15056758
36	245	0.0106	LG22	16807954
37	246	0.0116	LG02	17086725
38	248	0.0204	LG06	10068536
39	253	9e-04	LG01	13663746
40	263	-6e-04	LG09	19977194
41	265	0.0328	LG02	4572030
42	287	-0.0021	LG18	6244277
43	298	0.0019	LG20	17936497
44	308	-0.001	LG11	15470496
45	331	-0.0092	LG14	21214207
46	348	-0.0025	LG16	19876759
47	368	-0.0022	LG02	8817267
48	373	0.0133	LG08	21935513
49	377	0.0141	LG17	4388510
50	380	0.0151	LG20	8995844
51	410	-0.0104	LG09	13926079
52	411	-0.0053	LG11	28215278
53	415	0.0013	LG09	6944185
54	420	7e-04	LG17	11891252
55	422	-0.0024	LG19	2645644
56	425	-0.0016	LG20	5151213
57	440	0.0113	LG03	27467841
58	445	-0.0016	LG14	11240709
59	472	0.0118	LG10	23241108
60	481	0.0448	LG03	26628801
61	490	-0.002	LG14	1523992
62	494	-0.004	LG11	27847476
63	512	7e-04	LG18	9558850
64	514	0.0041	LG20	1413400
65	522	0.0257	LG12	18820544
66	525	-0.0069	LG22	19123984
67	528	-0.0103	LG08	15156053
68	534	0.0051	LG05	20110056
69	535	0.0071	LG21	5362930
70	541	0.003	LG12	10886813
71	545	4e-04	LG08	10413548
72	548	0.001	LG14	26573044
73	554	0.0078	LG14	7209191
74	557	0.0016	LG16	17552701
75	571	0.0135	LG08	11071974
76	592	0.0126	LG05	7679170
77	597	0.0027	LG15	20571696
78	605	-0.0032	LG16	11855044
79	613	-0.0074	LG22	6028173
80	616	-0.0019	LG14	1538720
81	617	1e-04	LG09	11297440
82	618	-0.004	LG14	2325174
83	647	-0.0014	LG22	19872092
84	663	1e-04	LG14	22324245
85	669	0.0545	LG01	12788651
86	673	0.0315	LG21	6249646
87	691	-0.0046	LG14	8500453
88	695	0.0109	LG02	16820235
89	700	0.0029	LG21	9085847
90	705	0.0127	LG13	17217650
91	707	3e-04	LG22	1978209
92	708	-0.0023	LG09	1654444
93	721	-0.0056	LG14	12869166
94	733	-6e-04	LG06	18660007
95	735	0.0083	LG16	14151077
96	746	0.0249	LG21	18110489
97	752	0.0088	LG11	8223689
98	765	3e-04	LG01	16350985
99	766	0.0185	LG02	17006437
100	769	0.0031	LG20	8455617
101	772	1e-04	LG12	19202962
102	780	0.0036	LG12	4213605
103	786	-0.0047	LG20	10305701
104	803	4e-04	LG02	6015120
105	805	-0.0079	LG21	9856598
106	825	0.0012	LG04	33313977
107	829	0.0039	LG01	22477868
108	844	0.0089	LG14	25532106
109	862	-0.0013	LG23	3032160
110	885	0.0144	LG10	5851100
111	888	0.0084	LG19	5854828
112	901	0.0218	LG19	14535981
113	917	0.0296	LG09	23966054
114	925	0.011	LG07	16246230
115	926	-0.002	LG06	8571939
116	927	-0.004	LG06	6420980
117	940	0.0312	LG14	2567418
118	954	0.0192	LG06	8064417
119	960	0.0366	LG12	10174457
120	964	0.0624	LG07	28218086
121	974	0.0065	LG15	18002768
122	982	-0.0013	LG05	18446161
123	986	0.0021	LG09	18413149
124	992	4e-04	LG21	3580050
125	1000	0.0129	LG20	21700794
126	1002	-0.0016	LG14	22855271
127	1007	0.0078	LG16	14981817
128	1017	-3e-04	LG06	6804646
129	1020	0.0058	LG18	17770636
130	1031	0.0052	LG15	10603181
131	1036	-0.0125	LG07	28626276
132	1047	0.016	LG09	6946806
133	1048	0.002	LG13	21014787
134	1052	-0.0031	LG03	29149123
135	1054	-0.0011	LG06	19898749
136	1059	0.0043	LG01	27624343
137	1073	-0.0043	LG10	2603183
138	1078	8e-04	LG14	1738653
139	1082	-0.0029	LG02	7995350
140	1085	-0.0013	LG03	9056737
141	1089	0.0047	LG08	13112738
142	1094	0.0098	LG01	8989975
143	1104	0.0122	LG01	12761963
144	1122	0.0035	LG04	16838600
145	1126	0.0126	LG15	17499768
146	1138	-0.0016	LG04	14058546
147	1159	0.0055	LG14	22877258
148	1160	-0.0096	LG15	17477533
149	1167	4e-04	LG11	10595723
150	1190	0.0013	LG01	8092422
151	1193	-0.0088	LG03	24543439
152	1197	-0.0061	LG20	15002118
153	1201	-0.0107	LG16	8523827
154	1205	0.0214	LG18	2123484
155	1206	-0.003	LG02	4112829
156	1218	0.0037	LG03	27647413
157	1228	0.0033	LG13	20016866
158	1258	8e-04	LG07	27182155
159	1323	0.0037	LG20	6539707
160	1339	-8e-04	LG14	17204107
161	1345	0.0795	LG02	23955104
162	1354	-0.002	LG12	3284303
163	1372	0.0334	LG14	20906701
164	1392	0.0117	LG04	31306420
165	1407	0.0702	LG23	12976106
166	1420	0.0114	LG03	1176528
167	1441	-0.0053	LG14	10322868
168	1451	8e-04	LG03	20425799
169	1452	0.0038	LG20	5697820
170	1469	-0.0078	LG20	12562983
171	1473	-0.0053	LG11	27198631
172	1478	0.0087	LG11	20773184
173	1482	-0.0018	LG13	10971676
174	1490	-0.002	LG07	23424347
175	1503	0.0186	LG21	15279223
176	1504	-0.0061	LG09	6084778
177	1547	0.0174	LG11	7746059
178	1560	-1e-04	LG15	15461179
179	1565	0.0063	LG01	12864533
180	1568	-0.0051	LG12	23698751
181	1571	-0.002	LG13	12440085
182	1581	-0.0171	LG12	12097734
183	1592	-0.0115	LG10	2502491
184	1617	3e-04	LG01	3728784
185	1629	0.0066	LG22	18697916
186	1635	-0.0047	LG13	5076698
187	1655	0.0044	LG11	24272512
188	1689	-0.0029	LG13	21043471
189	1739	4e-04	LG22	11675953
190	1748	0.0068	LG18	18341373
191	1756	0.0215	LG11	8086242
192	1773	-8e-04	LG01	4343021
193	1794	-0.0011	LG09	24143400
194	1817	0.0014	LG17	7587295
195	1821	-0.0032	LG08	14640764
196	1833	0.0062	LG01	9761602
197	1844	-0.0048	LG15	17981722
198	1845	-0.0022	LG03	16345097
199	1848	-0.0022	LG01	13443093
200	1858	-0.0068	LG02	13158554
201	1859	0.0105	LG04	22949532
202	1881	-0.0025	LG12	11484342
203	1906	-0.0119	LG02	19009588
204	1911	6e-04	LG21	3578040
205	1926	-0.0047	LG20	20827715
206	1933	0.0434	LG21	12444588
207	1939	-0.0044	LG23	947149
208	1957	0.0116	LG03	20523113
209	1969	0.0284	LG23	1571051
210	1975	0.0319	LG14	5051097
211	2029	7e-04	LG16	1408228
212	2033	0.0128	LG04	24372151
213	2038	-9e-04	LG19	9585216
214	2057	0.0087	LG04	14495195
215	2058	-0.006	LG17	5380965
216	2069	-0.0016	LG07	17433168
217	2075	-0.0097	LG05	21654489
218	2087	6e-04	LG07	28942026
219	2100	-0.0022	LG17	4283147
220	2118	0.0101	LG16	25894782
221	2127	4e-04	LG15	18189153
222	2135	0.0193	LG21	10135760
223	2148	0.0106	LG03	24816799
224	2149	0.0097	LG16	13928206
225	2151	-0.0075	LG01	7446401
226	2153	-0.0095	LG11	20773096
227	2175	0.0158	LG15	5358650
228	2196	1e-04	LG02	13700077
229	2204	0.0147	LG14	7233760
230	2206	0.0332	LG22	13391318
231	2227	4e-04	LG02	1753025
232	2230	0.0027	LG09	11505320
233	2234	0.0364	LG08	18949206
234	2251	-0.009	LG23	15597949
235	2258	-0.0056	LG13	7099455
236	2274	0.0066	LG13	1229015
237	2319	-0.0022	LG07	20997192
238	2327	-0.0029	LG17	1002493
239	2329	0.0034	LG16	24549889
240	2332	0.0039	LG02	11144818
241	2334	-0.0031	LG04	13791139
242	2335	-0.0025	LG12	6026045
243	2346	0.0397	LG04	26005081
244	2349	0.1337	LG16	9310784
245	2353	-0.0016	LG17	4205312
246	2362	-8e-04	LG01	13543511
247	2366	4e-04	LG21	21010013
248	2368	0.0183	LG08	26184505
249	2371	0.0213	LG03	8761931
250	2408	-0.0044	LG08	11860507
251	2417	-0.0035	LG20	14555094
252	2425	0.0227	LG14	8286219
253	2429	-8e-04	LG14	26890038
254	2446	0.0055	LG03	29018446
255	2454	0.0193	LG07	21594394
256	2456	-0.0031	LG21	13077508
257	2468	0.0043	LG11	6043896
258	2491	0.014	LG17	12103417
259	2497	0.0498	LG20	22149852
260	2498	-0.0045	LG23	2830661
261	2506	0.0033	LG08	11296393
262	2520	0.0034	LG07	12362085
263	2539	-0.0015	LG15	25129974
264	2550	0.0075	LG14	4334323
265	2554	-0.011	LG22	16243903
266	2558	0.0091	LG10	22020828
267	2564	0.0109	LG23	13632032
268	2587	7e-04	LG14	202833
269	2603	0.023	LG23	14392966
270	2604	0.0024	LG11	14815925
271	2607	0.0055	LG15	12236853
272	2621	0.0038	LG04	378962
273	2647	-0.0021	LG03	8603218
274	2672	-2e-04	LG01	26278837
275	2677	-0.005	LG21	9477851
276	2682	0.0193	LG13	23528989
277	2690	0.0124	LG22	9892159
278	2694	-0.001	LG21	8442668
279	2709	0.0131	LG19	18872684
280	2718	0.0051	LG22	16526905
281	2733	0.0063	LG02	20586675
282	2735	-0.0014	LG07	13236326
283	2742	0.0063	LG04	26781953
284	2751	-4e-04	LG23	22985440
285	2762	8e-04	LG22	122447
286	2769	0.0039	LG21	21919607
287	2780	-0.0041	LG01	11869646
288	2786	-4e-04	LG16	30316865
289	2794	-0.0067	LG14	23846952
290	2810	0.0034	LG05	10974598
291	2820	0.0121	LG15	17496341
292	2824	0.0125	LG13	18962061
293	2826	-0.0039	LG13	18593933
294	2830	0.0019	LG07	23332711
295	2843	-0.0044	LG14	9081425
296	2844	-0.0048	LG16	5617631
297	2866	-0.007	LG01	23087036
298	2874	-0.0024	LG01	21713494
299	2885	-0.008	LG06	17595671
300	2917	3e-04	LG14	24703575
301	2922	0.0091	LG11	24771036
302	2934	-0.0057	LG05	19374392
303	2947	0.0729	LG23	939621
304	2966	7e-04	LG01	28089763
305	2973	0.0325	LG01	27732633
306	2974	7e-04	LG14	9719363
307	2977	0.0165	LG03	25242772
308	2985	0.0777	LG23	17166837
309	2990	0.0023	LG01	17231504
310	2997	9e-04	LG16	15198287
311	2998	-0.0018	LG18	7457147
312	3000	-0.0054	LG21	7459198
313	3004	0.002	LG03	16947961
314	3019	-0.0051	LG20	9261701
315	3039	0.0056	LG11	22402420
316	3043	-0.0077	LG21	21161935
317	3049	0.0045	LG07	5032372
318	3062	-4e-04	LG13	4642806
319	3076	-0.0048	LG18	13129513
320	3102	4e-04	LG14	22294077
321	3111	-0.0082	LG07	16957862
322	3116	0.0177	LG02	12426111
323	3132	-0.0034	LG13	19057220
324	3138	-0.0029	LG20	13442555
325	3172	0.0102	LG02	14430240
326	3175	-0.0022	LG18	5047498
327	3186	3e-04	LG19	9805870
328	3188	-0.0039	LG11	18842454
329	3193	0.0091	LG08	4803505
330	3195	-0.0098	LG07	13297888
331	3196	-0.0071	LG22	19156479
332	3197	-0.0059	LG08	24846203
333	3207	-0.0012	LG08	5648759
334	3223	7e-04	LG01	21052003
335	3226	0.227	LG05	23467528
336	3248	-0.0024	LG10	20021617
337	3258	0.0098	LG11	2454027
338	3261	0.0118	LG18	18120527
339	3266	0.0188	LG11	18795306
340	3280	-0.0098	LG04	8454042
341	3284	0.0236	LG07	9539930
342	3297	0.0495	LG09	4200504
343	3298	0.0019	LG21	12713994
344	3304	0.0042	LG12	21990246
345	3307	-0.0047	LG07	26173439
346	3308	-0.0059	LG14	10599926
347	3324	0.0082	LG07	16407381
348	3331	0.0163	LG16	17157144
349	3338	0.0019	LG16	12671455
350	3341	0.0411	LG14	28893155
351	3343	0.0025	LG12	20424695
352	3351	1e-04	LG19	15047198
353	3356	0.0144	LG23	19265074
354	3362	4e-04	LG11	24536157
355	3375	0.0427	LG19	7130932
356	3378	0.0094	LG17	15944429
357	3381	0.0022	LG05	6350461
358	3396	0.0124	LG06	25314954
359	3406	0.0138	LG16	24229115
360	3416	0.0041	LG19	15655291
361	3417	0.0017	LG14	11676361
362	3428	-8e-04	LG11	3481234
363	3430	0.0386	LG11	14468693
364	3434	0.0044	LG10	6003116
365	3437	0.0121	LG12	23290112
366	3458	-0.0137	LG09	3493810
367	3460	0.0085	LG18	6528272
368	3464	-0.0055	LG01	2734393
369	3480	0.0202	LG12	23074809
370	3484	-0.0089	LG15	23057730
371	3499	-0.0016	LG23	1731017
372	3505	-0.0017	LG12	18593577
373	3523	-0.0012	LG15	5955032
374	3541	0.0036	LG13	24575544
375	3554	0.0075	LG18	16220209
376	3566	0.0081	LG18	18337381
377	3577	0.0119	LG03	17399324
378	3578	8e-04	LG04	23391980
379	3585	0.014	LG05	17298691
380	3594	0.0253	LG14	5903591
381	3600	0.015	LG21	18337123
382	3606	0.0031	LG07	29181476
383	3630	1e-04	LG01	28032467
384	3639	-0.0104	LG17	7633583
385	3659	9e-04	LG16	23334936
386	3680	0.001	LG17	8605809
387	3683	0.0165	LG09	4680682
388	3692	-0.0106	LG06	13048766
389	3694	0.0152	LG04	23536033
390	3708	8e-04	LG13	1535521
391	3721	0.0222	LG02	18900520
392	3734	-5e-04	LG06	5926292
393	3753	-0.0039	LG10	9860946
394	3754	-0.0022	LG19	20346480
395	3776	0.0037	LG01	24455925
396	3780	0.0031	LG22	2810555
397	3791	-8e-04	LG02	16926107
398	3794	-0.0015	LG01	17891914
399	3797	-0.0082	LG21	5722754
400	3798	-0.0017	LG07	23461249
401	3799	8e-04	LG03	11143943
402	3827	0.0082	LG16	18742865
403	3828	-0.0108	LG02	23363691
404	3833	0.023	LG12	7696087
405	3849	-0.002	LG15	22242308
406	3853	-0.0021	LG03	19916664
407	3855	0.0874	LG21	19913962
408	3866	0.0112	LG18	10794024
409	3867	1e-04	LG21	16251957
410	3875	0.0064	LG04	34503689
411	3886	0.0162	LG11	14501523
412	3887	0.0177	LG06	14278663
413	3900	0.004	LG20	4903898
414	3902	0.0385	LG21	11188757
415	3929	0.0034	LG13	6072318
416	3931	-0.0093	LG11	5295900
417	3932	-0.007	LG04	13557402
418	3940	-0.007	LG06	7867156
419	3946	-0.0042	LG19	20490861
420	3952	-0.0048	LG05	13877687
421	3960	0.0316	LG08	10342640
422	3962	0.0165	LG10	605025
423	3973	0.0081	LG06	17505582
424	3991	0.002	LG03	11820911
425	4000	0.0103	LG15	11074597
426	4002	0.0075	LG03	8053673
427	4003	-0.0052	LG01	24038892
428	4010	0.0081	LG03	13761867
429	4013	-0.0053	LG04	33514896
430	4016	0.01	LG16	29559461
431	4025	0.0211	LG03	24223878
432	4032	-0.0039	LG16	28482320
433	4036	-0.0096	LG21	15316907
434	4039	0.0449	LG22	9367737
435	4040	4e-04	LG08	10912553
436	4062	0.0029	LG19	1676774
437	4065	-0.0035	LG06	4009836
438	4070	0.0475	LG20	4384499
439	4081	0.0264	LG22	9230244
440	4083	0.012	LG10	15139047
441	4100	0.0036	LG21	15218089
442	4132	0.0107	LG01	8475035
443	4133	-0.0029	LG04	24866885
444	4137	-0.0034	LG07	11811714
445	4140	-0.0029	LG13	22202718
446	4142	0.0137	LG09	17587809
447	4146	0.0249	LG09	8211355
448	4148	-0.0066	LG21	18381376
449	4156	0.0089	LG13	24013669
450	4159	-0.01	LG23	9262983
451	4162	-0.0103	LG05	14791890
452	4171	6e-04	LG10	17543844
453	4176	-0.0026	LG18	20408482
454	4185	0.0155	LG14	15778586
455	4187	-0.0033	LG19	14116914
456	4191	-0.0058	LG06	20741073
457	4192	0.0131	LG16	23885047
458	4212	0.0143	LG04	33598863
459	4217	-0.0082	LG23	1421669
460	4226	0.0191	LG09	24607602
461	4227	0.013	LG13	18686608
462	4230	-0.0047	LG04	23389886
463	4235	0.034	LG06	14270635
464	4242	-0.0092	LG16	24526804
465	4244	0.0118	LG01	8751793
466	4251	0.0138	LG10	16638251
467	4255	0.0619	LG05	19773629
468	4257	-0.0021	LG21	21235457
469	4280	-0.0038	LG22	357359
470	4301	-0.0038	LG01	18990497
471	4330	0.0325	LG14	25564343
472	4352	-0.0064	LG16	27854956
473	4361	-0.0023	LG11	27160901
474	4365	0.0053	LG01	18164746
475	4371	-0.0023	LG04	20122826
476	4373	0.0082	LG04	22943548
477	4380	0.0036	LG21	5024802
478	4383	-0.0076	LG08	10859832
479	4396	0.0244	LG13	7298301
480	4398	-0.0041	LG06	18998161
481	4402	-0.0063	LG14	17552012
482	4404	0.0288	LG22	7532382
483	4411	0.0031	LG12	22019003
484	4412	0.0201	LG23	9893197
485	4413	0.0078	LG15	4100436
486	4426	-0.0013	LG10	4400003
487	4442	6e-04	LG13	14527982
488	4452	-0.0073	LG06	12297808
489	4453	-0.0042	LG03	9773441
490	4471	-0.0019	LG05	10206004
491	4473	-0.0051	LG12	4009809
492	4489	0.0621	LG04	27352498
493	4491	0.0222	LG08	10633171
494	4494	0.0054	LG01	9685227
495	4499	2e-04	LG20	2829965
496	4507	0.057	LG13	4567648
497	4508	0.0369	LG18	14305873
498	4536	-0.009	LG19	13287200
499	4541	-0.0035	LG21	3250882
500	4550	0.0077	LG12	17753872
501	4556	0.0764	LG09	1872502
502	4568	-1e-04	LG12	4779086
503	4570	-0.0223	LG21	5426321
504	4575	-0.0059	LG13	16159529
505	4578	-0.0027	LG15	18490187
506	4596	-3e-04	LG08	1761739
507	4599	0.1729	LG23	4023710
508	4609	-0.0097	LG08	24762010
509	4615	-0.0053	LG09	3670506
510	4620	-9e-04	LG10	7813485
511	4637	0.012	LG07	15411923
512	4643	2e-04	LG13	5556883
513	4661	0.017	LG19	14510561
514	4664	-0.0017	LG13	19009504
515	4671	0.002	LG13	16647496
516	4696	0.0065	LG11	24477363
517	4702	0.0119	LG09	9449210
518	4711	-0.0076	LG12	8167261
519	4715	0.0983	LG15	1253762
520	4720	-0.0047	LG18	19645438
521	4734	0.1247	LG17	16510645
522	4739	-0.0034	LG01	6163089
523	4744	-0.0064	LG19	11917050
524	4747	0.0277	LG03	27467753
525	4754	0.0056	LG14	25213748
526	4759	0.0089	LG22	19809786
527	4766	-0.0023	LG20	21148698
528	4775	-0.0069	LG22	12376372
529	4777	0.0283	LG04	25625757
530	4779	0.0095	LG03	16989964
531	4782	-0.0076	LG16	29902249
532	4799	0.0126	LG06	6902120
533	4818	-0.0017	LG05	13382747
534	4824	-0.0014	LG15	19559265
535	4837	-0.0022	LG11	18564220
536	4852	-0.0011	LG15	24781633
537	4856	0.0887	LG07	20645188
538	4885	-0.0015	LG17	11306859
539	4887	0.0213	LG06	22208449
540	4891	8e-04	LG08	15555865
541	4893	7e-04	LG17	7310048
542	4898	0.0031	LG04	30578438
543	4901	0.0292	LG11	26061747
544	4905	0.0046	LG03	11011877
545	4909	0.013	LG01	24794728
546	4911	0.0066	LG20	24092274
547	4939	0.0183	LG20	22418798
548	4950	0.0181	LG20	14422635
549	4956	0.0039	LG11	10490527
550	4960	-0.0016	LG09	17810629
551	4989	-0.0036	LG14	12252629
552	4998	0.0014	LG04	29833176
553	5001	0.0619	LG21	8264744
554	5002	0.0094	LG10	1370047
555	5003	0.007	LG11	16390445
556	5016	-0.0103	LG22	4547210
557	5023	0.0107	LG01	214443
558	5035	0.0108	LG22	16170968
559	5060	-0.007	LG08	9590391
560	5071	0.0037	LG05	2633866
561	5079	-0.0052	LG03	3440963
562	5124	0.0041	LG09	5713978
563	5133	-0.0018	LG12	19492744
564	5137	-0.0081	LG19	5823389
565	5151	-0.0075	LG14	12928347
566	5155	0	LG20	13444345
567	5169	0.0266	LG21	12135222
568	5174	2e-04	LG09	10347416
569	5189	0.0231	LG17	17473894
570	5196	0.025	LG02	16247316
571	5198	0.0248	LG09	1393709
572	5201	-0.0055	LG23	17880932
573	5203	-0.01	LG10	5542453
574	5206	-0.001	LG08	18013058
575	5208	-0.0097	LG01	2044448
576	5217	0.0446	LG10	16892961
577	5273	0.0726	LG22	4266854
578	5288	0.0045	LG16	27216949
579	5322	5e-04	LG07	4796419
580	5333	1e-04	LG14	17190035
581	5334	0.0026	LG20	5780115
582	5336	0.0171	LG06	20059538
583	5367	0.0199	LG06	2752880
584	5387	0.0057	LG22	10727070
585	5396	7e-04	LG12	17700891
586	5398	1e-04	LG18	8286073
587	5413	6e-04	LG03	29071150
588	5427	-0.0084	LG05	18739983
589	5431	5e-04	LG23	5415195
590	5437	-0.0018	LG23	9601195
591	5442	0.0117	LG03	7519450
592	5452	0.0174	LG18	7795023
593	5461	-0.001	LG03	14545616
594	5464	0.0127	LG11	22086835
595	5465	0.0105	LG06	22757568
596	5475	0.0138	LG13	10028046
597	5476	0.025	LG12	468391
598	5481	-0.0025	LG05	5118361
599	5501	-0.0032	LG18	14588802
600	5516	-0.0026	LG22	5381422
601	5520	0.0072	LG04	18708578
602	5524	0.0025	LG03	18033180
603	5534	0.0058	LG19	19103458
604	5538	0.0109	LG23	9616094
605	5560	-0.0012	LG13	17284812
606	5569	0.0062	LG01	23205145
607	5570	0.0046	LG23	13796931
608	5572	0.018	LG11	25112679
609	5576	0.0047	LG06	7858844
610	5580	0.0034	LG14	8286307
611	5584	0.022	LG01	15478086
612	5586	0.0121	LG23	5729686
613	5594	-0.0061	LG10	23722049
614	5600	-0.0013	LG05	20613309
615	5606	0.022	LG18	8168863
616	5610	-8e-04	LG06	6965868
617	5614	0.0015	LG11	23808690
618	5623	-0.0075	LG08	7239686
619	5624	0.0034	LG05	3688022
620	5632	0.0117	LG21	17876423
621	5633	0.0132	LG23	7996770
622	5636	0.0427	LG15	8532891
623	5654	-0.0022	LG20	10038052
624	5662	-0.0058	LG23	10116938
625	5672	4e-04	LG12	20538654
626	5673	-0.0016	LG23	2607933
627	5679	0.0071	LG15	19847386
628	5688	0.0349	LG03	6697589
629	5692	-0.0032	LG02	4299155
630	5707	0.1525	LG04	12296490
631	5719	0.0011	LG06	11439647
632	5730	1e-04	LG16	5110535
633	5738	0.0137	LG05	19319935
634	5739	0.0015	LG07	30391639
635	5741	-0.0037	LG13	11956213
636	5746	-0.002	LG04	28800174
637	5754	-2e-04	LG04	5682240
638	5765	-0.0036	LG21	7389806
639	5770	0.0017	LG06	9501622
640	5776	0.0129	LG23	1598146
641	5781	0.0041	LG14	5998727
642	5817	-0.0037	LG12	17403958
643	5819	0.0088	LG02	2217111
644	5824	0.0066	LG04	9835263
645	5834	-0.0029	LG08	10268342
646	5836	-0.009	LG16	23936085
647	5844	0.0075	LG08	9557314
648	5845	0.0052	LG13	14709344
649	5859	0.0101	LG23	5934977
650	5891	0.0444	LG22	6395073
651	5892	0.006	LG14	4398890
652	5894	-9e-04	LG01	5179409
653	5897	-0.0035	LG17	5256866
654	5923	0.0044	LG21	20491767
655	5930	-0.009	LG09	14503032
656	5935	0.0179	LG19	3809995
657	5945	0.0193	LG14	12869078
658	5946	0.0064	LG07	2718878
659	5952	-0.0026	LG23	17392054
660	5962	0.0039	LG10	5834804
661	5966	0.0155	LG11	3737428
662	5973	-4e-04	LG17	6461537
663	6026	0.0076	LG20	22696754
664	6031	-0.0019	LG15	4924703
665	6040	-0.0049	LG10	22004225
666	6069	-0.005	LG06	5096580
667	6071	0.0072	LG12	25107373
668	6080	0.0108	LG23	8352729
669	6085	0.0207	LG21	15957906
670	6094	-0.0025	LG12	8466885
671	6099	0.0178	LG09	6849550
672	6100	0.0067	LG17	15529893
673	6112	0.0017	LG06	12940167
674	6144	-0.0071	LG12	6428619
675	6157	0.0309	LG06	14713694
676	6158	-0.0043	LG11	24273058
677	6182	0.018	LG04	17601862
678	6203	0.0214	LG11	6456108
679	6218	0.0096	LG01	18938963
680	6220	0.0252	LG01	15305774
681	6225	-0.0019	LG01	17343059
682	6229	0	LG08	18383781
683	6230	1e-04	LG18	7614232
684	6244	0.0042	LG15	7405534
685	6259	-0.0107	LG04	26274693
686	6292	-2e-04	LG05	11214699
687	6298	0.0033	LG07	19290922
688	6312	0.0064	LG12	26603732
689	6314	-0.0028	LG21	17634614
690	6315	3e-04	LG16	4018052
691	6318	-0.0079	LG22	4155074
692	6333	-0.0115	LG20	1257328
693	6357	-2e-04	LG07	25230566
694	6377	0.0197	LG11	27229186
695	6384	0.0013	LG04	6617904
696	6388	0.0044	LG22	4388180
697	6393	0.039	LG04	31961476
698	6399	3e-04	LG14	5683106
699	6403	-0.0023	LG16	8943107
700	6408	2e-04	LG19	14198859
701	6417	8e-04	LG15	20574788
702	6426	-0.0074	LG17	8751324
703	6431	0.0013	LG03	8422729
704	6432	0.1754	LG19	17798082
705	6441	0.1213	LG02	8567129
706	6443	0.003	LG19	20268119
707	6462	0.0099	LG12	25449456
708	6467	-0.0043	LG17	6538332
709	6484	0.0074	LG11	1042714
710	6487	0.009	LG16	10711332
711	6520	-0.007	LG19	9865843
712	6522	4e-04	LG04	23060319
713	6526	-0.0076	LG15	25143238
714	6540	0.0033	LG14	2424570
715	6550	-0.0028	LG11	6909678
716	6554	-6e-04	LG05	4972861
717	6563	0.0115	LG19	7243278
718	6565	-0.0013	LG22	13653995
719	6567	0.0036	LG04	5614539
720	6593	0.0531	LG17	849889
721	6597	0.0207	LG14	17715921
722	6602	0.0186	LG16	27639940
723	6604	0.0023	LG18	1703870
724	6608	-0.0049	LG14	4655642
725	6609	-0.0057	LG04	6791037
726	6617	-7e-04	LG22	4318361
727	6631	-0.0018	LG14	15779407
728	6638	-0.0052	LG23	16622970
729	6640	0.0326	LG04	4559510
730	6652	-0.0041	LG06	16314186
731	6657	0.0026	LG03	7628668
732	6658	0.0298	LG15	22394483
733	6672	-5e-04	LG04	31308425
734	6675	-0.0042	LG18	13914452
735	6677	0.0068	LG19	5644692
736	6690	0.0035	LG06	3601332
737	6701	0.0072	LG10	7469127
738	6709	0.0031	LG02	8318815
739	6721	-0.008	LG21	14929531
740	6728	0.0018	LG03	17912149
741	6729	-0.0041	LG11	19415556
742	6735	-1e-04	LG18	13764485
743	6757	0.0035	LG11	5861158
744	6768	-0.0049	LG03	22113564
745	6769	-0.0097	LG11	1333122
746	6771	-0.0058	LG08	6712888
747	6773	8e-04	LG18	13092359
748	6801	-9e-04	LG01	23099470
749	6802	0.006	LG22	7924236
750	6803	0.0195	LG11	2541190
751	6810	-0.0016	LG06	14645377
752	6816	4e-04	LG23	3208908
753	6833	-0.0032	LG06	8602962
754	6835	-0.0031	LG16	27854868
755	6845	0.0088	LG18	15567870
756	6860	0.0403	LG18	4956850
757	6870	0.0188	LG17	18989918
758	6877	-0.0021	LG16	23192196
759	6882	-0.0069	LG07	8078705
760	6887	0.012	LG02	11466154
761	6890	-0.0025	LG11	11780929
762	6894	0.0018	LG07	6888721
763	6899	0.0159	LG19	11783148
764	6910	0.0048	LG08	14381535
765	6925	-0.0074	LG16	10109560
766	6926	0.0164	LG15	8356855
767	6938	0.0097	LG15	8293172
768	6944	0.0145	LG05	18764110
769	6947	0.0138	LG20	16306049
770	6953	-0.0021	LG23	8013738
771	6962	0.0099	LG19	17900522
772	6969	0.0016	LG15	12665066
773	6971	-0.0049	LG03	2817594
774	6988	-0.0045	LG21	6125777
775	6993	0.0031	LG03	23801182
776	6995	-0.002	LG04	11127341
777	6996	0.0137	LG15	25019581
778	7000	0.1041	LG04	11009190
779	7023	0.0189	LG18	17910715
780	7027	-0.0012	LG13	20020878
781	7046	0.0041	LG08	6188289
782	7048	0.0272	LG23	21266614
783	7055	-0.0064	LG03	7555515
784	7074	0.0136	LG04	1318831
785	7081	0.0258	LG04	2557433
786	7086	-0.0011	LG12	20716376
787	7092	-0.006	LG13	1854710
788	7096	0.0302	LG15	17339557
789	7106	0.0023	LG18	20842216
790	7117	0.0046	LG03	5072653
791	7127	-0.0056	LG20	22112286
792	7132	0.0236	LG02	8637797
793	7134	-7e-04	LG16	9928551
794	7138	-0.0027	LG15	12403451
795	7144	0.0063	LG06	7518086
796	7151	5e-04	LG09	4221656
797	7161	-0.005	LG11	16069381
798	7171	0.0038	LG07	16286288
799	7173	0.0291	LG01	18990205
800	7183	0.0157	LG13	16489759
801	7192	0.0036	LG22	5979214
802	7193	0.0233	LG15	22684695
803	7209	-0.0045	LG18	7478963
804	7214	0.005	LG10	7431430
805	7216	0.0161	LG23	11281788
806	7223	-0.005	LG15	22520795
807	7230	0.0127	LG17	13836722
808	7241	0.1024	LG01	77324
809	7252	0.0167	LG20	6464030
810	7283	-0.0124	LG23	18658490
811	7299	0.0049	LG16	24335206
812	7301	3e-04	LG13	17075597
813	7313	0.0247	LG07	28218174
814	7322	0.0081	LG03	14577642
815	7326	0.0098	LG01	20934271
816	7328	8e-04	LG09	13296658
817	7332	0.0119	LG02	14302912
818	7335	0.0065	LG19	13457677
819	7341	-0.0012	LG01	25623962
820	7367	-0.0012	LG17	16378214
821	7384	0.0355	LG10	1352427
822	7391	0.0042	LG06	22765329
823	7395	0.0162	LG07	30555580
824	7399	0.0102	LG04	4348381
825	7412	0.0365	LG18	21670328
826	7421	-0.0017	LG19	3097487
827	7431	0.0051	LG12	3326685
828	7434	-0.003	LG11	28306877
829	7450	0.0037	LG16	23321770
830	7453	0.0413	LG10	13650399
831	7457	-0.0076	LG11	22023654
832	7458	-9e-04	LG07	17761824
833	7465	-0.0095	LG09	13181103
834	7466	0.002	LG08	4200824
835	7479	6e-04	LG07	16236256
836	7485	-0.0013	LG03	10832030
837	7490	-0.0057	LG16	25266093
838	7494	0.0034	LG05	13987237
839	7498	0.0024	LG14	17772081
840	7501	-0.004	LG08	13128416
841	7505	0.0162	LG10	17051602
842	7509	0.1077	LG03	1901276
843	7522	0.0175	LG08	25397751
844	7526	0.0106	LG15	16449383
845	7545	0.0078	LG01	9399694
846	7565	-0.0022	LG12	19921439
847	7571	0.001	LG16	18094498
848	7574	-7e-04	LG12	6911449
849	7598	0.0022	LG04	26623344
850	7603	-0.0104	LG20	11490090
851	7604	-2e-04	LG07	24657611
852	7605	-0.0062	LG13	3180911
853	7610	0.0019	LG02	19846598
854	7620	-0.0022	LG23	18579738
855	7627	0.0108	LG23	9303595
856	7637	-0.0022	LG04	33296125
857	7647	4e-04	LG19	4764986
858	7666	-0.0023	LG06	23577967
859	7674	-0.0028	LG12	19252364
860	7682	0.0038	LG14	26388508
861	7688	6e-04	LG21	17537300
862	7697	-0.0071	LG23	13180325
863	7703	-0.0071	LG21	19625156
864	7711	0.011	LG11	2322577
865	7713	-0.0097	LG06	6229137
866	7726	0.0094	LG06	14765352
867	7736	0.0134	LG13	6632801
868	7747	0	LG13	8626858
869	7749	-0.0018	LG11	25187021
870	7754	0.0347	LG23	22966482
871	7759	-0.0048	LG09	19279622
872	7763	-0.0036	LG07	7478136
873	7775	0.0032	LG13	18791841
874	7803	0.0072	LG13	19032494
875	7807	-0.003	LG08	18470173
876	7823	0.0036	LG01	17686137
877	7828	0.0011	LG19	6872835
878	7865	0.008	LG08	11365031
879	7869	-0.0024	LG17	10688746
880	7870	-0.0026	LG06	6309938
881	7875	-0.0064	LG07	11452690
882	7879	-0.009	LG10	19467967
883	7902	0.0293	LG09	7623356
884	7910	0.0294	LG14	6573265
885	7922	0.0176	LG05	20956146
886	7929	0.0137	LG11	5422480
887	7940	0.0049	LG11	4935309
888	7952	0.0058	LG14	26291480
889	7953	3e-04	LG14	27471012
890	7957	-0.0044	LG13	14587252
891	7962	0.0183	LG04	22010636
892	7974	0.0028	LG08	16567202
893	7975	-0.002	LG03	8603130
894	7976	-0.0021	LG18	13994590
895	7988	0.0028	LG21	19601801
896	8016	0.017	LG06	11515636
897	8018	-0.0034	LG04	18659305
898	8023	0.0157	LG15	17442202
899	8026	-0.0065	LG21	5322559
900	8033	0.0121	LG10	10895467
901	8037	0.0163	LG12	5532228
902	8045	-0.0011	LG02	18447659
903	8046	0.0135	LG14	21864304
904	8048	-0.0034	LG05	10285673
905	8056	0.0195	LG22	15240992
906	8058	0.0306	LG05	21116866
907	8064	-0.0036	LG12	6180142
908	8067	0.0649	LG19	16381195
909	8079	-0.0015	LG05	5792527
910	8086	-0.0019	LG13	14527894
911	8095	-0.0056	LG04	33023845
912	8100	9e-04	LG07	11428517
913	8103	-0.0019	LG08	667242
914	8124	-0.0057	LG09	23766555
915	8126	0.0026	LG23	6176697
916	8148	0.0299	LG01	8752897
917	8149	0.02	LG23	18211048
918	8150	-0.0026	LG19	9468457
919	8152	-0.0029	LG11	22005892
920	8160	0.0263	LG10	8748149
921	8183	0.02	LG18	2018315
922	8190	0.0032	LG11	28080960
923	8191	0.0209	LG07	10079179
924	8192	0.0025	LG11	10551327
925	8194	0.0127	LG09	4886819
926	8198	0.0041	LG13	16144580
927	8199	-0.0028	LG09	14464715
928	8205	5e-04	LG03	8108048
929	8206	0.0374	LG16	26782565
930	8208	4e-04	LG08	8756918
931	8209	-0.001	LG16	8038342
932	8217	0.0316	LG18	1681718
933	8241	-0.0076	LG13	17644845
934	8242	-0.0067	LG01	7621451
935	8277	-0.0058	LG02	5947585
936	8278	-0.0056	LG12	6752117
937	8288	-0.0067	LG13	18629424
938	8295	0.0095	LG13	24899963
939	8301	-0.0035	LG15	14495834
940	8305	-0.0024	LG02	11675992
941	8315	-0.0039	LG11	14528223
942	8316	-0.0082	LG03	4477954
943	8320	-0.008	LG17	11946391
944	8327	0.0177	LG06	13589351
945	8330	-3e-04	LG14	4242362
946	8334	0.0073	LG07	8045347
947	8346	0.0029	LG11	16053706
948	8375	3e-04	LG03	11594755
949	8389	-0.0018	LG14	9808133
950	8409	-0.0051	LG21	18330944
951	8414	-0.001	LG19	14776072
952	8426	0.0052	LG13	6509003
953	8427	0.0042	LG15	19711784
954	8445	0.0093	LG01	6120990
955	8448	0.0421	LG11	24477451
956	8450	0.0093	LG02	2934383
957	8461	-7e-04	LG14	12165644
958	8465	0.0061	LG06	22765417
959	8471	-0.0031	LG21	4831712
960	8484	0.005	LG22	19029332
961	8486	1e-04	LG10	22526695
962	8499	-0.0012	LG04	23394825
963	8507	0.002	LG10	15259978
964	8517	0.0038	LG18	22543513
965	8526	0.0547	LG11	2619748
966	8527	0.0194	LG15	7756968
967	8530	0.0047	LG22	3244164
968	8534	-0.0067	LG20	10902826
969	8540	0.0028	LG22	16751795
970	8547	-0.002	LG02	11866579
971	8554	0.0021	LG23	4965463
972	8569	0.0043	LG10	90948
973	8572	0.0071	LG03	20677019
974	8581	0.0174	LG02	5756973
975	8586	0.0993	LG21	9106710
976	8590	0.0321	LG04	25049798
977	8596	0.0158	LG13	3111762
978	8601	0.0303	LG15	10911179
979	8603	-0.0101	LG09	18435106
980	8606	0.0067	LG18	18859511
981	8670	0.0016	LG11	27130781
982	8671	0.0994	LG16	14413278
983	8690	0	LG19	14692145
984	8693	0.0044	LG07	26942791
985	8743	0.0234	LG15	10299258
986	8758	-0.0051	LG06	12398312
987	8759	0.0022	LG15	24908542
988	8769	-0.0051	LG17	9185034
989	8788	0.0307	LG15	20999563
990	8794	-0.0046	LG22	10702141
991	8798	0.0078	LG10	24193411
992	8804	0.0085	LG10	23759277
993	8810	-0.0093	LG12	7061780
994	8813	0.0165	LG07	18222159
995	8815	0.0046	LG08	16667405
996	8820	-0.0068	LG05	23467616
997	8827	-0.0031	LG17	4130127
998	8840	-7e-04	LG21	7607298
999	8842	-0.0047	LG05	17854897
1000	8849	0.0133	LG05	22279915
1001	8867	0.0375	LG21	20949290
1002	8885	-0.0105	LG14	23077035
1003	8890	0.0081	LG07	6489881
1004	8898	-0.0081	LG07	9012236
1005	8907	0.0147	LG23	15164927
1006	8915	-0.0076	LG20	7955725
1007	8920	0.0104	LG01	13525139
1008	8948	-0.0031	LG01	25476939
1009	8955	-0.0014	LG15	10868462
1010	8979	-6e-04	LG21	13555372
1011	8997	-0.001	LG08	20043558
1012	9000	4e-04	LG01	20164805
1013	9002	0.0072	LG19	19069826
1014	9008	-0.0036	LG20	15722835
1015	9054	0.0028	LG19	14616405
1016	9061	0.0059	LG12	8785295
1017	9077	0.0037	LG09	5295753
1018	9079	-0.0059	LG21	5024714
1019	9091	-0.0053	LG12	25336179
1020	9097	0.0183	LG18	18493608
1021	9102	0.0142	LG14	7840939
1022	9134	-0.0063	LG21	5010586
1023	9135	-0.0026	LG06	12182054
1024	9144	0.0038	LG16	19012335
1025	9156	0.0079	LG18	19232226
1026	9158	0.0075	LG11	6826719
1027	9159	0.0104	LG10	6204018
1028	9162	-8e-04	LG16	13623596
1029	9164	0.0011	LG07	16991607
1030	9165	0.0169	LG13	8397560
1031	9174	-1e-04	LG05	21240325
1032	9184	-0.0019	LG22	2675465
1033	9187	-0.0063	LG15	12299422
1034	9190	0.0245	LG17	6640394
1035	9192	-0.0075	LG21	16443926
1036	9205	0.0171	LG11	11238044
1037	9210	-0.0107	LG18	5958819
1038	9211	0.0761	LG22	11875758
1039	9213	0.0052	LG11	27848202
1040	9216	0.0584	LG06	92177
1041	9251	-0.0073	LG11	26642181
1042	9252	9e-04	LG10	2489942
1043	9277	0.0096	LG01	23131469
1044	9280	0.0011	LG05	12095423
1045	9289	-0.0056	LG16	23744969
1046	9305	0.0045	LG01	16799615
1047	9308	8e-04	LG04	32661853
1048	9316	0.0019	LG04	30729475
1049	9323	0.0133	LG21	22259790
1050	9326	-0.0029	LG19	12260534
1051	9331	0.0013	LG19	4094309
1052	9347	0.0054	LG22	17143940
1053	9355	0.0018	LG20	22453977
1054	9369	-0.0034	LG06	7049845
1055	9378	0.0205	LG14	886773
1056	9380	0.0048	LG19	20922391
1057	9393	-1e-04	LG16	12409656
1058	9408	0.0237	LG11	16231009
1059	9415	-0.0046	LG23	3879604
1060	9418	0.0273	LG22	9230332
1061	9419	-0.0056	LG08	24203128
1062	9421	0.0013	LG01	24972595
1063	9443	0.0348	LG18	803193
1064	9449	4e-04	LG15	13018839
1065	9452	0.1006	LG10	19417830
1066	9456	-0.0028	LG01	12895039
1067	9458	-0.0081	LG11	16016506
1068	9492	0.0187	LG23	4941457
1069	9497	0.0219	LG04	1602719
1070	9502	-3e-04	LG06	5572616
1071	9530	-0.0035	LG02	486766
1072	9545	1e-04	LG09	19485278
1073	9549	0.0019	LG10	17848565
1074	9563	-0.0081	LG20	20191387
1075	9565	-0.0085	LG20	6360309
1076	9585	0.0127	LG11	11440099
1077	9590	0.0216	LG17	14394793
1078	9596	7e-04	LG01	11383360
1079	9604	0.0029	LG02	17526987
1080	9606	0.028	LG09	3437100
1081	9610	-0.0046	LG22	14641840
1082	9611	-0.0023	LG09	16641125
1083	9632	0.0045	LG02	6571036
1084	9655	-0.0039	LG23	16731817
1085	9658	-0.0074	LG12	21292189
1086	9663	8e-04	LG13	3663429
1087	9673	0.0087	LG02	549312
1088	9675	-0.0059	LG14	20158765
1089	9681	0.0313	LG04	1199563
1090	9682	-0.0022	LG16	21936621
1091	9714	2e-04	LG04	15238228
1092	9717	0.0053	LG14	5541915
1093	9724	0.0263	LG16	1234624
1094	9726	0.0035	LG20	6963568
1095	9729	0.0172	LG01	10497992
1096	9731	0.0061	LG14	23757247
1097	9740	0.0197	LG16	13248239
1098	9741	-0.0014	LG02	5980256
1099	9755	0.0128	LG10	13377165
1100	9766	-0.0095	LG21	18252963
1101	9776	0.0051	LG04	1846805
1102	9800	0.0052	LG07	21196530
1103	9812	0.0164	LG18	1096221
1104	9813	0.0023	LG08	6971879
1105	9825	0.0042	LG01	12866887
1106	9845	-0.0076	LG13	18630044
1107	9850	-6e-04	LG04	4223942
1108	9852	-0.0016	LG21	10137258
1109	9853	0.0016	LG03	22734972
1110	9855	-0.0056	LG20	8445572
1111	9864	-3e-04	LG03	22541811
1112	9870	7e-04	LG01	25537657
1113	9872	0.0032	LG16	22294421
1114	9878	-0.0038	LG04	28655265
1115	9886	5e-04	LG23	2904649
1116	9896	0.0303	LG12	26878070
1117	9926	0.0052	LG01	23296870
1118	9940	-7e-04	LG08	22367438
1119	9941	0.0113	LG23	18507418
1120	9943	0.001	LG14	13142370
1121	9964	0.0103	LG21	10996710
1122	9966	0.0074	LG09	17673401
1123	9967	1e-04	LG06	5507919
1124	9970	-0.0015	LG20	21800201
1125	9979	-0.0045	LG12	20945653
1126	9980	-0.0095	LG09	17129352
1127	9983	-0.0027	LG03	9887414
1128	9986	-0.0089	LG10	9602660
1129	9992	-0.0019	LG04	14860399
1130	9996	-0.0027	LG01	26278925
1131	10006	-0.0035	LG13	9576401
1132	10012	0.1142	LG02	8567215
1133	10017	-0.0048	LG15	13299179
1134	10022	-0.0053	LG04	30922281
1135	10029	0.0261	LG13	1297680
1136	10038	0.0032	LG08	7161481
1137	10045	0.008	LG15	7792632
1138	10061	0.002	LG08	15659186
1139	10063	-0.0027	LG03	6310553
1140	10076	-0.0011	LG15	10908966
1141	10079	4e-04	LG14	25560788
1142	10086	0.001	LG14	26250657
1143	10092	0.0217	LG14	16098827
1144	10113	0.0073	LG02	11368661
1145	10136	3e-04	LG04	19736434
1146	10138	0.0502	LG10	301809
1147	10139	7e-04	LG18	10073218
1148	10153	-0.0046	LG05	17965979
1149	10160	0.0067	LG20	15783678
1150	10166	-0.0124	LG08	19658164
1151	10177	0.0237	LG06	6889844
1152	10181	-0.0111	LG10	3618393
1153	10198	0.0032	LG09	13840201
1154	10207	-0.0085	LG12	19645674
1155	10210	-0.0028	LG07	8879525
1156	10217	-0.008	LG12	22048248
1157	10222	-0.0014	LG03	27941905
1158	10226	-0.0017	LG21	6811994
1159	10236	6e-04	LG23	16472284
1160	10240	0.0066	LG23	10235311
1161	10263	0.0123	LG12	5229610
1162	10276	0.0266	LG05	19239849
1163	10285	-0.0051	LG07	14894969
1164	10291	0.0051	LG10	6547702
1165	10292	0.0088	LG15	9544100
1166	10295	0.0068	LG12	23243263
1167	10306	0.0188	LG14	15462903
1168	10307	-0.0096	LG11	5262579
1169	10316	-0.0032	LG22	16614805
1170	10319	-9e-04	LG23	12543949
1171	10334	0.0045	LG13	17465274
1172	10342	-0.0028	LG16	23334848
1173	10366	0.019	LG01	7718267
1174	10374	0.0063	LG02	22089412
1175	10392	0.0046	LG08	22476566
1176	10396	0.0037	LG10	7240187
1177	10399	-0.0015	LG01	22235777
1178	10401	-0.0094	LG08	23374487
1179	10413	0.0435	LG03	19637006
1180	10441	-0.0012	LG21	10658867
1181	10456	0.028	LG12	11310204
1182	10460	-0.0017	LG13	6966466
1183	10462	4e-04	LG14	11822248
1184	10471	0.0111	LG16	16729483
1185	10475	0.0112	LG15	9190720
1186	10477	0.0016	LG01	18299147
1187	10488	-0.0013	LG05	5151374
1188	10514	-0.0044	LG23	21207956
1189	10524	0.0157	LG01	15222575
1190	10530	0.0042	LG20	5796135
1191	10552	-0.0039	LG21	7506255
1192	10560	1e-04	LG17	11340830
1193	10568	0.0038	LG20	21700706
1194	10577	1e-04	LG02	21140684
1195	10580	0.0252	LG10	20152067
1196	10585	0.0018	LG04	22250919
1197	10595	-0.003	LG18	19191660
1198	10598	-0.0012	LG23	11912700
1199	10620	0.0048	LG19	1053140
1200	10648	0.0024	LG05	11265067
1201	10665	0.0034	LG03	22711876
1202	10675	-0.002	LG23	19071795
1203	10676	0.0183	LG21	3879500
1204	10685	0.0326	LG03	11289964
1205	10687	5e-04	LG09	17530179
1206	10691	7e-04	LG15	8792435
1207	10698	0.018	LG12	12379590
1208	10706	0.0766	LG04	9581815
1209	10718	0.0024	LG12	19212702
1210	10726	0.0109	LG08	12138119
1211	10732	9e-04	LG20	10708777
1212	10745	0.009	LG23	6514744
1213	10752	0.003	LG13	15104410
1214	10758	0.0169	LG12	14411711
1215	10760	0.0032	LG18	19613888
1216	10799	0.0578	LG11	13643360
1217	10828	-0.0048	LG11	16821051
1218	10839	-6e-04	LG15	20569522
1219	10840	4e-04	LG17	2067492
1220	10848	0.0046	LG13	19995938
1221	10849	0.0167	LG05	20154474
1222	10857	-0.0011	LG04	19775761
1223	10860	6e-04	LG03	10767775
1224	10885	-0.0103	LG08	21474587
1225	10886	-0.0106	LG11	10701151
1226	10894	0.0123	LG18	11058911
1227	10910	0.0238	LG03	12292138
1228	10913	0.1541	LG07	20467284
1229	10928	1e-04	LG23	8351205
1230	10951	0.025	LG08	16407110
1231	10953	-0.0048	LG21	14345198
1232	10954	0.0254	LG14	13316350
1233	10960	-3e-04	LG13	24575456
1234	10979	0.024	LG19	10854621
1235	10991	0.0504	LG08	25784412
1236	10995	-0.0112	LG10	5381301
1237	10999	0.002	LG07	14769705
1238	11001	-0.0055	LG03	14489701
1239	11008	0.0376	LG06	9463080
1240	11013	0.0074	LG11	16408884
1241	11018	0.0012	LG09	1255390
1242	11019	0.0323	LG11	17081030
1243	11048	-0.0023	LG22	635074
1244	11049	0.0061	LG10	12577783
1245	11052	0.0127	LG05	8177311
1246	11054	0.0124	LG01	22931034
1247	11056	0.0072	LG09	17620838
1248	11065	-0.0072	LG06	9702309
1249	11090	0.0098	LG17	6752875
1250	11115	0.013	LG01	9595976
1251	11119	-0.005	LG13	16168416
1252	11126	0.0297	LG08	663344
1253	11132	3e-04	LG08	8582009
1254	11133	0.0184	LG15	24264749
1255	11140	-0.0066	LG01	11291570
1256	11144	0.0173	LG22	17277163
1257	11146	0.0059	LG20	10708865
1258	11149	-0.0102	LG07	14869558
1259	11165	0.0013	LG10	22994901
1260	11166	0.0136	LG03	2817506
1261	11170	0.0136	LG13	20663798
1262	11175	0.0097	LG03	20693188
1263	11176	3e-04	LG07	27362617
1264	11182	0.017	LG23	19306796
1265	11190	-0.002	LG19	14330578
1266	11191	-0.007	LG05	20436363
1267	11209	-0.0026	LG09	23570711
1268	11214	0.032	LG02	22650212
1269	11216	0.0057	LG07	9149874
1270	11222	-0.0072	LG19	7639504
1271	11225	0.0289	LG13	20699326
1272	11244	0.0494	LG04	34560907
1273	11254	-0.0036	LG05	21626691
1274	11260	0.0019	LG08	14170755
1275	11262	0.0139	LG20	3439675
1276	11268	0.0031	LG21	11120561
1277	11273	0.011	LG02	17972205
1278	11282	-0.0033	LG11	2541278
1279	11290	0	LG03	12068762
1280	11299	-0.0047	LG11	21449192
1281	11300	0.007	LG08	22239235
1282	11304	0.013	LG02	4112741
1283	11307	0.0127	LG09	12988378
1284	11313	-0.0011	LG14	11519823
1285	11336	0.0133	LG23	17114644
1286	11337	4e-04	LG17	15326186
1287	11343	0.0058	LG23	6939864
1288	11348	0.0016	LG13	5718070
1289	11367	-0.0057	LG22	5685661
1290	11370	-0.0025	LG01	17483374
1291	11408	0.004	LG10	6902002
1292	11415	7e-04	LG12	25161775
1293	11433	0.0049	LG15	21253207
1294	11447	0.0063	LG14	8514447
1295	11454	0.0083	LG18	7277678
1296	11469	-5e-04	LG22	4116742
1297	11479	-0.0025	LG01	24916735
1298	11483	0.003	LG05	16568600
1299	11486	0.0153	LG15	10839727
1300	11488	2e-04	LG07	27215381
1301	11505	0.0185	LG15	4956975
1302	11506	0.0066	LG12	24036984
1303	11509	0.0049	LG05	3589620
1304	11520	0.0256	LG18	17374494
1305	11521	0.0146	LG06	11046781
1306	11535	0.0058	LG11	27770790
1307	11546	-0.0015	LG10	12653334
1308	11552	-0.0013	LG15	14987505
1309	11563	0.0113	LG06	6489767
1310	11565	0.0144	LG22	16696270
1311	11566	0.0012	LG07	28941938
1312	11574	-0.002	LG17	10579200
1313	11576	-0.0028	LG07	10877109
1314	11579	-2e-04	LG13	17644758
1315	11591	-0.0091	LG12	9634261
1316	11594	0.0014	LG11	11876000
1317	11611	-0.0061	LG22	18943071
1318	11627	-0.009	LG04	6571022
1319	11638	0.0331	LG09	24432292
1320	11670	0.0216	LG21	19073942
1321	11675	0.0014	LG23	9980807
1322	11686	-0.0117	LG19	20003266
1323	11717	0.0052	LG05	22040377
1324	11725	-0.0075	LG04	19611569
1325	11736	-0.0022	LG04	23393908
1326	11741	0.1386	LG23	18628873
1327	11749	-0.0094	LG14	22298004
1328	11759	0	LG08	18102613
1329	11760	2e-04	LG07	9519203
1330	11762	-0.0014	LG04	4067370
1331	11768	0.0225	LG07	21989855
1332	11770	0.0198	LG12	5439863
1333	11783	0.0042	LG03	17011557
1334	11789	0.0033	LG15	19532910
1335	11805	-0.0089	LG12	25684710
1336	11841	-0.0018	LG15	17272691
1337	11843	-0.0054	LG16	8907544
1338	11846	0.0131	LG21	7885294
1339	11848	0.01	LG09	11140996
1340	11849	0.0076	LG09	12564139
1341	11851	0.002	LG22	2223692
1342	11859	0.0248	LG17	5512636
1343	11860	0	LG07	24334636
1344	11871	-0.0017	LG16	7631345
1345	11872	-0.0035	LG16	8113974
1346	11878	-0.0053	LG12	7385906
1347	11880	-0.0101	LG12	8638270
1348	11886	0.0018	LG07	25941514
1349	11896	-0.0035	LG04	26693499
1350	11899	0.0019	LG16	16177834
1351	11902	-0.0064	LG07	22046260
1352	11905	0	LG03	970105
1353	11910	0.0068	LG10	22004313
1354	11912	-0.003	LG11	25064455
1355	11926	0.0081	LG17	10408429
1356	11947	-0.0031	LG15	7306164
1357	11951	-0.0022	LG18	22543425
1358	11954	-0.0034	LG10	2256027
1359	11964	0.003	LG17	15924327
1360	11978	0.0091	LG11	8976665
1361	11983	-0.0036	LG20	11328196
1362	11988	0.0114	LG13	7790511
1363	11990	0.1241	LG15	25370491
1364	11992	-0.0049	LG12	19963181
1365	11997	0	LG07	11912940
1366	12001	4e-04	LG01	15477998
1367	12025	5e-04	LG15	25246517
1368	12028	8e-04	LG13	1250680
1369	12054	0.0058	LG17	4393620
1370	12064	0.017	LG08	10043041
1371	12065	0.023	LG02	9912651
1372	12070	-0.0038	LG15	23757783
1373	12083	0.0234	LG13	13895706
1374	12087	-6e-04	LG03	25954272
1375	12099	0.0068	LG15	2399558
1376	12120	0.0126	LG17	11202738
1377	12122	-0.0042	LG11	27973144
1378	12158	0.0327	LG14	2519559
1379	12161	-7e-04	LG02	704956
1380	12182	0.0176	LG10	11702412
1381	12184	0.0031	LG19	15296445
1382	12199	0.0263	LG10	16892873
1383	12201	-0.01	LG09	14680579
1384	12206	-3e-04	LG15	17049341
1385	12213	-0.0062	LG20	6716434
1386	12218	0.0028	LG16	27383916
1387	12233	0.1174	LG15	2168412
1388	12242	0.0165	LG18	18874747
1389	12254	-0.0055	LG11	10063725
1390	12255	0.0143	LG21	22222499
1391	12291	0.0053	LG05	14410867
1392	12294	0.0493	LG19	4553077
1393	12299	0.012	LG07	26908342
1394	12303	0.0317	LG07	21866660
1395	12309	-0.003	LG19	19586926
1396	12320	-0.0016	LG20	9208037
1397	12322	-0.0039	LG18	3184470
1398	12331	0.002	LG04	18954802
1399	12332	2e-04	LG20	3304957
1400	12337	-0.0039	LG05	17283576
1401	12394	0.0059	LG07	27314143
1402	12401	0.0457	LG13	25603015
1403	12403	0.0142	LG12	12909587
1404	12431	0.0042	LG11	27862706
1405	12458	-0.0072	LG21	21179787
1406	12474	-0.0064	LG12	19929123
1407	12477	-0.0075	LG06	6779590
1408	12479	-0.0032	LG20	11076403
1409	12520	-0.0017	LG20	9309314
1410	12521	-0.0039	LG08	19539358
1411	12534	0.0082	LG16	18241212
1412	12537	0.0085	LG22	2287224
1413	12541	0.0164	LG19	15079031
1414	12554	0.0119	LG09	24497475
1415	12555	0.0336	LG23	12601838
1416	12559	0.0046	LG23	21947173
1417	12568	-0.0028	LG23	3548982
1418	12570	0.013	LG04	15462653
1419	12578	9e-04	LG07	10968252
1420	12579	0.0361	LG03	5782208
1421	12600	0.0151	LG23	16671202
1422	12605	0.0143	LG11	24712171
1423	12606	-0.0108	LG14	28477348
1424	12615	0.0067	LG23	17463133
1425	12622	-0.0032	LG14	2527534
1426	12623	0.0062	LG03	23860880
1427	12636	-0.0056	LG17	15217183
1428	12639	0.0378	LG20	15594600
1429	12641	-0.0056	LG03	5337885
1430	12648	3e-04	LG09	20115383
1431	12649	0.0109	LG03	27466090
1432	12652	-0.0081	LG02	2196715
1433	12664	-0.0038	LG15	5039497
1434	12668	0.0083	LG12	20070737
1435	12670	0.0271	LG05	11651084
1436	12705	1e-04	LG18	9156806
1437	12707	-0.009	LG14	22288613
1438	12711	0.1109	LG22	19701486
1439	12720	0.0066	LG02	1753113
1440	12723	0.0026	LG16	25058738
1441	12725	-3e-04	LG10	10819623
1442	12729	-3e-04	LG03	21639916
1443	12734	-0.0033	LG03	21918122
1444	12736	6e-04	LG22	12325865
1445	12746	0.0125	LG06	5825278
1446	12747	4e-04	LG14	25735359
1447	12758	-0.0056	LG23	18804744
1448	12770	-0.0037	LG12	21570169
1449	12775	-0.0067	LG21	8664788
1450	12779	0.0976	LG03	16893706
1451	12793	0.0553	LG01	9691847
1452	12810	0.003	LG11	7562224
1453	12813	0.004	LG12	6182623
1454	12823	0.0018	LG05	9109345
1455	12824	-0.0082	LG16	22857426
1456	12851	5e-04	LG12	24393793
1457	12866	0.0155	LG14	28684850
1458	12869	-0.0036	LG14	24287175
1459	12877	-0.0055	LG01	22265414
1460	12881	0.008	LG03	22108213
1461	12884	0.0068	LG14	17957451
1462	12886	0.0134	LG23	8197999
1463	12889	0.0015	LG11	6356698
1464	12892	-0.006	LG03	714072
1465	12897	0.0176	LG11	6504285
1466	12903	0.0015	LG11	21543078
1467	12916	0.0208	LG10	23265400
1468	12917	7e-04	LG01	9329019
1469	12922	0.0112	LG03	24368355
1470	12925	0.0086	LG16	17738268
1471	12942	-0.0077	LG11	22635948
1472	12946	0.0077	LG07	26921264
1473	12952	8e-04	LG04	15935786
1474	12956	-0.0043	LG15	25165052
1475	12962	3e-04	LG07	20991578
1476	12972	0.0041	LG16	17979586
1477	12979	-9e-04	LG17	11969763
1478	12982	6e-04	LG04	22046280
1479	12987	0.0021	LG10	7768031
1480	12990	0.0021	LG09	7893287
1481	13020	0.013	LG01	6378884
1482	13038	-0.0078	LG02	5142106
1483	13041	0.0249	LG01	10868696
1484	13054	-0.0115	LG09	16092904
1485	13066	-0.0115	LG05	10679060
1486	13081	0.0038	LG05	12942571
1487	13082	0.006	LG15	18002680
1488	13083	0.0021	LG16	8943019
1489	13090	-0.0052	LG01	2507110
1490	13100	-0.0066	LG05	5100690
1491	13107	0.0103	LG11	13398459
1492	13125	0.0028	LG10	11392859
1493	13135	0.0105	LG01	17894333
1494	13142	0.0038	LG01	8383158
1495	13148	0.012	LG06	10767220
1496	13152	-0.0025	LG18	22541017
1497	13162	0.0116	LG01	4650983
1498	13163	0.0034	LG09	23918871
1499	13167	0.0021	LG22	12603468
1500	13176	-0.0027	LG12	10454950
1501	13188	4e-04	LG14	4639051
1502	13196	0.0057	LG17	9348149
1503	13198	0.0059	LG07	11977671
1504	13207	0.0286	LG09	19949567
1505	13209	0.0113	LG15	12653317
1506	13218	0.0178	LG21	21326887
1507	13221	-0.0016	LG16	670370
1508	13241	3e-04	LG08	18014083
1509	13242	0.0093	LG15	13956318
1510	13253	-0.0096	LG23	7729126
1511	13276	-0.0029	LG01	13203369
1512	13285	0.006	LG12	18663488
1513	13286	0.1176	LG06	3570877
1514	13291	-0.0087	LG03	19837311
1515	13297	-5e-04	LG16	24748163
1516	13301	-4e-04	LG10	17347191
1517	13308	0.0042	LG06	6089527
1518	13318	0.0065	LG13	3584634
1519	13321	-0.0114	LG02	21828564
1520	13322	0.0095	LG14	23076947
1521	13341	-0.0048	LG06	10553940
1522	13345	0.0054	LG05	63205
1523	13352	0.0121	LG16	2319360
1524	13355	0.0012	LG11	13376613
1525	13369	0.0108	LG17	6882621
1526	13399	0.0092	LG20	18123036
1527	13406	0.0736	LG16	30901281
1528	13408	0.0222	LG12	11313784
1529	13411	0.1805	LG14	3709681
1530	13430	0.0295	LG14	25158945
1531	13443	0.0058	LG04	13609177
1532	13458	-0.0122	LG12	7732046
1533	13462	0	LG23	14995379
1534	13463	0.0033	LG03	17403120
1535	13468	-0.0066	LG14	22542776
1536	13478	-0.0011	LG02	21036308
1537	13505	0.057	LG18	7040279
1538	13514	-0.0074	LG13	3195046
1539	13518	0.0054	LG21	12948521
1540	13523	0.0229	LG23	22378811
1541	13525	8e-04	LG14	2593121
1542	13533	-0.0015	LG16	10109648
1543	13552	-0.0046	LG21	15321811
1544	13556	0.0336	LG07	545999
1545	13574	-0.0015	LG21	21915733
1546	13575	7e-04	LG06	6229225
1547	13583	0.006	LG03	17439369
1548	13597	2e-04	LG15	8387655
1549	13600	-0.0067	LG16	6622274
1550	13608	5e-04	LG22	4982979
1551	13610	0.0284	LG18	18734658
1552	13627	-0.0037	LG06	3338770
1553	13631	-0.0013	LG05	19888628
1554	13641	-0.0018	LG20	22149764
1555	13650	-0.0063	LG23	14136677
1556	13656	-5e-04	LG23	6939776
1557	13693	0.0639	LG19	18386627
1558	13721	0.003	LG09	20115295
1559	13724	0.1074	LG08	21563933
1560	13725	-0.0064	LG16	24533622
1561	13738	-0.0044	LG08	20524780
1562	13756	1e-04	LG23	7751151
1563	13762	0.0216	LG13	8670969
1564	13766	6e-04	LG01	26270788
1565	13769	-0.0022	LG03	16947873
1566	13774	-0.0012	LG16	24085921
1567	13791	-0.001	LG10	12697932
1568	13796	-0.0089	LG03	5379523
1569	13802	1e-04	LG18	13884781
1570	13818	-0.0014	LG16	9080244
1571	13845	0.0067	LG04	25562752
1572	13850	0.0097	LG03	5549748
1573	13857	-0.004	LG19	3501506
1574	13860	0.0219	LG15	16643517
1575	13880	7e-04	LG11	27245517
1576	13881	-0.0022	LG10	5762212
1577	13892	0.0393	LG19	16044478
1578	13902	0.0034	LG05	5860607
1579	13911	0.0706	LG14	16316919
1580	13917	-0.0047	LG06	6569806
1581	13923	-0.0029	LG01	28259281
1582	13925	0.0037	LG08	14666259
1583	13935	-0.0029	LG07	20916719
1584	13937	1e-04	LG01	5901020
1585	13940	0.0472	LG09	11496126
1586	13960	0.0081	LG23	22378723
1587	13979	0.012	LG05	14406847
1588	13982	0.0428	LG19	11889636
1589	13991	-0.0031	LG06	2695268
1590	14006	3e-04	LG16	24742755
1591	14011	0.0738	LG13	21916385
1592	14020	-0.0085	LG11	21264705
1593	14032	0.0088	LG03	7893897
1594	14044	0.0099	LG08	12687954
1595	14045	6e-04	LG17	18367227
1596	14059	0.0061	LG20	11201299
1597	14075	0.0054	LG23	4746307
1598	14115	0.0033	LG23	1801745
1599	14117	-0.0058	LG20	4500729
1600	14122	0.0032	LG13	14951265
1601	14127	0.0089	LG14	4585306
1602	14130	-8e-04	LG17	8854517
1603	14131	0.0186	LG11	9371620
1604	14140	0.0024	LG06	7517417
1605	14143	0.0158	LG17	13948333
1606	14166	0.0021	LG15	21897538
1607	14171	-0.0018	LG22	12059848
1608	14174	4e-04	LG18	22110953
1609	14190	0.0055	LG10	12653246
1610	14199	0.0426	LG16	14420852
1611	14208	-0.01	LG14	24262617
1612	14213	0.0245	LG21	6057118
1613	14234	0.0166	LG01	5909093
1614	14236	0.1032	LG20	21758312
1615	14249	0.0273	LG02	17331983
1616	14260	0.0335	LG09	16137299
1617	14268	0.0061	LG18	5485921
1618	14287	0.0048	LG10	7429779
1619	14293	0.0112	LG02	4229502
1620	14298	0.0586	LG06	2745165
1621	14300	0.0165	LG05	4212380
1622	14305	-0.001	LG23	4802793
1623	14311	0.039	LG20	15345806
1624	14327	0.0176	LG16	8985041
1625	14329	-1e-04	LG01	5404659
1626	14341	0.0449	LG14	29162427
1627	14344	0.1052	LG01	2557271
1628	14364	0.0146	LG04	5000575
1629	14365	0.0041	LG13	3111674
1630	14379	3e-04	LG01	3282792
1631	14380	7e-04	LG16	6493538
1632	14405	-0.0047	LG16	11024455
1633	14432	0.0026	LG03	10654173
1634	14448	-0.0065	LG02	21558567
1635	14459	0.0347	LG03	28067721
1636	14461	0.0034	LG01	15523673
1637	14472	0.0087	LG04	30956502
1638	14474	-0.0133	LG07	17381364
1639	14475	-2e-04	LG19	12036721
1640	14492	-0.0053	LG14	21336299
1641	14495	-0.0102	LG12	17024962
1642	14502	0.0041	LG15	7810607
1643	14505	0.0024	LG13	21021074
1644	14506	0.0072	LG19	5819502
1645	14514	0.2285	LG04	13820960
1646	14517	7e-04	LG14	6015956
1647	14526	-2e-04	LG10	16803171
1648	14532	0.0054	LG23	13828739
1649	14536	0.0105	LG11	27881862
1650	14550	-0.002	LG19	5644780
1651	14554	0.0866	LG10	3092111
1652	14555	0.0066	LG09	17882027
1653	14572	-0.0088	LG06	3819643
1654	14592	0.0015	LG22	14345474
1655	14593	0.0034	LG06	13656731
1656	14594	0.005	LG09	7829697
1657	14596	-0.0044	LG05	16175181
1658	14618	-0.0031	LG11	3238756
1659	14620	-0.0101	LG14	7777852
1660	14634	0.0016	LG01	26802776
1661	14635	-0.0035	LG02	20550530
1662	14640	0.0232	LG07	13545769
1663	14641	0.0026	LG18	20610762
1664	14655	0.0127	LG02	8606584
1665	14661	0.0354	LG01	9665708
1666	14666	0.0137	LG12	7566813
1667	14696	9e-04	LG04	27711493
1668	14702	0.012	LG14	8731298
1669	14714	0.0105	LG17	14503970
1670	14720	-0.0012	LG01	14360204
1671	14727	-0.0072	LG17	18986709
1672	14740	-0.0131	LG17	10865346
1673	14741	0.0028	LG21	6153416
1674	14754	0.0662	LG03	15653987
1675	14755	0.0025	LG09	20338374
1676	14758	0.0021	LG13	3432489
1677	14764	-0.0129	LG20	20813925
1678	14765	-0.0046	LG18	17770724
1679	14783	-0.002	LG19	19801598
1680	14803	0.0144	LG20	11246237
1681	14810	-0.0048	LG07	12619906
1682	14814	-0.0031	LG01	4757332
1683	14824	0.0104	LG05	22503857
1684	14839	-0.0055	LG14	8562765
1685	14852	0.0024	LG16	23792477
1686	14864	-0.0046	LG14	12377418
1687	14869	-0.0014	LG13	19009416
1688	14890	0.0033	LG02	3068799
1689	14897	0.0051	LG05	21210136
1690	14906	0.0023	LG06	18358526
1691	14913	0.0027	LG23	8352641
1692	14920	0.0333	LG11	13818187
1693	14922	-0.0021	LG23	5120488
1694	14924	-0.0043	LG16	19012423
1695	14930	7e-04	LG17	6469854
1696	14932	-0.0023	LG06	24003056
1697	14934	0.046	LG01	17381925
1698	14955	0.0101	LG06	4090145
1699	14968	-0.0065	LG18	11175149
1700	14972	-0.0028	LG03	23204521
1701	14979	-0.0095	LG17	8156150
1702	14990	-0.0063	LG13	8544475
1703	14992	-0.0073	LG14	27104608
1704	14997	-0.006	LG18	7269364
1705	14999	0.0128	LG07	11429270
1706	15003	-3e-04	LG12	8128215
1707	15007	-0.005	LG02	8436896
1708	15017	0.0092	LG12	6450207
1709	15037	-0.0071	LG01	13433828
1710	15039	-0.007	LG21	7743800
1711	15061	0.0108	LG12	11994413
1712	15069	-0.0022	LG03	20311656
1713	15086	-0.0107	LG05	10725484
1714	15098	7e-04	LG22	4547122
1715	15114	0.004	LG11	11123840
1716	15122	-0.0064	LG23	8708221
1717	15140	-0.0012	LG06	5825366
1718	15145	-0.0022	LG13	3341126
1719	15165	-6e-04	LG16	22293396
1720	15185	0.0056	LG18	18731251
1721	15217	5e-04	LG01	6363572
1722	15229	-0.0055	LG17	10830659
1723	15232	1e-04	LG01	1020445
1724	15234	0.0115	LG10	15260066
1725	15239	2e-04	LG14	8514359
1726	15240	-0.0079	LG01	7286931
1727	15242	0.0138	LG12	25621100
1728	15256	0.0022	LG12	446630
1729	15267	-0.0065	LG22	5820699
1730	15269	0.0259	LG01	7489971
1731	15274	0.0734	LG15	5888323
1732	15279	-5e-04	LG05	23371420
1733	15293	0.0067	LG20	22046387
1734	15308	-0.0062	LG05	10331545
1735	15311	2e-04	LG09	14890489
1736	15313	-1e-04	LG10	14212835
1737	15316	-0.0042	LG14	14880637
1738	15326	0.0117	LG15	21253119
1739	15332	0.0151	LG06	11688414
1740	15351	0.0068	LG17	9439339
1741	15354	0.0106	LG11	19828160
1742	15373	-0.0051	LG20	10902738
1743	15378	-0.0034	LG18	153762
1744	15382	-0.0039	LG05	11546705
1745	15386	0.005	LG03	11769363
1746	15398	0.0025	LG15	18062209
1747	15401	0.0105	LG15	4294985
1748	15407	-0.0033	LG06	21582654
1749	15411	0.0247	LG16	3482796
1750	15419	0.0161	LG18	19657777
1751	15427	0.0087	LG01	17088969
1752	15432	-0.0047	LG08	10804836
1753	15442	3e-04	LG03	23446575
1754	15443	0.003	LG01	20190362
1755	15459	-0.005	LG18	14866493
1756	15473	0.0048	LG07	18504448
1757	15474	-0.0052	LG15	17483500
1758	15494	0.0164	LG05	18979819
1759	15507	0.0019	LG15	17152729
1760	15508	0.0268	LG15	10903474
1761	15527	-0.009	LG21	9637925
1762	15528	0.0064	LG16	13025420
1763	15543	-0.0017	LG01	3923225
1764	15546	0.0099	LG13	12413111
1765	15557	0.016	LG02	9912739
1766	15568	0.0734	LG08	13237425
1767	15571	-0.0095	LG18	1896621
1768	15573	0.0078	LG06	6638277
1769	15586	0.0281	LG09	16189035
1770	15595	-0.0014	LG13	1320012
1771	15604	-0.0077	LG03	23897780
1772	15610	0	LG21	7275660
1773	15614	-0.0036	LG20	15153259
1774	15615	-0.0039	LG06	17092433
1775	15645	5e-04	LG07	21003278
1776	15646	0.0062	LG12	5579243
1777	15650	0.0047	LG09	16091715
1778	15667	0.0117	LG20	23656667
1779	15675	3e-04	LG01	8990063
1780	15677	-0.0036	LG03	24849640
1781	15680	0.0104	LG18	16785048
1782	15708	0.0103	LG01	17762848
1783	15714	-0.0049	LG02	5577796
1784	15735	3e-04	LG02	11907621
1785	15749	0.0241	LG11	2453939
1786	15752	0.0111	LG16	7650464
1787	15754	0.007	LG18	7531815
1788	15756	5e-04	LG11	27938726
1789	15763	-0.0051	LG13	6534830
1790	15780	0.0289	LG23	5975215
1791	15791	0.0127	LG01	141695
1792	15794	3e-04	LG19	13824086
1793	15796	2e-04	LG23	10082796
1794	15805	-0.0034	LG19	7169435
1795	15806	5e-04	LG09	2600547
1796	15808	6e-04	LG20	6786084
1797	15828	0.0016	LG04	18954890
1798	15869	-0.001	LG15	21129965
1799	15872	0.045	LG02	13098019
1800	15881	0.0037	LG08	26492037
1801	15903	-0.0029	LG03	7655613
1802	15907	-0.0014	LG09	9465117
1803	15934	0.0115	LG07	11782849
1804	15954	3e-04	LG11	5805730
1805	15955	-0.0041	LG11	19958585
1806	15968	0.0117	LG19	19746363
1807	16005	-8e-04	LG13	19499378
1808	16009	-0.0065	LG09	17406696
1809	16011	-0.0052	LG18	4992066
1810	16032	0.0072	LG08	6862619
1811	16033	-0.0051	LG01	22274751
1812	16035	0.0089	LG12	18326476
1813	16036	0.0699	LG01	15698538
1814	16039	-5e-04	LG01	3360383
1815	16040	0.016	LG01	214355
1816	16046	0.0137	LG04	8899634
1817	16057	-0.0036	LG21	18063310
1818	16062	-0.0067	LG07	12076536
1819	16063	-7e-04	LG15	10787770
1820	16089	0.0093	LG03	6574564
1821	16098	0.0175	LG23	11428544
1822	16127	-0.0068	LG03	5549836
1823	16134	-0.0021	LG08	8305901
1824	16135	-0.0019	LG11	28354202
1825	16145	0.0256	LG10	19915286
1826	16153	-4e-04	LG18	12549315
1827	16157	-0.0057	LG23	19649645
1828	16165	0.0072	LG08	10923168
1829	16173	-0.0055	LG04	10254916
1830	16175	-0.0077	LG12	10948702
1831	16178	7e-04	LG18	21410134
1832	16180	4e-04	LG23	10509126
1833	16186	-0.0031	LG08	4941063
1834	16187	0.0052	LG13	1500096
1835	16190	-0.0017	LG04	29395045
1836	16205	0.014	LG08	23333714
1837	16208	-0.0029	LG16	15615046
1838	16218	0.0042	LG07	16069098
1839	16227	-0.0043	LG13	17695584
1840	16233	0.0137	LG14	4113927
1841	16238	-0.0026	LG08	5811809
1842	16245	-0.012	LG10	19765296
1843	16257	0.011	LG11	15142617
1844	16261	-0.0044	LG18	9852260
1845	16270	-0.0022	LG11	3234999
1846	16313	-4e-04	LG03	3136811
1847	16332	-0.0013	LG02	563449
1848	16343	-0.0034	LG12	4298091
1849	16352	0.0039	LG16	26257743
1850	16360	0.0035	LG03	7374030
1851	16369	-0.0036	LG13	18299287
1852	16370	0.0121	LG05	7643714
1853	16384	-0.0047	LG15	18797867
1854	16396	0.015	LG02	1855213
1855	16410	0.0148	LG07	6570170
1856	16418	-3e-04	LG23	3906293
1857	16422	0.0039	LG10	18439664
1858	16425	-9e-04	LG07	27583603
1859	16429	0.0055	LG11	11596915
1860	16441	0.0012	LG01	17478244
1861	16456	-0.0056	LG05	4768937
1862	16457	-0.0037	LG15	3946906
1863	16458	-0.0017	LG20	9073013
1864	16474	0.0183	LG04	14767734
1865	16480	-0.0106	LG15	14087189
1866	16482	0.0038	LG13	9438752
1867	16492	-0.0014	LG20	1852056
1868	16504	-0.0081	LG06	23022030
1869	16517	-0.0019	LG23	9899809
1870	16520	-0.0022	LG15	14334485
1871	16535	0.0035	LG15	15737628
1872	16549	-0.0059	LG17	3102403
1873	16560	0.0219	LG19	5063117
1874	16564	-0.005	LG11	4376683
1875	16571	0.007	LG06	7867244
1876	16573	-0.0064	LG07	1633397
1877	16577	0.0172	LG22	4572970
1878	16585	-0.0033	LG17	10579288
1879	16599	-8e-04	LG15	16275261
1880	16612	4e-04	LG10	1560210
1881	16613	-0.0057	LG15	8431933
1882	16615	0.0023	LG21	22174957
1883	16620	0.0064	LG04	18616085
1884	16621	0.0029	LG03	26542928
1885	16650	0.104	LG13	11699849
1886	16667	0.0078	LG09	19262015
1887	16683	0.0029	LG02	5502143
1888	16690	0.002	LG20	19503177
1889	16697	0.0106	LG05	16589226
1890	16698	0.0067	LG08	10896352
1891	16706	0.0194	LG03	8053761
1892	16718	0.0211	LG07	27965978
1893	16742	-0.0034	LG01	1741024
1894	16745	-0.0051	LG22	20148987
1895	16752	0.1031	LG13	7127580
1896	16766	0.0207	LG13	25053940
1897	16787	0.002	LG10	6644405
1898	16789	-0.0035	LG11	18944992
1899	16791	0.0105	LG10	25140041
1900	16820	0.0015	LG12	8664407
1901	16834	0.0838	LG07	28130284
1902	16846	0.0208	LG12	25008399
1903	16858	0.013	LG21	330607
1904	16865	0.0026	LG23	16865370
1905	16874	0.0256	LG16	19137696
1906	16881	0.0054	LG07	15142172
1907	16891	-0.0062	LG16	28854626
1908	16898	0.0017	LG06	23015385
1909	16902	0.01	LG23	17396584
1910	16904	0.0026	LG07	241251
1911	16908	3e-04	LG20	11658627
1912	16911	0.0204	LG08	15039140
1913	16931	0.0041	LG18	19293340
1914	16934	0.0049	LG14	23734811
1915	16944	0.0258	LG04	4758407
1916	16947	0.0407	LG05	3136987
1917	16963	0.0431	LG21	7542984
1918	16965	8e-04	LG08	5811721
1919	16966	-0.0028	LG15	25007035
1920	16967	0.0308	LG09	16123680
1921	16968	0.0021	LG06	17047164
1922	16982	0.0144	LG01	9333078
1923	17002	-0.0013	LG18	16070330
1924	17004	-0.001	LG22	9292673
1925	17016	-0.0027	LG02	12664574
1926	17021	0.0213	LG22	6109204
1927	17038	-0.0104	LG09	17129440
1928	17040	0.0137	LG02	21265012
1929	17046	-0.0057	LG16	10104528
1930	17066	4e-04	LG06	24966019
1931	17070	0.01	LG19	11077729
1932	17073	0.0057	LG02	10365156
1933	17087	0.0127	LG11	11366771
1934	17104	0.0096	LG16	21974523
1935	17106	5e-04	LG14	19739720
1936	17116	0.0438	LG21	12548555
1937	17121	-0.0057	LG01	24067024
1938	17128	0.0215	LG19	19855741
1939	17131	-0.0033	LG22	9318448
1940	17132	-0.0076	LG03	11263632
1941	17134	0.0109	LG03	14854029
1942	17149	0.0067	LG21	2315611
1943	17165	0.009	LG18	21972144
1944	17168	-0.0035	LG08	6570111
1945	17181	-0.0042	LG10	10048933
1946	17182	0.0061	LG13	19947481
1947	17183	0.0047	LG01	14174929
1948	17190	0.016	LG08	15826395
1949	17192	-0.0014	LG21	6931837
1950	17217	-8e-04	LG15	10839639
1951	17237	0.0316	LG21	2997516
1952	17245	-0.002	LG14	19228505
1953	17258	0.0125	LG15	26153891
1954	17267	-0.0086	LG08	12625036
1955	17281	-0.0099	LG01	21440315
1956	17298	0.0329	LG21	3252770
1957	17320	0.0037	LG14	26201708
1958	17322	-0.0077	LG07	13226104
1959	17325	0.002	LG17	6195355
1960	17329	0.0027	LG01	20190450
1961	17332	0.0227	LG02	12300457
1962	17335	0.01	LG15	25184354
1963	17342	-0.0011	LG01	13165795
1964	17343	0.007	LG10	2810907
1965	17347	0.0057	LG06	1844542
1966	17355	0.0073	LG16	19918982
1967	17357	-0.0105	LG04	18182664
1968	17368	0.0224	LG16	28129391
1969	17382	0.0021	LG21	18336350
1970	17384	0.0247	LG09	2170302
1971	17391	-0.0043	LG02	19424468
1972	17399	0.0046	LG18	12589872
1973	17406	0.0162	LG12	8874489
1974	17436	0.0015	LG17	7310136
1975	17440	0.0889	LG11	5861074
1976	17446	0	LG13	11956125
1977	17454	0.014	LG03	24732539
1978	17475	-6e-04	LG20	13890554
1979	17490	-0.0029	LG14	27420218
1980	17497	3e-04	LG18	9760266
1981	17512	0.0104	LG22	4444450
1982	17522	0.0021	LG20	894030
1983	17523	-9e-04	LG21	16251869
1984	17549	0.0119	LG20	14800239
1985	17552	-0.0016	LG19	178221
1986	17580	-0.0046	LG03	5317343
1987	17582	0.0069	LG12	6410601
1988	17586	0.0147	LG13	9571485
1989	17588	-0.0042	LG09	14872263
1990	17592	0.0245	LG13	19931606
1991	17597	-0.001	LG14	7665891
1992	17606	0.0108	LG02	4524449
1993	17615	2e-04	LG22	17373299
1994	17624	-0.0047	LG18	12170837
1995	17625	3e-04	LG14	1955317
1996	17629	-0.0091	LG05	14114194
1997	17631	-0.0046	LG07	17895354
1998	17635	-1e-04	LG19	14330666
1999	17643	0.0095	LG17	10830571
2000	17644	0.0017	LG11	24432463
2001	17654	5e-04	LG14	14918702
2002	17683	0.0072	LG05	12036263
2003	17687	-0.0066	LG21	4600696
2004	17708	-0.0077	LG15	13907715
2005	17709	0.0048	LG11	12700354
2006	17726	0.0484	LG11	16223640
2007	17739	-0.0011	LG13	9164472
2008	17760	-0.002	LG10	18095577
2009	17826	0.0584	LG20	17981362
2010	17835	-0.0018	LG07	9383414
2011	17837	0.0016	LG18	13681410
2012	17856	0.0171	LG08	4176493
2013	17867	-0.0021	LG08	1124351
2014	17870	-0.0043	LG08	13840335
2015	17875	0.0061	LG18	21708197
2016	17879	-0.0071	LG10	2293277
2017	17890	-0.0076	LG22	11257372
2018	17898	-0.0022	LG06	24099530
2019	17901	-0.0028	LG09	16836821
2020	17909	7e-04	LG04	27400513
2021	17912	-0.0018	LG09	23034645
2022	17917	-0.008	LG23	6910701
2023	17923	0.0045	LG18	20853640
2024	17933	0.0051	LG08	25718638
2025	17934	0.0143	LG06	177317
2026	17941	-0.0043	LG16	9896654
2027	17944	-0.0048	LG05	9577848
2028	17951	-0.0042	LG09	14669233
2029	17973	0.0093	LG16	8994042
2030	17978	0.0274	LG02	18279914
2031	17990	0.0404	LG10	13900150
2032	17993	6e-04	LG07	28876115
2033	17999	0.0097	LG10	11365506
2034	18012	-0.0028	LG12	22709819
2035	18028	0.0066	LG20	8934802
2036	18043	0.0147	LG09	17110549
2037	18049	-0.0115	LG02	15045848
2038	18065	0.0069	LG23	23935
2039	18070	-0.0021	LG12	18432995
2040	18073	-0.0106	LG08	18588524
2041	18075	3e-04	LG15	6218214
2042	18094	0.0043	LG18	13222722
2043	18099	4e-04	LG01	18634387
2044	18111	0.0099	LG10	2525180
2045	18120	0.0063	LG06	10569904
2046	18133	-0.0024	LG12	18750265
2047	18142	0.015	LG20	19914321
2048	18166	-2e-04	LG12	567544
2049	18186	-0.0029	LG09	3902933
2050	18188	0.023	LG09	19813932
2051	18191	0.0385	LG15	23717326
2052	18193	0.0157	LG04	26465366
2053	18196	0.0062	LG09	3577647
2054	18236	-0.0011	LG11	5341135
2055	18243	-0.0012	LG23	3883723
2056	18249	0.0021	LG02	565546
2057	18250	0.001	LG11	22636036
2058	18276	0.0763	LG09	1894085
2059	18297	0.0145	LG16	4251988
2060	18312	0	LG17	4416937
2061	18313	0.0054	LG11	8774654
2062	18315	0.0044	LG12	9291719
2063	18319	0.0061	LG09	21889342
2064	18322	-0.0018	LG11	5422392
2065	18328	-0.0019	LG01	4337363
2066	18330	0.0067	LG10	5843219
2067	18331	0.0096	LG22	4794432
2068	18355	0.0083	LG05	11138778
2069	18366	0.0082	LG10	18594290
2070	18398	0.0488	LG22	1046541
2071	18401	-0.0044	LG09	10862292
2072	18404	0.0051	LG15	31666
2073	18415	0.0262	LG03	27141255
2074	18434	0.0034	LG12	23397580
2075	18467	-0.0035	LG13	15756260
2076	18471	0.0079	LG21	9085935
2077	18476	0.0082	LG21	11674406
2078	18478	0.0989	LG12	11760945
2079	18480	0.0237	LG22	407663
2080	18502	0.0049	LG09	940472
2081	18508	0.0102	LG04	20070601
2082	18514	0.0133	LG13	20554528
2083	18517	-4e-04	LG07	16558501
2084	18528	0.0257	LG14	1687979
2085	18535	2e-04	LG03	23373618
2086	18553	0.0362	LG16	13433995
2087	18558	0.0025	LG13	9131344
2088	18571	0.0023	LG11	4312750
2089	18577	0.0129	LG04	25721181
2090	18581	-0.0019	LG21	21143845
2091	18583	0.0106	LG15	7601977
2092	18586	-0.0028	LG13	20555449
2093	18590	0.0184	LG04	4877868
2094	18591	-0.0092	LG13	15078131
2095	18594	0.0138	LG17	17024401
2096	18621	0.0024	LG15	16439929
2097	18628	0.012	LG08	10815737
2098	18629	-0.0072	LG10	8019257
2099	18633	0.1021	LG13	25006236
2100	18648	0.0149	LG04	19725566
2101	18651	0.0289	LG16	25503962
2102	18662	6e-04	LG15	12265718
2103	18678	0.0216	LG16	26034933
2104	18687	-0.0019	LG14	25020971
2105	18694	-0.0035	LG05	21068872
2106	18702	0.0124	LG08	21564021
2107	18704	-0.0026	LG22	2749624
2108	18733	-0.0063	LG20	6483720
2109	18741	0.0011	LG19	8595624
2110	18743	0.0025	LG06	7692783
2111	18754	1e-04	LG10	19102995
2112	18757	-0.0012	LG09	11297595
2113	18760	0.0034	LG20	19627592
2114	18762	0.0084	LG11	9890924
2115	18780	0.0244	LG02	16247404
2116	18782	-0.0048	LG06	23908378
2117	18792	0.0077	LG12	13201639
2118	18796	0.0048	LG07	20918202
2119	18804	0.0032	LG19	19636844
2120	18808	-0.0081	LG14	27046103
2121	18822	0.0144	LG03	4110675
2122	18830	-0.0053	LG14	18092169
2123	18835	0.0114	LG20	23406232
2124	18841	3e-04	LG06	6656691
2125	18879	0.0245	LG11	2695805
2126	18881	0.0034	LG22	7620032
2127	18906	-0.0089	LG05	9579838
2128	18915	0.0053	LG18	14885521
2129	18938	-0.0013	LG23	14589392
2130	18947	0.0052	LG11	8837364
2131	18990	0.0365	LG16	26741031
2132	18994	0.0176	LG03	27850690
2133	19011	7e-04	LG19	19746275
2134	19021	0.0035	LG11	2466205
2135	19031	0.0121	LG01	12492400
2136	19035	0.0225	LG11	23667786
2137	19045	8e-04	LG02	11101487
2138	19046	2e-04	LG07	25485765
2139	19050	0.0123	LG22	5557857
2140	19061	-8e-04	LG20	5261601
2141	19066	2e-04	LG20	3439763
2142	19069	0.053	LG13	1656421
2143	19070	-0.0149	LG20	15779831
2144	19076	0.0065	LG16	28100272
2145	19081	0.0827	LG03	7238162
2146	19098	0.0055	LG14	24096084
2147	19107	0.0054	LG07	25260051
2148	19118	-0.002	LG05	14061436
2149	19126	0.0083	LG02	11403166
2150	19141	-0.003	LG18	8738997
2151	19158	0.0233	LG15	9445017
2152	19165	0.0019	LG05	14114282
2153	19170	0.0021	LG13	10600670
2154	19181	-7e-04	LG18	18862777
2155	19183	2e-04	LG01	4056640
2156	19193	-0.0056	LG15	17580160
2157	19219	0.0026	LG14	22548886
2158	19222	-0.0038	LG12	19916291
2159	19231	-3e-04	LG14	25976208
2160	19232	-0.0061	LG01	6367870
2161	19235	-0.0038	LG19	1397333
2162	19241	0.0017	LG19	10009059
2163	19255	-0.0024	LG03	19837223
2164	19275	0.012	LG03	25242684
2165	19286	-0.0034	LG22	10702229
2166	19294	0.007	LG20	11627795
2167	19304	0.0165	LG20	16370657
2168	19360	0	LG09	21644883
2169	19372	3e-04	LG07	30915399
2170	19391	0.0055	LG15	26295688
2171	19393	0.0025	LG15	14447479
2172	19408	0.0241	LG05	22952177
2173	19438	0.0248	LG16	17321565
2174	19441	8e-04	LG03	5484346
2175	19450	-0.0054	LG05	20850964
2176	19466	0.0271	LG06	22609209
2177	19478	0.0405	LG11	17498265
2178	19502	-0.0112	LG22	17169193
2179	19509	0.0624	LG13	24173924
2180	19520	0.0045	LG07	29868988
2181	19522	0.004	LG05	22307581
2182	19554	0.0304	LG16	415421
2183	19564	-0.0066	LG10	20345887
2184	19592	0.0228	LG03	20800363
2185	19598	-0.0093	LG02	20048778
2186	19626	0.0108	LG13	6621179
2187	19632	0.001	LG07	24868754
2188	19633	0.0078	LG20	9543982
2189	19650	-0.0099	LG21	20367923
2190	19651	-0.0087	LG14	5180737
2191	19679	-5e-04	LG19	12150283
2192	19683	8e-04	LG13	13024843
2193	19685	-0.004	LG07	28686518
2194	19689	-0.0031	LG06	3616089
2195	19712	0.0304	LG16	15208311
2196	19718	-0.0084	LG04	15786063
2197	19720	0.0169	LG14	7840851
2198	19725	-0.0035	LG17	11204349
2199	19740	0.0318	LG04	32561118
2200	19742	0.0113	LG11	658080
2201	19750	-0.0057	LG02	6566985
2202	19752	-0.0088	LG09	14153515
2203	19756	0.0036	LG04	17689844
2204	19758	-3e-04	LG20	13703430
2205	19761	0.0363	LG04	19319412
2206	19765	0.04	LG10	14845344
2207	19768	-0.0032	LG23	13992374
2208	19772	-0.0049	LG17	4161952
2209	19784	0.0052	LG11	19585086
2210	19829	0.0068	LG10	7361517
2211	19830	-0.0055	LG11	18942693
2212	19854	-0.0102	LG19	14775984
2213	19856	0.0096	LG05	19867310
2214	19864	-0.0077	LG16	10083819
2215	19867	0.0167	LG05	14061524
2216	19881	0.0074	LG03	24958507
2217	19885	0.0022	LG17	11215274
2218	19890	2e-04	LG16	6043725
2219	19918	0.0225	LG14	18235511
2220	19923	0.0047	LG08	20933711
2221	19928	-0.0061	LG14	12103261
2222	19937	0.0037	LG05	18997330
2223	19943	0	LG11	5432424
2224	19964	-0.0018	LG11	5576643
2225	19971	4e-04	LG15	18510285
2226	19975	-0.0052	LG03	29149035
2227	19994	0	LG16	27979524
2228	19995	0.0055	LG21	20692491
2229	20017	4e-04	LG15	8397570
2230	20023	2e-04	LG15	21939601
2231	20028	-0.0054	LG07	14687506
2232	20036	-0.0032	LG09	7937542
2233	20042	-0.0025	LG05	12599556
2234	20056	-0.003	LG13	15343655
2235	20068	-1e-04	LG09	23628908
2236	20070	0.0054	LG14	27100953
2237	20078	0.1007	LG16	14766717
2238	20083	-4e-04	LG23	19876950
2239	20085	0.0016	LG16	27127755
2240	20091	0.0415	LG06	6642602
2241	20101	0.0024	LG06	7734851
2242	20125	-0.0018	LG15	9544012
2243	20128	0.0242	LG06	176690
2244	20130	0.0033	LG03	22446759
2245	20140	0.0014	LG11	18447554
2246	20144	8e-04	LG05	14401240
2247	20154	4e-04	LG01	19065023
2248	20195	0.0014	LG01	4436797
2249	20197	0.0118	LG07	21773059
2250	20198	4e-04	LG13	17432380
2251	20222	0.0137	LG01	15949701
2252	20230	0.006	LG16	20860046
2253	20232	0.0102	LG05	10533578
2254	20242	0.0127	LG22	7133742
2255	20245	0.0413	LG01	14915282
2256	20255	0.0085	LG04	17092539
2257	20257	0	LG13	23629689
2258	20270	0.0487	LG08	17349042
2259	20284	-0.0056	LG02	5625109
2260	20285	0.0011	LG08	14206924
2261	20295	0.0127	LG10	24766333
2262	20312	0.019	LG22	14743419
2263	20321	0.0084	LG18	8985599
2264	20336	-0.006	LG21	1739622
2265	20343	-0.0068	LG01	7310623
2266	20354	-0.0047	LG04	25968078
2267	20364	-0.007	LG14	8805051
2268	20373	0.0109	LG02	5899155
2269	20374	0.003	LG22	19950182
2270	20382	0.0055	LG18	22104721
2271	20385	8e-04	LG18	7040191
2272	20395	0.0183	LG07	29553803
2273	20399	-0.001	LG16	24136086
2274	20419	7e-04	LG18	665800
2275	20424	8e-04	LG18	12678763
2276	20437	0.0076	LG01	8869410
2277	20446	-0.0077	LG09	11671951
2278	20449	-0.003	LG05	21122347
2279	20452	4e-04	LG02	11371678
2280	20462	-9e-04	LG22	10749043
2281	20466	0.009	LG22	7682050
2282	20472	-0.0016	LG07	27329202
2283	20473	-6e-04	LG15	24761398
2284	20486	-0.001	LG23	1216584
2285	20500	-0.0102	LG18	6322989
2286	20501	-0.0082	LG02	4299068
2287	20517	0.0051	LG18	19923264
2288	20522	-0.0012	LG09	2507199
2289	20526	-0.0037	LG08	5973861
2290	20530	0.0051	LG08	14072527
2291	20544	0.0047	LG12	6086824
2292	20561	0.0074	LG04	28036248
2293	20573	1e-04	LG05	17773491
2294	20574	0.0148	LG04	25004497
2295	20578	0.0621	LG08	11763653
2296	20586	-0.0025	LG02	23733031
2297	20588	0.0142	LG15	8372922
2298	20604	0.0093	LG16	6738364
2299	20609	0.001	LG14	8091522
2300	20624	0	LG18	13659026
2301	20625	0.006	LG14	3709595
2302	20666	0.0088	LG11	22294272
2303	20672	0.015	LG15	21374181
2304	20681	0.0205	LG16	18531270
2305	20688	0.0088	LG21	15905567
2306	20691	-0.0012	LG15	7901474
2307	20699	-0.0013	LG13	23508293
2308	20705	0.2401	LG06	21055115
2309	20706	0.0023	LG16	5823127
2310	20719	0.0011	LG16	24193447
2311	20732	0.0155	LG14	7233848
2312	20744	0.0103	LG05	23975122
2313	20748	0.0254	LG16	29407735
2314	20753	-0.0044	LG07	27066137
2315	20770	-0.0038	LG13	20742960
2316	20781	0.0144	LG15	10765691
2317	20791	0.0129	LG08	10603909
2318	20810	-0.0022	LG07	5032460
2319	20835	0.0067	LG22	15230255
2320	20859	0.001	LG20	12055040
2321	20885	0.0257	LG07	12288312
2322	20895	-0.0074	LG15	19993255
2323	20908	-0.0047	LG15	8329374
2324	20923	0.0269	LG11	14468605
2325	20926	0.0031	LG01	19851693
2326	20928	-0.0036	LG18	12055207
2327	20929	-1e-04	LG05	17283664
2328	20937	-0.001	LG09	4094091
2329	20990	-0.0036	LG07	21131169
2330	20997	-0.0016	LG18	17575333
2331	21003	-0.0043	LG23	12820690
2332	21007	-0.002	LG10	21861823
2333	21016	-0.001	LG07	23507934
2334	21028	0.0025	LG03	6721861
2335	21046	-0.0026	LG03	18033092
2336	21078	0.0116	LG02	22029483
2337	21092	-0.0026	LG08	24575790
2338	21097	0.0017	LG20	11746796
2339	21107	-0.0016	LG16	20463948
2340	21118	4e-04	LG09	17644011
2341	21119	0.0059	LG20	6179252
2342	21148	0.125	LG22	6221316
2343	21152	0.0066	LG21	19559785
2344	21185	0.003	LG03	12326269
2345	21202	0.0286	LG12	10615963
2346	21239	-0.0152	LG09	19366042
2347	21244	0	LG03	18402039
2348	21256	0.0012	LG11	3027003
2349	21277	0.0012	LG02	18598638
2350	21289	0.0018	LG18	20707834
2351	21290	-0.0073	LG05	16180064
2352	21296	-0.005	LG02	8900071
2353	21313	-0.0016	LG11	852857
2354	21327	0.028	LG03	20363142
2355	21335	-0.0056	LG11	2991166
2356	21360	-0.0064	LG11	16819948
2357	21377	0.0019	LG02	5810716
2358	21383	0.001	LG14	28071137
2359	21402	-0.0122	LG02	2444342
2360	21403	0.0026	LG14	6790576
2361	21419	0.0015	LG04	15849042
2362	21433	-0.004	LG21	3980809
2363	21453	5e-04	LG06	6580009
2364	21454	1e-04	LG09	7105409
2365	21482	-0.0047	LG18	5106734
2366	21488	-0.003	LG04	8724903
2367	21492	0.009	LG14	10086345
2368	21531	0.0016	LG08	15039052
2369	21537	-0.0021	LG22	11444989
2370	21539	-0.0028	LG08	10823636
2371	21554	0.0042	LG16	22857513
2372	21572	0.0615	LG05	4258516
2373	21573	0.0041	LG23	15103569
2374	21583	0.0208	LG01	21139714
2375	21590	-0.0083	LG11	5432942
2376	21596	0.0343	LG18	2607432
2377	21600	4e-04	LG08	7171130
2378	21611	-0.0019	LG06	10068624
2379	21613	-0.0049	LG03	7275254
2380	21624	-0.0015	LG04	8536219
2381	21625	0.0062	LG04	29329140
2382	21633	0.0202	LG16	3885750
2383	21649	0.0014	LG05	13154753
2384	21653	0.0052	LG13	14590679
2385	21666	2e-04	LG18	19530417
2386	21671	-0.0024	LG22	16784220
2387	21681	0.0239	LG10	7779998
2388	21683	-0.0111	LG04	14603051
2389	21686	-0.0024	LG09	13925989
2390	21704	0.0183	LG14	2137806
2391	21720	1e-04	LG01	12649886
2392	21721	0.0136	LG19	7685592
2393	21723	0.0442	LG07	29130898
2394	21726	-0.0047	LG14	5603751
2395	21732	-0.0066	LG05	2375291
2396	21772	0.0071	LG17	6468420
2397	21779	-0.0069	LG14	10097824
2398	21785	-0.0015	LG07	27794160
2399	21786	-0.003	LG23	14033295
2400	21789	-3e-04	LG11	11847676
2401	21798	0.002	LG23	17398726
2402	21800	0.0276	LG10	7362046
2403	21801	0.0054	LG01	3842286
2404	21802	0.0045	LG09	609295
2405	21807	-0.0046	LG11	26732894
2406	21821	-3e-04	LG03	22712251
2407	21827	0.0056	LG13	23147873
2408	21829	0.0122	LG07	19738440
2409	21844	3e-04	LG01	12649886
2410	21851	4e-04	LG17	11697684
2411	21863	-0.0018	LG23	14840096
2412	21874	0.0092	LG07	15564103
2413	21884	0.0059	LG10	18670124
2414	21896	-0.0025	LG13	17395032
2415	21905	0.0017	LG16	28586581
2416	21920	9e-04	LG21	21956905
2417	21989	0.0149	LG14	14128458
2418	21999	-0.0027	LG16	15198199
2419	22001	3e-04	LG20	13259719
2420	22011	0.0207	LG10	4306943
2421	22014	0.0374	LG02	17465390
2422	22020	0.0125	LG06	13229716
2423	22022	0.0255	LG22	11180967
2424	22034	0.005	LG04	23376531
2425	22035	0.0017	LG07	13370025
2426	22087	-0.0026	LG15	12236939
2427	22092	0.0127	LG09	13245403
2428	22104	-0.0018	LG04	28268549
2429	22126	-0.0037	LG19	12047075
2430	22129	0.0307	LG15	18678206
2431	22131	0.0252	LG02	19717408
2432	22145	0.0732	LG11	9814031
2433	22166	0.0099	LG07	14854682
2434	22206	-0.0018	LG12	21990158
2435	22240	-0.0043	LG21	13083088
2436	22246	-0.0027	LG09	16119065
2437	22261	-0.0033	LG04	20221981
2438	22270	0.0142	LG03	2331790
2439	22276	0.0766	LG07	22340068
2440	22282	0.0032	LG14	2687638
2441	22284	0.0434	LG20	406647
2442	22286	1e-04	LG16	10185157
2443	22295	0.0239	LG16	4288722
2444	22303	-0.004	LG07	17494008
2445	22306	-0.0066	LG20	21312840
2446	22324	0.0093	LG07	21203117
2447	22331	6e-04	LG16	3984059
2448	22336	9e-04	LG20	12477427
2449	22364	0.0104	LG22	19950094
2450	22373	-0.006	LG01	23816773
2451	22392	0.0058	LG10	16955644
2452	22396	0.0108	LG19	3812359
2453	22406	0.0082	LG22	15374292
2454	22409	0.0133	LG20	5968841
2455	22410	0.057	LG15	12018193
2456	22430	7e-04	LG07	27902353
2457	22434	0.0021	LG04	15803099
2458	22488	0.0126	LG09	17756102
2459	22526	-0.0058	LG08	24326107
2460	22530	0.0094	LG18	6141261
2461	22539	0.0026	LG03	11485414
2462	22541	-0.0016	LG05	20236929
2463	22563	-0.0048	LG08	11820497
2464	22595	0.0143	LG14	27451587
2465	22626	0.0024	LG08	5588163
2466	22637	0.1174	LG11	24477451
2467	22640	-0.0067	LG09	17652604
2468	22648	0.0079	LG01	4342933
2469	22653	-3e-04	LG19	7855618
2470	22677	0.007	LG13	7980396
2471	22687	0.0203	LG17	4417025
2472	22688	0.0026	LG14	20409170
2473	22698	0.0153	LG09	7438914
2474	22699	-0.0011	LG02	13825179
2475	22707	0.0041	LG02	23145300
2476	22719	0.0117	LG16	26563582
2477	22728	0.0021	LG04	13820872
2478	22729	-0.0026	LG07	24533275
2479	22753	0.0527	LG09	23684868
2480	22761	-0.0015	LG20	20067363
2481	22771	-0.0025	LG10	3784167
2482	22788	0.0165	LG18	11495314
2483	22791	0.036	LG20	406559
2484	22794	0.0098	LG15	24809886
2485	22800	-0.0026	LG03	15388181
2486	22806	3e-04	LG09	12871481
2487	22813	0.002	LG17	945052
2488	22824	8e-04	LG08	24757841
2489	22839	-0.0063	LG15	17946990
2490	22851	-0.0055	LG11	21940307
2491	22862	-0.0102	LG07	17602063
2492	22868	-0.0078	LG17	7022931
2493	22873	0.0122	LG09	12988290
2494	22889	-0.0015	LG15	19171896
2495	22892	0.0181	LG14	8176240
2496	22895	-0.0112	LG03	24988455
2497	22898	-0.0041	LG14	28147577
2498	22899	0.0012	LG22	10850682
2499	22908	-0.0079	LG04	23948172
2500	22913	-4e-04	LG19	16321589
2501	22918	0.0866	LG09	11494887
2502	22921	0.0551	LG06	9693517
2503	22922	-0.0084	LG18	16948854
2504	22923	-2e-04	LG23	22909679
2505	22930	0.0017	LG04	34615017
2506	22931	3e-04	LG01	14391336
2507	22937	0.0016	LG07	23094487
2508	22941	0.0134	LG20	4347686
2509	22950	0.0031	LG14	242580
2510	22954	0.0175	LG15	16462762
2511	22978	-0.0039	LG01	11703390
2512	22983	-0.008	LG03	21749404
2513	22984	-0.0016	LG20	18502803
2514	22989	0.0146	LG07	27407732
2515	23000	0.0014	LG03	24732451
2516	23001	-3e-04	LG03	23423007
2517	23014	-0.0075	LG11	26491712
2518	23026	-0.0015	LG20	5077173
2519	23029	-0.0081	LG03	26493285
2520	23057	0.011	LG01	8762573
2521	23066	-0.0076	LG11	3715071
2522	23076	0.0059	LG08	10423892
2523	23079	-0.004	LG04	21683194
2524	23082	0.0122	LG18	13862641
2525	23094	0.0113	LG11	4350264
2526	23100	-0.0055	LG08	5415753
2527	23111	0.0043	LG09	12799024
2528	23112	0.0068	LG02	19178339
2529	23115	0.0356	LG22	16243903
2530	23124	8e-04	LG23	19544808
2531	23146	-0.0041	LG10	23430455
2532	23150	0.0017	LG11	2463269
2533	23159	2e-04	LG08	24547395
2534	23178	0.007	LG09	20841659
2535	23180	0.0272	LG17	10475862
2536	23182	-0.0011	LG03	24566292
2537	23189	-5e-04	LG10	19767704
2538	23190	0.0091	LG07	6942938
2539	23193	0.0029	LG07	30495206
2540	23201	-3e-04	LG12	10284210
2541	23203	-0.0028	LG02	18131841
2542	23211	-0.0014	LG07	26183959
2543	23214	0.0271	LG23	8604170
2544	23215	4e-04	LG03	6928935
2545	23232	0.0031	LG06	5400756
2546	23233	0.0046	LG05	18045368
2547	23252	-0.0028	LG21	16931771
2548	23258	0.0322	LG12	4735969
2549	23271	-0.0019	LG01	2020904
2550	23272	0.0028	LG18	1075384
2551	23278	5e-04	LG19	12663018
2552	23308	0	LG09	11265092
2553	23331	0.0162	LG20	14544825
2554	23336	0.0311	LG03	11807877
2555	23345	0.0154	LG02	4533055
2556	23346	0.004	LG06	17719747
2557	23351	0.0032	LG22	3637554
2558	23361	0.0366	LG22	12129202
2559	23364	-0.0028	LG21	1951878
2560	23368	0.0121	LG19	11098386
2561	23389	0.011	LG13	20567864
2562	23395	8e-04	LG08	14187546
2563	23402	-0.0115	LG07	30073509
2564	23412	0.0029	LG15	8051383
2565	23413	0.0026	LG16	26990205
2566	23416	-6e-04	LG02	23079533
2567	23422	0.0083	LG04	25712342
2568	23432	-0.009	LG19	16382989
2569	23441	0.0296	LG22	4571253
2570	23448	-0.0025	LG11	26240894
2571	23449	-0.0027	LG01	9519370
2572	23475	-0.0018	LG03	11682954
2573	23493	0.0148	LG17	16135309
2574	23494	-0.0088	LG18	19645350
2575	23500	0.0077	LG05	14113948
2576	23502	0.0543	LG22	20045959
2577	23503	-0.0012	LG13	9971401
2578	23511	-0.004	LG16	4694470
2579	23534	-0.0021	LG23	13337311
2580	23544	0.0179	LG03	17774929
2581	23562	0.0156	LG07	9752923
2582	23563	0.0095	LG07	12349213
2583	23564	0.0157	LG08	25718636
2584	23575	-0.002	LG20	5716729
2585	23580	0.0112	LG08	10125644
2586	23590	-0.0015	LG21	18263949
2587	23593	0.0029	LG08	11824764
2588	23595	0.0169	LG04	6557609
2589	23608	-8e-04	LG23	2056660
2590	23613	-0.001	LG21	19382634
2591	23624	0.0207	LG02	19001001
2592	23627	-0.0054	LG22	11043718
2593	23633	-0.0011	LG16	11778376
2594	23645	-9e-04	LG17	18938718
2595	23649	0.0105	LG08	22941280
2596	23650	4e-04	LG06	17098228
2597	23685	-6e-04	LG15	10818312
2598	23694	-9e-04	LG14	27086884
2599	23705	0.0425	LG04	30578350
2600	23706	-0.0025	LG03	23466014
2601	23709	0.0416	LG11	12516720
2602	23717	0.0168	LG01	17410032
2603	23724	0.0249	LG16	12539489
2604	23727	0.0352	LG18	6540727
2605	23732	-0.0033	LG03	18399324
2606	23747	-0.0024	LG20	22803965
2607	23758	0.0284	LG16	21133818
2608	23776	-0.0026	LG14	2289824
2609	23788	9e-04	LG06	19578433
2610	23792	-0.0088	LG13	18856816
2611	23824	-0.0103	LG04	1450506
2612	23827	0.0018	LG15	12270324
2613	23836	7e-04	LG01	17891826
2614	23838	0.0276	LG02	11039942
2615	23845	-2e-04	LG04	17671956
2616	23847	0.0241	LG04	20747991
2617	23848	-0.0043	LG17	12182417
2618	23858	-0.0059	LG19	12740514
2619	23863	-0.0093	LG03	8123980
2620	23870	0.0049	LG16	17425331
2621	23883	-0.0032	LG13	23701508
2622	23884	-0.0019	LG04	20800759
2623	23886	0.0016	LG15	19219373
2624	23914	-8e-04	LG23	10085963
2625	23915	0.0033	LG01	26446274
2626	23920	4e-04	LG20	4206449
2627	23924	0.0098	LG09	10911434
2628	23929	0.0032	LG15	11597683
2629	23935	0.0258	LG09	9937787
2630	23940	-0.005	LG04	30860184
2631	23944	0.0295	LG07	14383434
2632	23950	0.0144	LG22	4037329
2633	23964	-0.0061	LG04	29517813
2634	23974	0.0228	LG16	15846200
2635	23977	0.0032	LG12	25429189
2636	23980	0.0197	LG08	7162711
2637	23986	-0.0015	LG07	11698160
2638	23992	0.0054	LG07	2322767
2639	24005	-0.0015	LG20	16265452
2640	24009	0.0206	LG05	12735878
2641	24025	-0.0018	LG16	28685001
2642	24028	0.0071	LG06	10474106
2643	24029	0.0175	LG15	20569610
2644	24031	0.0132	LG21	20491855
2645	24036	-0.0035	LG15	15428650
2646	24062	-0.0069	LG18	13591321
2647	24077	0.001	LG18	153762
2648	24083	0.0071	LG01	4439028
2649	24089	0.0132	LG18	11306607
2650	24090	0.0101	LG14	7610411
2651	24098	4e-04	LG14	11755005
2652	24101	0.0205	LG02	21722681
2653	24115	0.0258	LG16	27776424
2654	24124	0.0042	LG11	4847996
2655	24135	7e-04	LG13	6936637
2656	24136	0.0059	LG23	6885062
2657	24158	-0.0038	LG20	1953008
2658	24167	-0.0026	LG14	2490084
2659	24194	0.0019	LG03	23926965
2660	24196	0.0013	LG11	3832245
2661	24219	0.004	LG16	8745678
2662	24222	0.0112	LG09	2832681
2663	24253	-0.0106	LG08	25535822
2664	24265	-0.0103	LG23	8127529
2665	24279	0.0095	LG19	18761611
2666	24284	-5e-04	LG16	10938452
2667	24287	-0.0021	LG07	18609422
2668	24292	0.0062	LG21	5281194
2669	24307	0.0021	LG10	18499922
2670	24309	3e-04	LG21	9666423
2671	24334	0.029	LG11	19199537
2672	24342	0.0018	LG14	9467759
2673	24348	0.0103	LG03	9050793
2674	24372	-0.0127	LG01	17254201
2675	24389	1e-04	LG12	12107149
2676	24407	0.0119	LG18	21802361
2677	24409	-0.0049	LG05	14290735
2678	24414	0.0111	LG07	25379906
2679	24415	-3e-04	LG08	18766557
2680	24421	0.0068	LG19	3547594
2681	24433	8e-04	LG21	13109523
2682	24436	0.0053	LG01	6191353
2683	24444	-0.0055	LG10	25232300
2684	24451	1e-04	LG14	4188617
2685	24454	0.0062	LG21	6228229
2686	24464	0.0044	LG13	5444037
2687	24467	4e-04	LG07	15454584
2688	24470	0.0021	LG12	19492656
2689	24471	0.0033	LG21	6153504
2690	24478	0.0135	LG18	19330205
2691	24485	0.0181	LG15	25286539
2692	24504	-0.0089	LG05	11587563
2693	24517	-0.0076	LG15	25563960
2694	24528	-0.0096	LG23	2793919
2695	24544	0.0169	LG22	5932831
2696	24554	0.0157	LG08	21763729
2697	24591	0.0153	LG10	15711501
2698	24600	0.0071	LG03	16874492
2699	24606	0.0025	LG08	5427658
2700	24634	-4e-04	LG10	18235054
2701	24642	0.0018	LG04	29224003
2702	24643	0.0061	LG01	8762661
2703	24659	-0.006	LG10	9903825
2704	24664	0.0474	LG22	3891485
2705	24665	0.015	LG06	14270724
2706	24671	0.0064	LG23	2294854
2707	24673	-6e-04	LG01	12331744
2708	24680	0.0274	LG07	28196913
2709	24683	-0.0076	LG08	25350262
2710	24684	0.0033	LG07	21989767
2711	24691	0.0071	LG20	8312312
2712	24734	0.0016	LG22	19495640
2713	24740	-0.0124	LG02	5175883
2714	24751	3e-04	LG05	9794993
2715	24772	-0.007	LG03	27111842
2716	24774	-7e-04	LG17	7625576
2717	24779	0	LG01	14182553
2718	24790	0.0082	LG01	21474522
2719	24796	0.0376	LG10	13900062
2720	24801	0.002	LG14	27298761
2721	24808	-0.0013	LG02	2862479
2722	24824	-0.0023	LG14	18241278
2723	24825	0.0108	LG08	10604355
2724	24833	-0.0076	LG07	26668142
2725	24840	0.0118	LG17	15615212
2726	24841	0.0269	LG16	2273141
2727	24858	-0.0067	LG16	23792390
2728	24866	-8e-04	LG01	21344701
2729	24868	0.0014	LG06	17520164
2730	24874	-0.0057	LG01	6163947
2731	24876	0.0131	LG06	3270632
2732	24895	-0.0094	LG18	4762248
2733	24910	-0.0063	LG18	19098051
2734	24921	0.013	LG04	8453954
2735	24928	0.0176	LG21	21180139
2736	24934	0.003	LG01	22930946
2737	24940	0.1996	LG07	2519292
2738	24954	0.0325	LG13	922820
2739	24955	0.014	LG19	9644125
2740	24957	7e-04	LG04	23463287
2741	24966	0.0016	LG06	2752792
2742	24976	0.0021	LG05	20961741
2743	24980	-0.0029	LG21	14333627
2744	24989	0.0029	LG01	20217301
2745	24990	0.0108	LG05	20206853
2746	24993	0.0184	LG08	17575533
2747	24994	-0.0049	LG21	12031059
2748	24999	0.0035	LG07	21196618
2749	25009	0.0053	LG20	3492816
2750	25025	0.0026	LG15	25017358
2751	25037	0.0107	LG16	4413654
2752	25046	0.0209	LG18	7796759
2753	25048	-0.0015	LG12	12140034
2754	25052	2e-04	LG20	16846288
2755	25060	0.0143	LG19	6221949
2756	25087	0.0127	LG15	19506489
2757	25091	1e-04	LG14	3830858
2758	25095	0.0102	LG01	28089675
2759	25103	0.0081	LG17	9311094
2760	25114	1e-04	LG01	9008309
2761	25129	0.0162	LG17	588319
2762	25130	0.0184	LG14	16964736
2763	25135	-0.0032	LG01	3189475
2764	25139	0.0102	LG17	2245860
2765	25161	0.0455	LG19	8010194
2766	25164	-0.0037	LG03	21493309
2767	25170	0	LG05	17962009
2768	25187	0.005	LG18	16918929
2769	25199	-0.002	LG15	25487648
2770	25208	0.0156	LG19	8213158
2771	25241	0.0032	LG12	13367902
2772	25244	-0.0046	LG23	7799122
2773	25250	0.0016	LG10	4629105
2774	25273	-0.0027	LG13	18720674
2775	25286	-7e-04	LG20	21677336
2776	25289	-0.0028	LG11	26514142
2777	25293	-0.0027	LG09	10421422
2778	25296	0.0146	LG18	17573131
2779	25306	0.0021	LG07	22562227
2780	25323	0.0952	LG13	24709216
2781	25334	-9e-04	LG04	19650453
2782	25365	0.0025	LG23	1422603
2783	25366	0.0053	LG17	5971781
2784	25378	0.0052	LG13	12217627
2785	25396	-0.0058	LG09	11014032
2786	25411	0.0025	LG12	24292619
2787	25416	0.0031	LG11	16875369
2788	25444	-0.005	LG10	22997820
2789	25450	-9e-04	LG03	24305530
2790	25478	-0.0059	LG14	2041548
2791	25479	0.0131	LG07	7866364
2792	25483	-0.0019	LG20	3304869
2793	25511	-6e-04	LG18	12211572
2794	25526	-0.0076	LG23	11553944
2795	25555	0.0094	LG05	89763
2796	25567	-0.0029	LG07	14745633
2797	25622	-0.0026	LG12	20249556
2798	25631	0.0215	LG19	16492194
2799	25641	6e-04	LG05	10857600
2800	25650	-0.0141	LG11	5808741
